0 0 257 115 264 158 263 204 262 265 287 166 239 165 303 207 245 238
235 208 208 228 274 266 291 389 285 333 251 264 247 393 246 331 0 0
;
1 0 256 115 264 158 263 204 262 265 287 166 239 165 303 207 245 238
235 208 208 228 273 266 291 389 285 333 251 264 247 392 246 331 0 0
;
2 0 256 115 263 158 263 204 262 265 286 166 239 165 302 207 243 239
235 208 208 229 273 267 291 389 284 333 251 264 247 392 246 331 0 0
;
3 0 256 115 263 158 263 204 262 265 286 166 239 166 301 207 243 239
235 208 208 230 273 267 291 389 284 333 251 265 247 392 246 331 0 0
;
4 0 255 115 263 158 262 204 262 266 286 166 239 166 299 207 241 241
236 208 210 233 273 267 291 389 284 333 251 265 247 392 246 332 0 0
;
5 0 254 115 262 158 262 204 262 266 286 166 239 166 299 207 240 242
236 207 211 235 273 267 291 389 283 333 251 265 247 392 246 332 0 0
;
6 0 253 115 262 158 262 204 261 266 284 166 239 166 297 208 240 245
237 207 214 237 272 267 291 389 284 333 251 265 247 391 246 332 0 0
;
7 0 252 116 262 158 262 204 261 266 283 166 240 166 296 208 240 247
237 207 216 237 272 267 291 389 284 333 251 265 247 391 246 332 0 0
;
8 0 250 116 261 158 261 205 261 266 281 166 240 167 295 208 241 249
236 207 218 242 271 267 291 389 283 334 251 266 247 391 247 333 0 0
;
9 0 249 116 260 158 261 205 261 267 281 166 241 167 295 208 242 251
236 207 219 241 270 268 291 389 283 334 251 266 247 392 247 333 0 0
;
10 0 246 117 259 158 260 205 260 267 280 166 241 167 294 208 244 254
236 208 223 242 269 268 291 389 283 334 251 267 247 393 247 334 0 0
;
11 0 245 117 259 157 260 205 260 267 279 166 242 167 294 207 245 255
236 208 225 242 269 268 291 389 284 334 251 267 247 393 247 335 0 0
;
12 0 243 118 258 157 259 205 259 268 278 166 241 167 293 207 248 256
236 207 228 243 268 269 291 389 285 335 251 267 247 393 247 335 0 0
;
13 0 242 119 257 157 258 205 259 268 278 165 241 167 293 206 248 257
236 207 225 248 267 269 291 389 285 335 251 267 247 393 247 335 0 0
;
14 0 239 121 257 157 258 205 259 268 277 165 240 167 293 206 249 259
235 207 225 252 267 269 291 389 285 335 251 268 247 393 247 335 0 0
;
15 0 238 122 256 157 258 205 259 269 276 165 240 167 293 206 250 260
235 207 225 255 267 269 291 389 285 335 252 268 247 393 247 335 0 1
;
16 0 238 122 255 157 257 205 259 269 275 164 239 167 292 206 251 261
234 207 213 261 267 270 291 389 285 336 252 269 247 394 247 335 0 0
;
17 0 238 122 255 157 257 205 259 269 275 164 239 167 292 206 251 261
234 207 214 261 267 270 291 389 285 336 252 269 247 394 247 336 0 0
;
18 0 238 122 255 157 257 205 259 269 275 164 238 167 291 206 252 262
234 207 217 261 267 270 291 389 285 336 252 269 247 394 247 336 0 0
;
19 0 237 123 254 157 257 205 259 269 275 164 238 167 291 206 252 262
233 207 218 260 267 270 291 389 285 336 252 269 247 394 247 336 0 0
;
20 0 237 123 254 157 257 205 260 269 274 164 238 167 290 206 253 263
233 207 215 251 268 270 291 389 285 336 252 269 247 394 247 336 0 0
;
21 0 237 123 254 157 257 205 260 269 274 164 238 167 290 206 254 263
233 207 215 251 268 270 291 389 285 336 252 269 247 394 247 336 0 0
;
22 0 238 122 254 157 257 205 261 269 275 164 238 167 291 206 257 264
233 207 216 251 269 269 291 390 284 336 253 269 246 394 247 335 0 0
;
23 0 239 122 255 157 258 205 262 268 275 164 238 167 292 206 259 265
234 207 216 251 270 268 291 390 284 336 254 268 247 393 247 335 0 0
;
24 0 241 120 256 157 259 204 263 267 277 165 240 168 296 206 266 265
235 208 232 265 272 268 291 390 284 336 254 267 247 392 247 333 0 0
;
25 0 242 119 257 158 260 204 264 267 279 165 240 169 298 206 269 266
235 209 218 254 274 267 291 389 286 334 255 267 247 391 248 332 3 0
;
26 0 248 117 260 158 262 204 265 265 284 165 240 168 303 206 279 267
235 208 217 253 277 266 292 389 288 333 255 265 247 391 248 331 0 0
;
27 0 251 117 261 158 263 204 266 265 286 166 239 167 306 207 285 267
234 207 217 253 278 266 292 389 289 333 255 264 247 390 248 331 0 0
;
28 0 257 115 265 158 265 204 266 264 292 166 240 166 310 208 297 267
243 206 239 252 279 265 293 389 292 331 255 263 247 390 248 331 0 1
;
29 0 263 114 268 158 268 203 269 261 297 166 241 163 315 209 312 263
242 202 235 252 283 262 293 388 293 328 256 261 247 390 248 331 0 1
;
30 0 265 114 269 158 269 203 270 261 298 166 241 162 318 210 320 263
241 201 228 250 283 262 293 388 294 328 256 261 246 390 248 331 0 1
;
31 0 268 114 271 158 270 202 270 260 301 166 242 162 324 207 340 256
234 199 210 238 284 260 293 388 294 326 257 260 244 391 247 331 0 1
;
32 0 269 114 271 158 271 202 270 259 302 166 242 161 327 205 352 252
229 197 198 232 284 260 294 388 294 325 257 259 243 389 246 329 0 0
;
33 0 270 114 272 158 271 202 270 259 303 165 242 161 332 200 375 235
219 193 176 216 284 259 294 387 294 323 257 259 240 387 245 328 4 2
;
34 0 270 114 272 158 271 202 270 259 302 165 242 161 338 198 384 224
215 190 167 207 284 259 294 387 294 323 257 259 240 387 245 326 2 2
;
35 0 269 114 271 158 271 202 270 259 302 164 241 161 336 191 391 212
210 188 158 197 284 259 294 387 294 323 257 259 240 387 244 325 2 2
;
36 0 268 114 270 158 269 201 269 258 300 164 237 161 337 187 398 191
200 183 144 181 283 258 294 386 294 323 255 258 240 387 244 325 2 2
;
37 0 264 114 266 157 266 201 266 257 298 163 233 160 338 181 401 177
191 177 134 171 280 258 294 387 292 324 252 257 240 386 243 325 2 2
;
38 0 263 114 264 157 264 200 264 257 296 163 231 160 337 179 402 172
188 175 129 168 278 258 294 387 290 325 250 257 240 386 242 324 2 2
;
39 0 260 114 261 157 261 200 262 257 293 163 228 160 336 175 402 166
182 172 122 164 276 257 293 387 287 328 248 257 240 386 240 324 2 2
;
40 0 259 114 260 157 260 200 261 257 292 163 226 160 335 174 402 166
182 170 120 164 275 257 292 388 285 328 247 257 240 386 239 324 2 2
;
41 0 257 114 258 157 259 200 260 257 290 162 224 160 333 172 403 166
179 168 114 163 274 257 284 392 284 329 246 257 240 386 238 325 2 2
;
42 0 256 114 257 156 258 200 259 257 290 162 223 160 333 172 402 167
178 167 113 164 274 257 282 394 284 329 245 257 240 386 238 324 2 2
;
43 0 255 113 256 156 257 200 258 257 289 161 222 159 333 171 400 170
175 165 112 165 273 257 278 396 281 330 244 257 239 386 238 324 2 2
;
44 0 255 113 256 156 257 200 258 257 289 161 221 159 334 170 398 170
174 165 111 165 272 257 276 397 278 330 243 257 239 386 238 325 2 2
;
45 0 255 112 256 156 257 200 257 258 289 161 221 159 334 170 399 171
174 165 112 163 272 258 276 398 276 332 243 258 239 387 237 329 2 2
;
46 0 256 112 257 156 257 200 257 258 290 161 222 159 335 170 399 171
175 165 112 163 272 258 276 399 276 333 243 258 239 388 237 331 2 2
;
47 0 257 112 258 155 258 200 258 259 291 160 222 159 337 170 399 171
176 165 112 162 273 259 276 399 277 333 243 259 239 389 235 332 2 2
;
48 0 257 111 258 155 258 200 258 259 291 160 222 159 337 170 399 171
176 164 112 162 273 259 276 399 278 332 243 259 237 391 234 332 2 2
;
49 0 257 111 258 155 258 200 258 259 291 159 223 159 338 169 400 170
177 164 111 163 273 259 276 399 278 332 243 259 231 396 232 332 0 2
;
50 0 257 111 258 155 258 200 258 260 291 159 222 158 338 169 400 170
176 164 111 163 273 260 276 399 278 332 243 260 228 400 232 333 0 2
;
51 0 256 111 257 155 257 200 258 261 290 159 221 159 338 169 400 167
174 164 109 162 273 260 275 398 279 331 243 261 227 401 231 334 2 2
;
52 0 255 110 256 155 257 200 257 261 290 159 221 159 337 168 400 166
172 164 108 162 272 261 275 398 279 332 242 262 227 401 231 335 2 2
;
53 0 254 110 255 155 255 201 256 262 289 159 219 159 337 168 401 165
171 164 107 162 271 262 275 398 278 332 241 262 226 401 231 335 2 2
;
54 0 253 110 254 155 255 201 255 262 289 159 218 158 336 168 401 164
170 164 106 161 270 262 275 398 277 332 240 262 226 401 230 335 2 2
;
55 0 252 110 253 155 254 201 254 262 288 159 217 158 335 168 400 164
168 164 104 160 269 262 275 397 277 332 238 262 226 401 229 334 2 2
;
56 0 251 110 253 155 253 201 253 262 287 159 216 158 335 168 400 164
168 164 103 160 269 262 275 397 277 332 238 263 226 400 229 333 2 2
;
57 0 251 109 252 155 252 201 253 263 286 159 215 158 334 168 400 164
167 164 103 161 268 262 275 396 276 331 237 263 226 400 228 333 2 2
;
58 0 250 109 252 155 252 201 252 263 286 159 215 158 334 168 400 165
166 164 102 162 268 263 275 396 276 331 237 263 226 400 228 333 2 2
;
59 0 249 109 251 154 251 201 252 263 286 159 214 158 333 168 400 165
166 164 102 163 267 263 275 396 276 331 236 263 226 399 228 333 2 2
;
60 0 249 109 251 154 251 201 252 263 285 159 214 158 333 168 400 165
166 164 102 164 267 263 275 396 276 332 236 263 226 399 228 333 2 2
;
61 0 249 109 250 155 251 201 251 263 285 159 213 158 332 168 400 166
165 165 102 164 267 263 275 396 275 332 236 263 226 399 227 333 2 2
;
62 0 249 109 250 154 251 201 251 263 285 159 213 158 332 168 400 166
165 165 98 164 266 263 275 396 275 332 235 263 226 399 227 333 2 2
;
63 0 248 109 250 154 250 201 251 263 285 159 213 158 332 168 400 167
165 165 102 166 266 263 275 396 275 331 235 263 226 398 227 333 2 2
;
64 0 248 109 250 154 250 201 251 263 285 159 213 158 332 168 400 167
165 165 102 166 266 263 275 396 275 331 235 263 226 398 227 333 2 2
;
65 0 248 109 250 154 250 201 250 263 284 159 213 158 332 167 400 162
165 165 102 163 266 263 275 396 275 331 235 263 226 398 227 333 2 2
;
66 0 248 109 250 154 250 201 250 263 284 159 213 158 331 164 401 155
164 163 97 157 266 263 275 396 275 331 235 263 226 398 227 333 2 2
;
67 0 248 109 250 154 250 201 250 263 285 158 212 157 335 152 401 128
164 152 103 134 266 263 275 396 274 331 235 263 226 398 227 333 2 2
;
68 0 248 109 250 154 250 201 250 263 285 158 212 157 333 144 392 112
165 144 105 118 266 262 275 396 274 331 235 263 226 398 227 332 2 0
;
69 0 248 109 250 154 250 200 250 261 285 156 212 155 326 128 380 71
166 130 115 78 265 261 275 396 274 331 235 261 226 398 227 332 2 2
;
70 0 248 109 250 154 250 199 250 260 285 153 212 152 325 121 363 57
169 123 128 62 265 260 274 396 274 330 234 260 226 398 226 332 0 2
;
71 0 248 109 250 153 250 198 250 259 283 151 213 149 315 107 329 34
178 109 159 38 265 259 275 396 274 330 234 258 226 398 226 332 4 0
;
72 0 248 109 250 152 250 198 249 258 282 149 214 147 306 102 312 26
186 103 176 32 265 258 275 396 274 329 234 258 226 398 226 331 4 2
;
73 0 248 108 250 152 250 197 249 256 280 147 215 145 297 96 281 32
194 98 206 26 265 256 275 396 273 328 234 255 226 398 226 331 0 2;
74 0 248 109 250 152 250 195 249 251 280 146 216 144 287 92 257 34
202 97 233 28 266 252 275 396 273 328 233 251 226 398 226 330 0 1;
75 0 248 109 250 152 250 195 249 250 280 145 216 144 284 91 245 27
203 97 237 35 265 251 275 396 273 328 232 249 226 398 226 330 1 1;
76 0 248 109 250 152 250 194 249 250 279 144 216 144 283 90 247 23
204 97 236 30 265 251 275 396 273 328 232 249 226 398 226 329 1 1;
77 0 249 109 250 152 250 194 249 250 279 144 216 144 288 93 271 26
201 97 208 27 265 251 275 396 273 328 232 249 226 398 226 329 1 2;
78 0 249 109 250 152 250 194 249 252 279 144 216 144 295 97 288 26
194 100 188 30 265 252 275 396 273 328 233 251 226 398 226 329 0 2
;
79 0 248 109 250 152 250 195 249 255 280 146 216 145 309 105 327 31
178 108 150 41 265 256 274 396 273 328 233 255 226 398 226 330 2 0
;
80 0 248 108 250 152 250 196 249 257 282 149 214 148 320 118 362 48
171 123 123 64 265 258 274 396 273 329 233 257 226 398 226 330 2 2
;
81 0 248 108 250 152 249 197 249 258 282 150 214 149 322 122 373 60
167 124 114 76 264 258 275 396 273 329 233 258 226 398 226 331 2 2
;
82 0 247 108 250 152 249 198 249 259 283 151 213 151 329 132 388 81
166 135 103 97 264 260 275 396 273 330 233 259 226 398 226 331 2 2
;
83 0 247 108 249 152 249 198 249 260 283 152 213 152 330 136 392 91
165 140 101 107 264 260 275 396 273 330 233 260 226 398 226 331 2 2
;
84 0 247 108 249 152 249 199 249 261 283 153 212 153 333 142 398 109
165 147 105 127 264 261 275 396 273 330 233 261 226 398 226 332 2 2
;
85 0 246 108 249 152 249 199 249 261 283 153 212 153 333 146 399 117
165 149 104 133 264 261 275 396 273 330 233 261 226 398 226 332 2 2
;
86 0 246 108 249 152 249 199 249 262 282 154 212 154 333 150 396 130
165 154 104 144 264 262 275 396 273 331 233 262 226 398 226 332 2 2
;
87 0 246 107 249 153 249 199 249 262 282 154 212 154 333 152 396 134
165 156 104 149 264 262 275 396 273 331 233 262 226 398 226 332 2 2
;
88 0 246 107 249 153 249 200 249 262 282 155 212 155 332 155 396 142
166 160 103 156 264 263 275 396 274 331 233 262 226 398 226 332 2 2
;
89 0 246 107 249 153 249 200 249 263 282 155 212 155 332 156 396 145
165 161 103 159 264 263 275 396 274 332 233 263 226 398 226 332 2 2
;
90 0 246 107 249 153 249 200 249 263 282 155 212 156 331 158 397 149
167 164 99 162 264 263 275 396 274 332 233 263 226 399 226 332 2 2
;
91 0 246 107 249 153 249 200 249 263 282 155 212 156 331 158 398 150
167 164 99 163 265 263 275 396 274 332 233 263 226 399 226 333 2 2
;
92 0 246 107 249 153 249 200 249 263 282 156 212 156 331 159 398 151
167 165 101 161 265 263 275 396 274 332 233 263 226 399 226 333 2 2
;
93 0 246 107 249 153 249 200 249 263 282 156 212 156 331 159 397 151
167 165 101 160 265 263 275 396 274 332 233 263 226 399 226 333 2 2
;
94 0 246 107 249 153 249 200 249 263 282 156 212 156 330 160 397 152
166 164 101 157 265 263 275 396 274 332 233 264 226 399 226 333 2 2
;
95 0 246 107 249 153 249 200 249 264 282 156 212 156 330 160 397 152
166 164 102 156 265 263 275 396 274 332 233 264 226 399 226 333 2 2
;
96 0 246 107 249 153 249 201 249 264 282 156 212 156 329 161 397 153
166 164 101 155 265 264 275 396 274 332 233 264 226 399 226 333 2 2
;
97 0 246 107 249 153 249 201 249 264 282 156 212 156 329 161 396 154
166 163 101 155 265 264 275 396 274 332 233 264 226 398 226 333 2 2
;
98 0 246 107 249 153 249 201 249 264 282 156 212 156 329 161 396 155
166 163 102 154 265 264 275 396 274 332 233 264 226 398 226 333 2 2
;
99 0 246 107 249 153 249 201 249 264 282 156 212 156 329 162 398 155
166 162 102 155 265 264 275 396 274 332 233 264 226 398 226 333 2 2
;
100 0 246 107 248 153 249 201 249 264 282 156 212 156 329 162 397 155
166 162 102 154 265 264 275 396 274 332 233 264 226 398 226 333 2 2
;
101 0 246 108 248 153 249 201 249 264 282 157 212 156 329 162 397 155
165 162 101 154 265 264 275 396 274 332 233 264 226 398 225 333 2 2
;
102 0 246 107 248 153 249 201 249 264 282 157 212 156 329 162 398 155
165 162 101 153 264 264 275 396 274 332 233 264 226 398 225 333 2 2
;
103 0 246 107 248 153 249 201 249 264 282 157 212 156 329 162 398 155
165 162 101 153 264 264 275 396 274 332 233 264 226 398 225 333 2 2
;
104 0 246 107 248 153 249 201 249 264 282 157 212 156 329 162 397 155
165 161 101 152 264 264 274 396 273 332 233 264 226 398 225 332 2 2
;
105 0 246 107 248 153 249 201 249 264 282 157 212 156 329 162 397 155
165 161 101 152 264 264 274 396 273 332 233 264 226 398 225 332 2 2
;
106 0 246 107 248 153 248 201 249 264 282 157 212 156 328 162 397 155
165 161 101 153 264 264 274 396 273 332 233 264 226 398 225 332 2 2
;
107 0 246 107 248 153 248 201 248 264 282 157 212 156 328 162 397 156
165 161 101 154 264 264 274 396 273 332 233 264 226 398 225 333 2 2
;
108 0 246 107 248 153 248 201 248 264 282 157 212 156 328 163 397 157
165 161 102 156 264 264 274 396 273 332 233 264 226 398 225 332 2 2
;
109 0 246 107 248 154 248 201 248 264 282 157 212 156 328 163 398 157
165 162 95 156 264 264 274 396 273 332 233 264 226 398 225 332 2 2
;
110 0 246 107 248 154 248 201 248 264 282 157 211 156 328 163 398 158
165 162 97 158 264 264 274 396 273 332 233 264 226 398 225 332 2 2
;
111 0 246 107 248 154 248 201 248 264 282 157 211 156 328 163 398 158
165 162 96 157 264 264 274 397 273 332 233 264 226 398 225 332 2 2
;
112 0 246 108 248 154 248 201 248 264 282 157 211 156 328 162 398 152
165 161 103 153 264 264 274 396 273 332 233 264 226 398 225 332 2 2
;
113 0 246 108 248 154 248 201 248 264 282 157 211 156 329 159 396 144
165 159 103 146 264 264 274 396 273 332 232 264 226 398 225 332 2 2
;
114 0 246 108 248 153 248 201 248 263 282 156 211 155 330 148 390 121
165 149 105 123 264 263 274 397 273 332 232 263 226 398 225 332 2 2
;
115 0 246 108 248 153 248 200 248 263 282 155 211 155 328 141 394 100
165 142 104 106 264 263 274 397 273 332 232 263 226 398 225 332 2 2
;
116 0 246 108 248 153 248 200 248 262 282 154 210 153 321 127 372 65
167 124 120 71 263 262 274 397 273 332 232 262 226 398 225 332 2 0
;
117 0 246 108 248 153 248 199 248 261 282 153 211 152 319 117 356 50
173 120 136 58 263 261 274 397 273 332 232 261 226 398 225 332 2 2
;
118 0 246 108 248 152 248 198 247 260 282 152 211 150 309 105 317 35
183 106 170 33 263 260 274 397 272 331 232 260 226 398 225 331 0 2
;
119 0 246 108 248 152 248 198 247 259 280 149 212 146 303 101 300 31
189 97 189 26 263 259 274 397 272 330 232 258 226 398 224 331 0 2;
120 0 246 108 248 152 248 197 247 255 279 147 214 145 294 97 271 31
198 98 221 27 263 256 274 397 272 330 231 255 226 398 224 331 0 2;
121 0 246 108 248 151 248 195 247 252 278 146 215 145 290 94 260 30
200 97 231 32 264 253 274 397 272 330 231 252 226 398 225 330 0 1;
122 0 246 108 248 151 248 194 247 249 278 144 216 144 286 91 260 30
202 96 234 27 264 250 274 397 271 329 230 248 226 398 225 329 1 1;
123 0 246 108 248 151 248 194 247 250 278 144 217 144 288 92 269 26
202 96 221 27 264 250 274 397 271 329 231 249 226 398 225 329 0 1;
124 0 246 108 249 151 248 194 247 253 278 144 216 144 298 99 301 26
190 99 186 28 263 254 274 396 271 329 231 253 226 398 225 329 0 0;
125 0 246 108 248 151 248 195 247 255 278 146 215 144 307 104 321 28
184 105 167 36 263 255 274 397 271 329 231 254 226 398 224 329 0 0
;
126 0 246 108 248 151 248 196 247 256 278 146 213 146 317 115 358 46
174 115 134 52 263 257 274 397 271 330 231 256 226 398 224 331 0 2
;
127 0 246 108 248 151 248 196 247 257 280 149 213 148 320 122 370 59
170 121 120 62 263 258 274 397 271 330 231 257 226 398 224 331 2 2
;
128 0 246 108 248 151 247 197 247 258 280 150 212 149 325 133 385 81
165 132 110 90 262 259 274 397 272 331 231 258 226 398 224 331 2 2
;
129 0 246 108 248 152 247 197 247 259 280 151 211 150 327 135 391 90
164 135 100 95 262 259 274 396 272 331 231 259 226 398 224 331 2 2
;
130 0 246 108 247 152 247 198 247 260 281 152 211 151 331 142 395 108
163 142 96 114 262 260 274 396 272 331 231 260 226 398 224 331 2 2
;
131 0 246 108 247 152 247 198 247 260 281 153 211 152 332 145 395 117
163 146 102 125 262 260 274 396 272 331 231 260 226 398 224 331 2 2
;
132 0 245 108 247 152 247 199 247 261 281 154 211 152 331 151 398 128
163 152 102 136 262 261 274 396 272 332 231 261 226 398 224 331 2 2
;
133 0 245 108 247 153 247 199 247 261 281 154 211 153 331 152 393 134
164 154 102 140 262 261 274 396 272 332 231 261 226 398 224 331 2 2
;
134 0 245 108 247 153 247 200 247 262 280 155 210 154 329 155 395 141
164 157 102 147 262 262 274 397 272 332 231 262 226 398 224 331 2 2
;
135 0 245 108 247 153 247 200 247 262 280 155 210 154 329 157 396 143
164 158 102 150 262 262 274 397 272 332 231 262 226 398 224 331 2 2
;
136 0 245 108 246 153 247 200 247 262 280 156 210 154 328 159 395 148
165 161 101 153 262 262 274 397 272 332 231 262 226 398 224 332 2 2
;
137 0 245 108 246 153 246 200 247 263 280 156 210 155 328 160 393 150
165 161 101 155 262 262 274 397 272 332 231 263 226 398 224 332 2 2
;
138 0 245 108 246 153 246 200 247 263 280 156 210 155 327 161 395 152
165 163 101 157 262 263 274 397 272 332 231 263 226 398 224 332 2 2
;
139 0 245 108 246 153 246 200 247 263 280 157 210 155 327 161 395 152
165 163 101 157 262 263 274 397 272 332 231 263 226 398 224 332 2 2
;
140 0 245 108 246 153 246 200 247 263 280 157 210 155 326 162 395 152
165 163 101 157 262 263 274 396 272 332 231 263 226 398 224 332 2 2
;
141 0 245 108 246 153 246 200 247 263 280 157 210 155 326 162 395 152
165 163 101 157 262 263 274 396 272 332 231 263 226 398 224 332 2 2
;
142 0 245 108 246 153 246 200 246 263 280 157 210 155 326 162 392 152
164 163 101 156 262 263 274 397 272 332 231 263 226 398 224 332 2 2
;
143 0 245 108 246 153 246 200 246 263 280 157 210 155 326 162 392 151
164 163 101 156 262 263 274 396 272 332 231 263 226 398 224 332 2 2
;
144 0 245 108 246 154 246 201 246 263 280 157 210 155 326 162 393 151
164 163 101 155 262 263 274 396 272 332 231 263 226 398 224 332 2 2
;
145 0 245 108 246 154 246 201 246 263 280 157 210 155 326 162 394 151
164 163 101 155 262 263 274 396 272 332 231 263 226 398 224 332 2 2
;
146 0 245 108 246 154 246 201 246 263 280 157 210 155 326 162 392 151
164 163 101 155 262 263 274 396 272 332 231 263 226 398 224 332 2 2
;
147 0 245 108 246 154 246 201 246 263 280 157 210 155 326 162 391 151
164 163 101 155 262 263 274 396 272 332 231 263 226 398 224 332 2 2
;
148 0 245 108 246 154 246 201 246 263 280 157 210 155 326 162 391 151
164 163 101 155 262 263 274 396 272 332 231 263 226 398 224 332 2 2
;
149 0 245 108 246 154 246 201 246 263 280 157 210 155 326 162 391 151
164 163 101 155 262 263 274 397 272 332 231 263 226 398 224 332 2 2
;
150 0 245 108 246 154 246 201 246 263 280 157 210 155 326 162 394 151
164 163 101 155 262 263 274 397 272 332 231 263 226 398 224 332 2 2
;
151 0 245 108 246 154 246 201 246 263 280 157 210 156 326 162 392 151
164 163 101 155 262 263 274 397 272 332 231 263 226 398 224 332 2 2
;
152 0 245 108 246 154 246 201 246 263 280 157 210 156 326 162 392 151
164 163 101 155 262 263 274 396 272 332 231 263 226 398 224 332 2 2
;
153 0 245 108 246 154 246 201 246 263 280 157 210 156 326 162 394 152
164 163 101 155 262 263 274 396 272 332 231 263 226 398 224 332 2 2
;
154 0 245 108 246 154 246 201 246 263 280 157 210 156 326 162 392 152
164 163 101 155 262 263 274 397 272 332 231 263 226 398 224 332 2 2
;
155 0 245 108 246 154 246 201 246 263 280 157 210 156 326 162 394 153
164 163 101 156 262 263 274 396 272 332 231 263 226 399 224 332 2 2
;
156 0 245 108 246 154 246 201 246 263 280 157 210 156 326 162 394 153
164 163 101 156 262 263 274 396 272 332 231 263 226 399 224 332 2 2
;
157 0 245 108 246 154 246 201 246 263 280 157 210 156 326 162 394 151
164 163 101 155 262 263 274 396 272 332 231 263 226 399 224 332 2 2
;
158 0 245 108 246 154 246 201 246 263 280 157 210 156 326 161 394 147
164 163 101 153 262 263 274 396 272 332 231 263 226 399 224 332 2 2
;
159 0 245 108 246 154 246 201 246 263 280 157 210 156 329 154 390 132
165 157 103 138 262 263 274 396 272 332 231 263 226 398 224 332 2 2
;
160 0 245 108 246 154 246 201 246 263 281 157 211 155 329 148 390 118
165 151 104 126 262 263 274 396 272 332 231 263 226 398 224 332 2 2
;
161 0 246 108 247 153 247 200 247 262 281 155 211 154 324 135 379 84
163 137 108 90 262 263 274 396 272 332 231 262 226 398 224 332 4 2
;
162 0 246 108 247 153 247 200 247 262 282 154 211 154 321 127 364 69
165 129 119 73 262 262 274 396 272 332 231 261 226 398 224 332 4 2
;
163 0 246 108 247 153 247 199 247 261 282 153 211 151 314 112 333 42
173 115 151 44 262 261 274 396 271 332 231 260 226 398 224 331 0 0
;
164 0 247 108 247 152 247 198 246 260 281 151 211 151 308 105 314 36
183 110 169 35 262 260 274 396 271 332 231 260 226 398 224 331 0 0
;
165 0 247 108 248 152 247 197 246 257 279 147 213 146 299 99 284 35
193 100 201 27 262 258 274 396 271 330 231 257 226 398 224 330 0 2
;
166 0 247 108 248 152 247 197 247 255 279 146 214 145 292 96 269 28
196 99 215 25 263 256 274 396 271 330 231 255 226 398 224 330 0 2;
167 0 247 108 248 152 248 194 246 250 278 143 216 144 284 90 252 29
202 96 232 32 263 251 274 396 271 330 230 249 226 398 224 329 1 1;
168 0 247 108 248 152 248 194 246 249 278 142 216 143 283 90 247 23
204 96 236 29 263 250 274 396 271 329 230 248 226 398 224 328 1 1;
169 0 247 108 249 152 248 194 246 248 277 139 216 143 283 90 259 27
204 95 230 26 263 249 274 396 271 329 230 248 226 398 224 328 1 1;
170 0 247 108 249 152 248 194 247 249 277 139 216 143 285 91 268 28
203 96 220 29 263 250 274 396 271 329 230 248 226 398 224 328 1 0;
171 0 247 108 248 152 248 194 247 252 277 142 215 142 293 94 292 25
196 98 196 29 263 252 274 396 271 329 230 252 226 398 224 328 0 2;
172 0 247 108 248 152 248 195 247 254 277 144 215 142 301 100 306 25
189 103 182 33 263 254 274 396 271 329 231 253 226 398 224 329 0 2
;
173 0 247 108 248 152 247 196 246 256 279 147 215 143 310 108 334 40
182 111 153 42 262 256 274 396 271 330 231 255 226 398 224 330 0 2
;
174 0 247 108 248 152 247 196 247 256 279 146 214 146 314 111 349 45
179 116 140 48 262 256 274 396 271 330 231 256 226 398 224 330 0 2
;
175 0 246 108 248 152 247 197 247 257 280 149 213 148 320 122 372 64
171 123 121 68 262 258 274 396 271 331 231 257 226 398 224 330 2 2
;
176 0 246 108 248 152 247 197 247 258 280 150 212 149 323 126 375 77
170 127 114 76 262 258 274 396 271 331 231 257 226 398 224 330 2 2
;
177 0 246 108 248 152 247 197 247 259 281 151 212 150 327 135 388 92
166 134 111 95 262 259 274 396 271 331 231 259 226 398 224 331 2 2
;
178 0 246 108 248 152 247 198 247 259 281 152 212 150 329 138 390 102
165 137 102 98 262 260 274 396 271 332 231 259 226 398 224 331 2 2
;
179 0 246 108 247 152 247 198 247 260 281 153 212 151 330 146 391 118
164 143 99 111 262 260 274 396 271 332 231 260 226 398 224 331 2 2
;
180 0 246 108 247 153 247 199 247 260 281 154 212 152 330 149 394 124
164 146 97 117 262 261 274 396 271 332 231 260 226 398 224 331 2 2
;
181 0 246 108 247 153 247 199 247 261 281 155 212 153 329 154 395 136
165 152 104 132 262 261 274 396 272 332 231 261 226 398 224 331 2 2
;
182 0 246 108 247 153 247 199 247 261 281 155 212 153 329 156 395 141
165 154 104 137 262 262 274 396 272 332 231 261 226 398 224 331 2 2
;
183 0 246 108 247 153 247 200 246 262 281 156 212 154 328 160 395 149
165 157 104 145 262 262 274 396 272 332 231 262 226 398 224 331 2 2
;
184 0 246 108 247 153 247 200 246 262 281 156 212 154 327 161 395 152
165 159 104 148 262 262 274 397 271 333 231 262 226 398 224 331 2 2
;
185 0 246 108 247 154 247 200 246 262 281 157 212 154 326 163 395 156
165 161 103 153 262 263 274 397 271 333 231 262 226 398 224 331 2 2
;
186 0 246 108 247 154 247 200 246 262 281 157 212 155 326 163 394 157
165 162 103 155 262 263 274 397 271 333 231 262 226 398 223 331 2 2
;
187 0 246 108 247 154 247 200 246 263 281 157 212 155 325 165 396 159
165 163 103 157 262 263 274 397 271 333 231 263 226 398 223 332 2 2
;
188 0 246 108 247 154 247 201 246 263 281 157 212 155 325 165 396 159
165 164 103 157 262 263 274 397 271 333 231 263 226 398 223 332 2 2
;
189 0 246 108 247 154 247 201 246 263 281 157 212 155 325 165 396 158
165 164 102 157 262 263 274 396 271 333 231 263 226 398 223 332 2 2
;
190 0 246 108 247 154 247 201 246 263 281 158 212 155 325 165 395 158
164 164 102 157 262 263 274 396 271 333 231 263 226 398 223 332 2 2
;
191 0 246 108 247 154 247 201 246 263 280 158 212 156 325 165 391 157
164 165 102 157 262 263 274 396 271 333 231 263 226 398 223 332 2 2
;
192 0 246 108 247 154 247 201 246 263 280 158 212 156 325 165 393 157
164 165 102 157 262 263 274 396 271 333 231 263 226 398 223 332 2 2
;
193 0 246 108 246 154 246 201 246 263 280 158 212 156 325 165 392 157
164 165 102 157 262 263 274 396 271 333 231 263 226 398 223 332 2 2
;
194 0 246 108 246 154 246 201 246 263 280 158 212 156 325 165 393 156
164 165 102 157 262 263 274 396 271 333 231 263 226 398 223 332 2 2
;
195 0 246 108 246 154 246 201 246 263 280 158 211 156 325 165 393 157
164 165 102 158 262 263 274 396 271 333 231 263 226 398 223 332 2 2
;
196 0 246 108 246 154 246 201 246 263 280 158 211 156 325 165 393 157
164 166 102 159 262 263 274 396 271 333 231 263 226 398 223 332 2 2
;
197 0 246 108 246 154 246 201 246 263 280 158 211 156 325 165 392 157
165 166 103 159 262 263 274 397 271 333 231 263 226 398 223 332 2 2
;
198 0 246 108 246 154 246 201 246 263 280 158 211 156 325 165 392 158
165 166 103 160 262 263 274 397 271 333 231 263 226 398 223 332 2 2
;
199 0 246 108 246 154 246 201 246 263 280 158 211 156 325 165 392 158
165 166 103 159 262 264 274 397 271 333 231 263 226 398 223 332 2 2
;
200 0 246 108 246 154 246 201 246 263 280 158 211 156 325 165 392 158
165 166 103 159 262 264 274 397 271 333 231 263 226 398 223 332 2 2
;
201 0 246 108 246 154 246 201 246 263 280 158 211 156 325 165 393 158
165 166 103 159 262 264 274 397 271 333 231 263 226 398 223 332 2 2
;
202 0 246 108 246 154 246 201 246 263 280 158 211 156 325 165 393 158
165 166 103 159 262 264 274 397 271 333 231 263 226 398 223 332 2 2
;
203 0 246 108 246 154 246 201 246 263 280 158 211 156 325 165 394 158
165 166 103 159 262 264 274 397 272 333 231 263 226 398 223 332 2 2
;
204 0 246 108 246 154 246 201 246 263 280 158 211 156 325 165 394 158
165 166 103 160 262 264 274 397 272 333 231 263 226 398 223 332 2 2
;
205 0 246 108 246 154 246 201 246 263 280 158 211 156 325 165 395 159
166 166 103 161 262 264 274 397 272 333 231 263 226 398 223 332 2 2
;
206 0 246 108 246 154 246 201 246 263 280 158 211 156 325 165 395 158
166 166 103 162 262 264 274 397 272 333 231 263 226 398 223 332 2 2
;
207 0 246 108 246 154 246 201 246 263 280 158 211 156 326 161 391 146
165 162 103 153 262 264 274 396 271 333 231 263 226 398 223 332 2 2
;
208 0 246 108 247 154 246 201 246 263 281 157 211 155 329 147 389 118
165 150 105 126 262 263 274 396 271 333 231 263 226 398 223 332 2 2
;
209 0 246 108 247 154 247 200 247 262 281 155 211 154 329 136 389 97
166 141 104 107 262 263 274 396 271 333 231 262 226 398 223 332 0 2
;
210 0 246 109 247 154 247 200 247 261 281 154 211 152 320 123 364 66
166 126 119 70 262 261 274 397 271 333 231 261 226 398 223 332 2 0
;
211 0 246 109 247 153 247 199 246 260 281 154 211 151 317 114 355 46
174 118 134 58 262 261 274 397 271 333 231 260 226 398 223 331 2 0
;
212 0 246 109 247 153 247 198 246 259 281 153 212 148 308 105 321 34
179 106 161 35 262 260 274 397 271 332 231 259 226 398 223 331 4 2
;
213 0 246 109 247 153 247 198 246 258 279 149 212 146 303 101 307 26
186 102 175 30 262 259 274 397 271 331 231 258 226 398 223 330 0 2
;
214 0 247 109 248 152 247 197 246 255 278 145 214 144 296 96 281 32
195 98 202 24 262 255 274 397 271 330 230 254 226 398 223 330 0 0;
215 0 247 109 248 152 247 196 246 253 278 145 214 143 292 95 271 31
197 94 214 25 262 253 274 397 271 330 230 252 226 398 223 329 0 0;
216 0 247 109 248 152 248 195 247 250 278 144 215 142 286 91 255 30
201 95 230 35 263 250 274 396 271 329 230 249 226 398 224 329 1 1;
217 0 247 109 248 152 248 194 246 249 278 144 215 142 285 90 253 29
202 95 234 34 263 250 274 396 271 329 230 248 226 398 224 329 1 1;
218 0 246 109 248 152 248 194 247 249 278 143 216 142 285 90 265 27
203 96 225 27 263 249 274 396 271 329 230 248 226 398 224 329 1 1;
219 0 246 109 248 152 248 194 247 249 278 143 216 142 289 93 275 25
201 97 214 26 263 250 274 397 271 329 230 249 226 398 224 329 1 0;
220 0 247 109 248 152 248 195 246 253 278 144 216 142 298 99 303 25
194 99 186 29 262 253 274 397 271 329 230 252 226 398 224 329 0 2;
221 0 247 109 248 152 248 195 246 254 278 144 215 143 304 102 318 28
188 104 172 35 262 254 274 397 271 329 231 253 226 398 224 329 0 2
;
222 0 247 109 248 152 248 196 247 255 278 145 214 145 313 110 344 42
180 112 145 42 262 256 274 397 271 330 231 255 226 398 224 329 2 2
;
223 0 247 109 248 152 248 196 247 256 279 145 214 146 316 114 356 48
177 115 135 52 262 256 274 397 271 330 231 255 226 398 224 329 2 2
;
224 0 247 109 248 152 247 197 247 257 281 149 213 147 322 124 374 66
171 123 118 67 262 258 274 396 271 331 231 257 226 398 224 330 2 2
;
225 0 246 109 248 152 247 197 247 258 281 150 213 148 324 128 378 78
166 125 113 76 262 258 274 396 271 331 231 257 226 398 224 330 2 2
;
226 0 246 109 248 152 247 198 247 259 281 151 212 150 327 134 391 92
167 133 109 95 262 259 274 396 271 332 231 258 226 398 224 330 2 2
;
227 0 246 109 248 152 247 198 247 259 281 152 212 150 328 138 394 100
166 136 101 98 262 260 274 396 271 332 231 259 226 398 224 330 2 2
;
228 0 246 109 248 153 247 198 247 260 281 153 212 151 331 144 395 115
165 142 99 112 262 260 274 396 271 332 231 260 226 398 224 330 2 2
;
229 0 246 109 248 153 247 199 247 260 281 154 212 152 331 147 391 122
164 145 104 122 262 261 274 396 271 332 231 260 226 398 224 331 2 2
;
230 0 246 109 248 153 247 199 246 261 281 155 212 153 331 152 396 131
165 150 105 132 262 261 274 396 271 332 231 261 226 398 224 331 2 2
;
231 0 246 109 248 153 247 199 246 261 281 155 212 153 330 153 392 136
165 152 105 137 262 262 274 396 271 332 231 261 226 398 223 331 2 2
;
232 0 246 109 248 153 247 200 246 262 281 156 212 153 329 156 392 142
166 156 105 144 262 262 274 396 271 332 231 261 226 398 223 331 2 2
;
233 0 246 109 248 154 247 200 246 262 281 156 212 154 329 157 395 144
166 157 105 147 262 262 274 396 271 332 231 262 226 398 223 331 2 2
;
234 0 246 109 248 154 247 200 246 262 281 156 212 154 329 159 395 147
166 160 105 152 262 263 274 396 271 332 231 262 226 398 223 331 2 2
;
235 0 246 109 248 154 247 200 246 262 281 156 212 154 328 159 396 147
166 161 105 153 262 263 274 396 271 332 231 262 226 398 223 331 2 2
;
236 0 246 109 248 154 247 200 246 263 281 157 212 155 328 160 394 149
166 162 104 155 262 263 274 396 271 332 231 262 226 398 223 332 2 2
;
237 0 246 109 248 154 247 200 246 263 281 157 212 155 328 160 393 149
167 163 104 156 262 263 274 396 271 333 231 262 226 398 223 332 2 2
;
238 0 246 109 248 154 247 201 246 263 281 157 212 155 327 161 393 149
167 164 104 158 262 263 274 396 271 333 231 263 226 398 223 332 2 2
;
239 0 246 109 248 154 247 201 246 263 281 157 212 155 327 161 394 149
167 165 104 159 262 263 274 396 271 333 230 263 226 398 223 332 2 2
;
240 0 246 109 248 154 247 201 246 263 281 157 212 156 327 161 393 150
167 166 104 161 262 263 274 396 271 333 230 263 226 398 223 332 2 2
;
241 0 246 109 248 154 247 201 246 263 281 157 212 156 327 161 393 150
167 166 105 161 262 263 274 396 271 333 230 263 226 398 223 332 2 2
;
242 0 246 109 248 154 247 201 246 263 281 157 212 156 327 161 394 150
168 167 105 161 262 263 274 397 271 333 230 263 226 398 223 332 2 2
;
243 0 246 109 247 154 247 201 246 263 281 157 212 156 327 161 393 150
168 167 105 161 262 263 274 397 271 333 231 263 226 398 223 332 2 2
;
244 0 246 109 247 154 247 201 246 263 281 157 212 156 327 161 393 150
168 167 105 160 262 264 274 397 271 333 231 263 226 398 223 332 2 2
;
245 0 246 109 247 154 247 201 246 263 281 157 212 156 327 161 393 151
168 167 105 159 262 264 274 397 271 333 231 263 226 398 223 332 2 2
;
246 0 246 109 247 154 247 201 246 263 281 157 212 156 327 161 394 151
168 167 105 159 262 264 274 396 272 333 231 263 226 398 223 332 2 2
;
247 0 246 109 247 154 247 201 246 263 281 157 212 156 327 161 394 151
168 167 105 158 262 264 274 396 272 333 231 263 226 398 223 332 2 2
;
248 0 246 109 247 154 247 201 246 263 281 157 212 156 327 161 394 151
168 167 105 158 262 264 274 397 272 333 231 263 226 398 223 332 2 2
;
249 0 246 109 247 154 247 201 246 264 281 157 212 156 327 161 394 151
168 167 105 158 262 264 274 397 272 333 231 263 226 398 223 332 2 2
;
250 0 246 109 247 154 247 201 246 264 281 157 212 156 327 161 394 151
168 167 106 159 262 264 274 397 272 333 231 263 226 398 223 332 2 2
;
251 0 246 109 247 154 247 201 246 264 281 157 212 156 327 162 394 152
168 167 105 159 262 264 274 397 272 333 231 263 226 398 223 332 2 2
;
252 0 246 109 247 154 247 201 246 264 281 157 212 156 327 162 395 153
168 167 105 160 262 264 274 397 272 333 231 263 226 398 223 332 2 2
;
253 0 246 109 247 154 247 201 246 264 281 157 212 156 327 162 395 153
168 167 105 159 262 264 274 397 272 333 231 263 226 398 223 332 2 2
;
254 0 246 109 247 154 247 201 246 264 281 157 212 156 327 161 396 146
167 164 105 153 262 264 274 397 272 333 231 263 226 398 223 332 2 2
;
255 0 246 109 247 154 247 201 246 263 281 157 212 156 328 157 396 136
166 160 106 145 262 264 274 397 272 333 231 263 226 398 223 332 2 2
;
256 0 246 109 247 154 247 201 247 263 281 156 212 155 327 146 394 107
165 149 100 116 262 263 274 397 272 333 231 263 226 398 223 332 2 2
;
257 0 246 109 247 154 247 201 247 263 282 156 212 155 327 137 386 90
167 143 105 101 262 263 274 397 272 333 231 262 226 398 223 332 2 2
;
258 0 246 109 247 154 247 200 247 262 282 154 212 153 322 124 361 60
168 128 124 69 262 262 274 397 272 333 231 261 226 398 223 332 0 2
;
259 0 246 109 247 154 247 200 247 261 281 152 212 152 317 114 346 45
175 121 141 61 262 261 274 397 272 333 231 260 226 398 223 332 0 0
;
260 0 246 109 247 153 247 199 247 260 281 150 212 151 307 104 310 33
182 108 170 36 262 260 274 397 271 332 231 259 226 398 223 331 0 2
;
261 0 246 109 248 153 247 199 247 259 280 149 212 150 304 102 294 32
186 104 185 32 262 259 274 397 271 331 231 259 226 398 223 331 0 2
;
262 0 246 109 248 153 247 198 247 256 279 147 214 147 294 98 268 32
194 101 213 30 263 256 274 397 271 331 231 256 226 398 224 330 0 2
;
263 0 246 110 248 153 248 196 247 252 277 145 215 146 285 92 252 32
199 99 230 29 263 252 274 397 271 330 231 251 226 398 224 330 1 1;
264 0 246 110 248 153 248 195 247 251 277 146 215 146 284 91 251 31
200 98 232 28 263 252 274 397 271 330 230 250 226 398 224 330 1 1;
265 0 246 110 248 153 248 195 247 251 277 146 214 146 287 92 263 27
199 99 217 30 263 252 274 397 271 330 230 251 226 398 224 329 1 2;
266 0 246 110 248 153 248 195 247 252 277 146 214 147 291 95 275 27
196 100 205 29 263 253 274 397 271 330 231 252 226 398 224 329 0 2
;
267 0 246 110 248 153 248 196 247 255 278 146 213 147 301 100 303 25
186 106 176 36 263 255 274 397 271 330 231 255 226 398 224 329 0 2
;
268 0 246 110 248 153 248 196 247 255 278 146 213 147 307 104 318 29
181 109 162 40 263 256 274 397 271 330 231 255 226 398 224 330 0 0
;
269 0 246 109 248 153 248 197 247 257 279 147 213 148 314 113 348 42
175 118 135 55 262 257 274 397 271 330 231 256 226 398 224 330 2 2
;
270 0 246 109 248 153 247 197 247 257 279 148 213 149 318 119 360 51
172 122 124 63 262 258 274 397 271 330 231 257 226 398 224 330 2 2
;
271 0 246 109 248 153 247 198 247 258 280 150 212 150 322 126 377 71
163 127 109 82 262 259 274 397 271 331 231 258 226 398 224 330 2 2
;
272 0 246 109 248 153 247 198 247 259 280 151 212 150 324 131 383 79
165 135 110 95 262 259 274 396 271 331 231 258 226 398 224 330 2 2
;
273 0 245 109 247 153 247 198 247 260 280 152 212 151 327 137 391 95
165 140 100 106 262 260 274 396 271 331 231 259 226 398 224 330 2 2
;
274 0 245 109 247 153 247 199 247 260 280 153 211 152 329 140 392 103
164 143 98 112 262 260 274 396 271 332 231 260 226 398 224 331 2 2
;
275 0 245 109 247 153 247 199 247 261 280 154 211 153 330 146 391 117
164 148 104 127 262 261 274 396 271 332 231 261 226 398 224 331 2 2
;
276 0 245 109 247 153 247 199 247 261 280 154 211 153 330 148 392 122
165 151 104 132 262 261 274 397 271 332 231 261 226 398 224 331 2 2
;
277 0 245 109 247 153 247 199 247 261 280 155 211 154 330 152 395 129
165 154 103 139 262 262 274 397 271 332 231 261 226 398 223 331 2 2
;
278 0 245 109 247 153 247 200 246 262 280 155 211 154 329 153 393 133
165 155 104 142 262 262 274 396 271 332 231 261 226 398 223 331 2 2
;
279 0 245 108 247 153 247 200 246 262 280 156 211 154 329 155 396 137
166 158 104 146 262 262 274 397 272 332 231 262 226 398 223 331 2 2
;
280 0 245 108 247 153 247 200 246 262 280 156 211 154 329 155 396 138
166 159 104 148 262 262 274 397 271 332 231 262 226 398 223 331 2 2
;
281 0 245 108 247 154 247 200 246 262 280 156 212 155 329 156 395 141
166 160 104 150 262 263 274 397 271 333 231 262 226 398 223 332 2 2
;
282 0 245 108 247 154 247 200 246 262 280 156 212 155 329 157 394 142
166 160 104 151 262 263 274 397 271 333 231 262 226 398 223 332 2 2
;
283 0 245 108 247 154 247 200 246 263 280 156 212 155 329 157 395 142
166 161 104 152 262 263 274 397 271 333 231 262 226 398 223 332 2 2
;
284 0 245 108 247 154 247 200 246 263 280 156 212 155 328 157 394 142
166 161 104 153 262 263 274 397 271 333 231 262 226 398 223 332 2 2
;
285 0 245 108 247 154 247 200 246 263 280 156 212 155 329 157 394 142
166 162 104 153 262 263 274 397 271 333 231 263 226 398 223 332 2 2
;
286 0 245 108 247 154 247 200 246 263 280 156 212 155 328 158 394 142
166 162 104 153 262 263 274 397 272 333 231 263 226 398 223 332 2 2
;
287 0 245 108 247 154 247 201 246 263 280 156 212 155 328 158 396 142
166 162 104 154 262 263 274 397 271 333 231 263 226 398 223 332 2 2
;
288 0 245 108 247 154 247 201 246 263 280 156 212 155 328 158 396 142
166 162 103 154 262 263 274 397 272 333 231 263 226 398 223 332 2 2
;
289 0 245 108 247 154 247 201 246 263 280 156 212 155 328 158 397 143
166 163 104 155 262 263 274 396 272 333 231 263 226 398 223 332 2 2
;
290 0 245 108 247 154 247 201 246 263 280 156 212 155 328 158 397 143
166 163 104 156 262 263 274 396 272 333 231 263 226 398 223 332 2 2
;
291 0 245 108 247 154 247 201 246 263 280 157 212 155 328 158 397 144
166 163 103 156 262 263 274 396 272 333 231 263 226 398 223 332 2 2
;
292 0 245 108 247 154 247 201 246 263 280 157 212 155 328 158 397 143
166 164 103 156 262 263 274 396 272 333 231 263 226 398 223 332 2 2
;
293 0 245 108 247 154 247 201 246 263 280 157 212 155 328 158 397 143
167 164 103 156 262 263 274 396 272 333 231 263 226 398 223 332 2 2
;
294 0 245 108 247 154 247 201 246 263 280 157 212 155 328 158 396 143
167 164 103 156 262 263 274 396 272 333 231 263 226 398 223 332 2 2
;
295 0 245 108 247 154 247 201 246 263 280 157 212 155 328 158 396 144
167 164 103 156 262 263 274 396 272 333 231 263 226 398 223 332 2 2
;
296 0 245 108 247 154 247 201 246 263 280 157 212 155 328 159 396 144
167 164 103 156 262 263 274 396 272 333 231 263 226 398 223 332 2 2
;
297 0 245 108 247 154 247 201 246 263 280 157 211 156 328 159 396 145
167 164 103 156 262 263 274 396 272 333 231 263 226 398 223 332 2 2
;
298 0 245 108 247 154 247 201 246 263 280 157 211 156 328 159 396 145
167 164 103 156 262 263 274 396 272 333 231 263 226 398 223 332 2 2
;
299 0 245 108 247 154 247 201 246 263 280 157 211 156 328 159 395 145
167 164 103 157 262 263 274 396 271 333 231 263 226 398 223 332 2 2
;
300 0 245 108 247 154 247 201 246 263 280 157 211 156 328 159 396 144
167 164 103 156 262 263 274 396 271 333 231 263 226 399 223 332 2 2
;
301 0 245 108 247 154 246 201 246 263 280 157 211 155 328 157 393 135
166 162 105 148 262 263 274 396 271 333 231 263 226 398 223 332 2 2
;
302 0 245 108 247 154 247 201 246 263 280 157 211 155 328 154 389 127
166 159 105 140 262 263 274 396 271 333 231 263 226 398 223 332 2 2
;
303 0 245 108 247 154 247 201 246 263 280 156 211 155 328 142 391 97
165 147 100 113 262 263 274 396 271 333 231 263 226 398 223 332 2 2
;
304 0 245 108 247 154 247 200 246 263 281 155 211 155 325 136 385 80
162 141 105 98 262 263 274 396 271 333 231 262 226 398 223 332 2 2
;
305 0 245 108 247 153 247 200 246 262 281 153 211 153 321 124 359 55
165 128 123 69 262 262 274 396 271 333 231 261 226 398 223 332 0 2
;
306 0 245 108 247 153 247 199 246 260 280 152 211 152 316 114 345 42
171 125 137 59 262 261 274 396 271 333 231 260 226 398 223 332 0 2
;
307 0 245 108 247 153 247 198 246 259 280 150 212 150 307 104 313 30
178 110 163 38 262 260 274 396 271 331 231 259 226 398 223 331 0 2
;
308 0 245 108 247 153 247 198 246 259 280 150 212 150 303 100 298 30
184 104 177 32 262 259 274 396 271 331 231 258 226 398 223 331 0 2
;
309 0 245 108 247 153 247 198 247 256 278 147 212 145 294 96 273 28
192 101 202 27 262 257 274 397 271 330 231 256 226 398 224 330 0 2
;
310 0 244 108 247 153 247 197 247 255 277 147 213 145 291 95 263 27
195 100 213 27 263 256 274 397 271 330 231 255 226 398 224 330 0 2
;
311 0 244 109 247 152 247 195 246 252 276 146 214 144 284 91 250 31
198 98 225 35 263 253 274 397 271 330 230 251 226 398 224 330 1 1;
312 0 245 109 247 152 247 195 246 251 276 145 214 145 283 91 253 31
199 97 223 36 263 252 274 397 271 329 230 250 226 398 224 329 1 1;
313 0 245 109 247 152 247 195 246 251 276 146 214 146 284 92 259 28
199 97 218 31 263 252 274 397 271 329 230 250 226 398 224 329 1 1;
314 0 245 109 248 152 247 195 247 252 277 146 214 146 287 93 269 27
197 99 207 35 263 252 274 397 271 329 230 251 226 398 224 329 0 1;
315 0 245 109 247 152 247 195 247 254 277 146 213 146 295 96 294 24
189 102 184 32 263 254 274 397 271 329 231 254 226 398 224 329 0 2
;
316 0 244 109 247 152 247 196 247 255 277 146 213 146 302 100 307 25
185 106 171 37 263 255 274 397 271 329 231 255 226 398 224 329 0 2
;
317 0 244 109 247 152 247 196 247 256 278 147 212 148 310 107 332 39
179 114 146 45 263 257 274 397 271 330 231 256 226 398 224 330 2 2
;
318 0 244 109 247 152 247 196 247 257 278 147 212 148 313 111 345 42
175 117 136 53 262 257 274 397 271 330 231 256 226 398 224 330 2 2
;
319 0 244 109 247 152 247 197 247 257 279 148 211 148 319 121 365 56
170 124 119 68 262 258 274 397 271 330 231 257 226 398 224 330 2 2
;
320 0 244 109 247 152 246 197 246 259 279 150 211 149 323 127 378 72
166 132 112 87 262 259 274 397 271 331 231 258 226 398 224 330 2 2
;
321 0 244 108 247 152 246 198 246 259 279 150 211 150 325 130 383 78
166 134 109 94 262 259 274 397 271 331 231 258 226 398 224 330 2 2
;
322 0 243 108 247 152 246 198 246 260 279 152 211 151 327 135 388 92
165 141 100 104 262 260 274 396 271 331 231 259 226 398 223 331 2 2
;
323 0 243 108 247 152 246 198 246 260 279 152 211 151 328 138 391 98
164 143 97 110 262 260 274 396 271 331 231 260 226 398 223 331 2 2
;
324 0 243 108 246 153 246 199 246 261 279 153 211 152 330 143 395 109
164 148 103 125 262 261 274 396 271 332 231 260 226 398 223 331 2 2
;
325 0 243 108 246 153 246 199 246 261 279 154 211 153 330 145 393 116
164 150 102 129 262 261 274 396 271 332 231 260 226 398 223 331 2 2
;
326 0 243 108 246 153 246 199 246 261 279 154 211 153 331 148 391 121
165 152 102 134 262 262 274 396 271 332 231 261 226 398 223 331 2 2
;
327 0 243 108 246 153 246 199 246 262 279 155 211 154 330 151 397 127
165 156 104 141 262 262 274 397 271 332 231 261 226 398 223 331 2 2
;
328 0 243 108 246 153 246 200 246 262 279 155 211 154 329 154 398 132
165 158 104 147 262 262 274 397 271 332 231 262 226 398 223 331 2 2
;
329 0 244 108 246 153 246 200 246 262 280 155 211 155 328 155 392 136
166 160 104 149 262 263 274 397 271 333 231 262 226 398 223 331 2 2
;
330 0 244 108 246 153 246 200 246 263 280 156 211 155 328 156 395 139
166 161 103 152 262 263 274 396 271 333 231 262 226 398 223 331 2 2
;
331 0 244 108 246 154 246 200 246 263 280 156 211 155 328 157 396 140
166 162 103 154 262 263 274 396 271 333 231 262 226 398 223 332 2 2
;
332 0 244 108 246 154 246 200 246 263 280 156 211 155 328 158 396 143
166 163 103 156 262 263 274 396 272 333 231 263 226 398 223 332 2 2
;
333 0 244 108 246 154 246 200 246 263 280 156 211 156 328 158 397 144
166 164 103 157 262 263 274 396 272 333 231 263 226 398 223 332 2 2
;
334 0 244 108 246 154 246 201 246 263 280 156 211 156 328 159 396 146
166 165 103 159 262 263 274 396 272 333 231 263 226 398 223 332 2 2
;
335 0 244 108 246 154 246 201 246 263 280 156 211 156 328 159 396 146
166 165 103 159 262 263 274 397 272 333 231 263 226 398 223 332 2 2
;
336 0 244 108 247 154 246 201 246 263 280 156 211 156 328 160 397 147
166 166 103 160 262 263 274 396 272 333 231 263 226 398 223 332 2 2
;
337 0 244 108 247 154 246 201 246 263 280 156 211 156 328 160 396 147
166 166 104 161 262 264 274 396 272 333 231 263 226 398 223 332 2 2
;
338 0 244 108 247 154 246 201 246 263 280 157 211 156 328 160 396 147
167 166 104 161 262 264 274 397 271 333 231 263 226 398 223 332 2 2
;
339 0 244 108 247 154 246 201 246 263 280 157 211 156 328 160 396 147
167 166 104 161 262 264 274 396 271 333 231 263 226 398 223 332 2 2
;
340 0 244 108 247 154 246 201 246 264 280 157 211 156 328 160 392 148
167 166 104 161 262 264 274 396 271 333 231 263 226 398 223 332 2 2
;
341 0 244 108 246 154 246 201 246 264 280 157 211 156 328 160 395 148
167 166 104 160 262 264 274 396 271 333 231 263 226 398 223 332 2 2
;
342 0 244 108 246 154 246 201 246 264 280 157 211 156 328 160 395 148
167 166 104 160 262 264 274 396 271 333 231 263 226 398 223 332 2 2
;
343 0 244 108 247 154 246 201 246 264 280 157 211 156 328 160 396 148
167 166 104 160 262 264 274 397 271 333 231 264 226 398 223 332 2 2
;
344 0 244 108 247 154 246 201 246 264 280 157 211 156 328 161 396 148
167 166 104 160 262 264 274 396 271 333 231 264 226 398 223 332 2 2
;
345 0 244 108 247 154 246 201 246 264 280 157 211 156 328 161 396 149
167 166 104 160 262 264 274 396 271 333 231 264 226 398 223 332 2 2
;
346 0 244 108 246 154 246 201 246 264 280 157 211 156 328 161 395 149
167 166 103 160 262 264 274 396 271 333 231 264 226 398 223 332 2 2
;
347 0 244 108 246 154 246 201 246 264 280 157 211 156 328 161 396 149
167 166 103 160 262 264 274 397 271 333 231 264 226 398 223 332 2 2
;
348 0 244 108 246 154 246 201 246 264 280 157 211 156 328 161 396 150
167 166 103 161 262 264 274 397 271 333 231 264 226 398 223 332 2 2
;
349 0 244 108 247 154 246 201 246 264 280 157 211 156 328 161 396 149
167 166 103 160 262 264 274 397 271 333 231 264 226 398 223 332 2 2
;
350 0 244 108 247 154 246 201 246 264 280 157 211 156 328 158 397 140
166 164 104 154 262 264 274 397 271 333 231 264 226 398 223 332 2 2
;
351 0 244 108 247 154 246 201 246 264 280 157 211 156 328 155 397 130
166 159 105 145 262 264 274 397 271 333 231 263 226 398 223 332 2 2
;
352 0 244 108 247 154 247 201 246 263 280 156 211 155 326 141 391 98
166 145 101 113 262 264 274 397 271 333 231 263 226 398 223 332 0 2
;
353 0 244 108 247 154 247 201 246 263 280 155 211 155 323 134 383 77
163 137 107 93 262 263 274 397 271 333 231 263 226 398 223 332 0 2
;
354 0 245 108 247 153 247 200 246 261 281 153 212 152 316 114 351 44
174 123 136 61 262 262 274 397 271 333 231 261 226 398 223 332 0 2
;
355 0 245 108 247 153 247 199 246 260 280 151 212 151 312 110 329 37
175 114 153 44 262 261 274 397 271 332 231 260 226 398 223 331 4 2
;
356 0 245 108 247 153 247 198 246 258 279 149 213 146 298 97 293 26
189 100 187 29 262 259 274 397 271 331 231 258 226 398 223 331 0 0
;
357 0 245 108 248 153 247 197 246 256 278 147 213 145 296 96 280 30
191 100 201 27 262 257 274 396 271 330 230 256 226 398 224 330 0 2
;
358 0 245 108 248 152 247 195 247 252 278 145 215 143 287 93 258 27
201 97 224 23 263 253 274 396 271 330 230 251 226 398 224 329 0 1;
359 0 245 108 248 152 248 195 247 250 278 145 216 143 281 91 249 22
204 96 230 25 263 251 274 396 271 329 230 249 226 398 224 329 1 1;
360 0 245 109 248 152 248 194 246 249 278 145 216 142 280 91 250 18
205 95 231 25 263 250 274 396 271 329 230 248 226 398 224 329 1 1;
361 0 245 108 248 152 248 194 246 249 278 145 216 142 284 91 269 24
203 96 214 25 263 250 274 396 271 329 230 249 226 398 224 329 0 1;
362 0 245 108 248 152 248 194 246 251 278 144 216 142 290 94 279 22
200 96 202 25 263 251 274 397 271 329 230 250 226 398 224 329 0 0;
363 0 246 108 248 152 248 195 246 253 278 145 216 142 294 94 292 23
193 98 188 27 263 253 274 397 271 329 230 252 226 398 224 329 0 0;
364 0 246 108 248 152 248 196 246 255 279 146 216 142 306 103 320 34
183 106 160 38 262 256 274 397 271 329 230 255 226 398 224 329 0 2
;
365 0 246 108 248 152 248 196 246 256 279 147 214 144 310 107 334 38
181 109 146 43 262 257 274 397 271 330 231 255 226 398 224 329 0 0
;
366 0 246 108 248 152 248 197 246 257 280 149 213 147 319 117 361 50
173 118 124 60 262 258 274 397 271 331 231 257 226 398 224 330 2 2
;
367 0 246 108 248 152 248 198 246 259 281 151 213 148 323 126 378 70
170 128 116 85 262 259 274 396 271 331 231 258 226 398 224 330 2 2
;
368 0 246 108 248 152 248 198 246 259 281 151 212 149 327 130 385 78
167 132 111 93 262 260 274 396 271 331 231 259 226 398 224 330 2 2
;
369 0 245 108 248 152 248 198 247 260 281 152 212 150 327 135 390 86
166 136 102 97 262 260 274 396 271 331 231 259 226 398 224 331 2 2
;
370 0 245 108 248 153 248 199 247 260 281 153 212 151 331 142 397 103
165 144 99 114 262 261 274 396 271 332 231 260 226 398 224 331 2 2
;
371 0 245 108 248 153 248 199 247 261 281 154 212 152 332 145 398 111
165 148 107 126 262 261 274 396 271 332 231 260 226 398 224 331 2 2
;
372 0 245 108 248 153 248 200 247 262 281 155 212 153 332 150 395 126
166 152 106 138 262 262 274 396 272 332 231 261 226 398 224 331 2 2
;
373 0 245 108 248 153 248 200 247 262 282 156 212 153 331 154 396 133
167 156 107 146 262 263 274 397 272 332 231 262 226 398 224 331 2 2
;
374 0 245 108 249 153 248 200 247 262 282 156 212 154 331 155 396 136
167 157 107 149 262 263 274 397 272 332 231 262 226 398 224 332 2 2
;
375 0 245 108 249 153 248 200 247 263 282 156 213 154 331 156 396 138
168 159 106 150 262 263 274 397 272 332 231 262 226 398 224 332 2 2
;
376 0 245 108 249 154 248 200 247 263 282 156 213 154 331 157 396 141
168 160 106 153 262 263 274 397 272 332 231 263 226 398 224 332 2 2
;
377 0 245 108 249 154 248 201 247 263 282 157 213 155 331 158 397 142
169 161 106 154 262 263 274 397 272 332 231 263 226 398 224 332 2 2
;
378 0 245 108 249 154 248 201 247 263 282 157 213 155 330 159 397 142
169 161 106 154 262 264 274 397 272 332 231 263 226 398 224 332 2 2
;
379 0 245 108 249 154 248 201 247 263 282 157 213 155 330 160 397 144
169 162 106 155 262 264 274 397 272 332 231 263 226 398 224 332 2 2
;
380 0 245 108 249 154 248 201 247 263 282 157 213 155 330 160 397 145
169 163 105 156 262 264 274 397 272 332 231 263 226 398 224 332 2 2
;
381 0 246 108 249 154 248 201 247 264 282 157 213 155 330 160 398 146
170 163 105 157 262 264 274 397 272 332 231 263 226 398 224 332 2 2
;
382 0 246 108 249 154 248 201 247 264 282 157 213 155 330 161 398 147
170 164 105 157 262 264 274 397 272 332 231 263 226 398 224 332 2 2
;
383 0 246 108 249 154 248 201 247 264 282 157 213 156 330 161 399 147
170 164 105 158 262 264 274 397 272 332 231 264 226 399 224 332 2 2
;
384 0 246 108 249 154 248 201 247 264 282 157 213 156 330 161 399 148
170 164 105 158 262 264 274 397 272 332 232 264 226 398 224 332 2 2
;
385 0 246 108 249 154 248 201 247 264 282 157 213 156 330 161 400 147
170 164 104 158 263 264 274 396 272 332 232 264 226 399 224 332 2 2
;
386 0 246 108 249 154 248 201 247 264 282 157 213 156 330 161 399 147
170 164 105 158 263 264 274 396 272 332 232 264 226 399 224 332 2 2
;
387 0 246 108 249 154 248 201 247 264 282 157 213 156 330 161 399 147
170 165 105 158 263 264 274 396 272 332 232 264 226 398 224 333 2 2
;
388 0 246 108 249 154 248 201 247 264 282 157 213 156 330 161 399 147
170 165 105 158 263 264 274 396 272 332 232 264 226 398 224 333 2 2
;
389 0 246 108 249 154 248 201 247 264 282 157 213 156 330 161 399 147
170 165 105 157 263 264 274 396 272 332 232 264 226 398 224 333 2 2
;
390 0 246 108 249 154 248 201 247 264 282 157 213 156 330 161 399 147
170 165 105 157 263 264 274 396 272 332 232 264 226 398 224 333 2 2
;
391 0 246 108 249 154 248 201 247 264 282 157 213 156 330 162 399 148
170 165 105 158 263 264 274 396 272 332 232 264 226 398 224 333 2 2
;
392 0 246 108 249 154 248 201 247 264 282 157 213 156 330 162 398 149
170 165 104 158 263 264 274 396 272 332 232 264 226 398 224 333 2 2
;
393 0 245 108 249 154 248 201 247 264 281 157 213 156 329 162 397 150
170 165 105 158 263 264 274 396 272 333 232 264 226 398 224 333 2 2
;
394 0 245 108 249 154 248 201 247 264 281 157 213 156 329 162 399 150
170 165 104 159 263 264 274 396 272 333 232 264 226 398 224 333 2 2
;
395 0 245 108 249 154 248 201 247 264 281 157 213 156 329 162 396 150
170 165 104 159 263 264 274 397 272 333 232 264 226 399 224 333 2 2
;
396 0 245 108 249 154 248 201 247 264 281 157 213 156 329 162 396 147
168 164 102 158 263 264 274 397 272 333 232 264 226 399 224 333 2 2
;
397 0 245 108 249 154 248 201 247 264 281 157 213 156 329 156 398 130
167 159 105 148 263 264 274 396 272 332 232 264 226 399 224 333 2 2
;
398 0 246 108 249 154 248 201 247 264 281 157 213 156 331 149 391 118
167 155 105 136 263 264 274 397 272 332 232 264 226 399 224 332 2 0
;
399 0 246 108 249 154 248 201 247 263 282 154 212 155 325 136 385 79
168 142 104 102 263 263 274 397 272 332 232 263 226 399 224 332 2 2
;
400 0 246 108 249 153 248 200 247 262 282 153 212 154 323 128 371 64
171 136 113 83 263 263 274 397 272 332 232 262 226 398 224 332 0 2
;
401 0 246 108 249 153 248 199 247 261 282 153 213 152 316 111 339 39
175 123 141 58 263 262 274 397 272 332 232 261 226 398 224 332 4 0
;
402 0 246 108 249 153 248 199 247 260 281 151 213 150 312 105 321 32
176 113 154 43 263 260 274 397 272 332 232 260 226 398 224 331 4 2
;
403 0 246 108 249 152 248 198 247 258 279 148 213 146 300 98 291 26
189 100 183 29 263 259 274 397 272 331 231 258 226 398 224 331 0 2
;
404 0 246 108 249 152 248 197 247 257 279 147 213 145 296 96 278 28
191 100 196 29 263 257 274 397 271 330 231 256 226 398 224 330 0 2
;
405 0 246 108 249 152 248 196 247 253 278 146 215 143 288 92 256 26
196 97 218 27 263 253 274 397 271 330 231 252 226 398 224 330 1 2;
406 0 246 108 249 152 248 195 247 252 277 144 215 142 282 90 249 28
199 97 225 28 263 252 274 397 271 330 231 251 226 398 224 330 1 1;
407 0 247 108 249 151 248 193 246 249 276 144 215 142 280 90 243 21
201 97 231 25 263 249 274 397 271 330 230 248 226 398 224 329 1 1;
408 0 246 108 249 151 248 193 246 249 276 144 216 141 280 90 252 26
201 97 221 30 263 249 274 397 271 330 230 248 226 399 225 329 1 1;
409 0 246 108 249 151 248 194 246 250 277 144 215 141 287 91 273 23
198 97 199 25 263 251 274 397 271 330 230 249 226 398 225 329 0 2;
410 0 246 108 249 151 248 194 246 252 277 144 215 141 292 94 288 23
191 101 185 32 263 253 274 397 271 330 230 251 226 398 224 329 0 2
;
411 0 246 108 249 151 248 195 247 255 277 145 215 142 304 101 319 27
183 109 157 43 262 255 274 397 271 330 231 255 226 398 224 329 0 0
;
412 0 246 108 249 151 248 195 247 256 278 146 214 144 310 103 333 36
180 115 142 49 262 256 274 397 271 330 231 256 226 398 224 330 0 0
;
413 0 246 108 249 151 248 196 247 257 280 149 214 146 319 116 361 47
173 124 127 77 262 258 274 397 271 330 231 257 226 398 224 330 2 2
;
414 0 246 108 249 152 248 197 247 258 280 149 213 148 322 121 370 57
172 129 123 88 262 258 274 397 271 331 231 258 226 398 224 331 2 2
;
415 0 245 108 249 152 248 197 247 259 281 151 213 149 328 130 384 77
170 139 109 101 262 260 274 397 272 331 231 259 226 398 224 331 2 2
;
416 0 245 108 249 152 248 198 247 260 281 152 213 150 329 136 389 85
169 143 107 110 262 260 274 397 272 332 231 260 226 398 224 331 2 2
;
417 0 245 108 249 152 248 199 247 261 281 154 213 152 331 145 397 104
169 153 111 130 262 262 274 397 272 332 231 261 226 398 224 331 2 2
;
418 0 245 108 249 153 248 199 247 262 281 154 213 152 332 152 399 114
171 158 113 139 262 262 274 397 272 332 232 261 226 398 224 331 2 2
;
419 0 245 108 249 153 248 200 247 263 282 156 213 155 332 163 400 136
176 171 120 156 262 263 274 397 272 332 232 263 226 398 224 332 2 2
;
420 0 245 108 250 153 249 200 247 264 282 157 214 156 330 169 399 148
178 177 121 163 262 264 274 397 272 332 232 263 226 398 224 332 2 2
;
421 0 244 108 250 154 249 201 248 265 282 158 215 158 329 185 390 177
186 189 129 179 263 265 274 397 273 332 233 265 226 399 225 333 3 0
;
422 0 243 108 250 154 249 201 248 265 282 159 215 159 325 188 383 194
195 195 140 189 263 266 274 397 273 332 233 265 226 399 225 333 3 3
;
423 0 241 108 250 154 250 202 248 266 282 161 217 160 319 194 359 227
209 203 158 209 264 267 274 397 274 332 233 266 226 399 225 333 3 3
;
424 0 240 109 251 154 250 202 249 267 282 162 218 161 317 196 347 242
212 204 167 218 264 267 274 397 274 332 234 266 226 400 226 334 0 3
;
425 0 238 110 251 154 250 203 249 268 281 163 222 162 312 202 318 260
219 207 186 232 264 268 275 397 275 332 235 267 226 400 226 335 3 3
;
426 0 237 111 251 154 251 203 250 268 280 163 224 163 307 205 304 265
222 209 195 236 264 268 275 397 275 332 236 268 226 400 227 335 3 3
;
427 0 235 112 251 154 251 204 250 269 279 164 227 164 302 208 276 269
226 211 208 242 264 270 275 397 276 333 237 268 228 401 229 337 3 1
;
428 0 234 113 251 155 251 204 251 269 277 165 229 164 299 208 267 268
228 212 210 248 264 271 275 398 276 334 239 268 230 401 230 338 1 1
;
429 0 231 114 250 155 251 204 253 270 274 165 231 165 290 209 255 262
229 213 217 252 264 272 275 398 276 336 243 269 238 403 234 339 0 1
;
430 0 229 115 250 155 251 205 253 271 272 164 233 166 285 210 247 260
230 214 218 254 264 273 276 399 276 337 244 270 242 422 238 339 0 0
;
431 0 227 116 248 155 250 206 253 274 268 164 232 167 275 208 232 262
230 215 216 260 263 275 276 400 274 342 245 273 243 426 241 341 3 0
;
432 0 226 116 246 155 249 207 253 274 266 164 231 167 270 209 226 264
229 215 215 259 262 276 276 401 272 343 245 273 243 426 242 342 3 0
;
433 0 223 118 242 156 247 208 252 277 263 164 228 168 262 211 218 266
226 216 216 253 261 279 276 403 269 344 244 276 243 429 243 347 3 1
;
434 0 219 119 238 157 244 209 251 278 260 165 224 169 253 212 213 266
222 216 229 281 259 280 276 404 267 347 243 277 243 430 243 348 3 1
;
435 0 216 120 236 157 242 209 250 279 258 165 221 169 248 219 210 266
219 217 227 275 259 281 277 404 266 349 242 277 244 430 242 348 3 1
;
436 0 213 120 234 158 241 210 250 279 256 165 219 170 247 219 208 266
217 217 224 278 258 281 277 405 267 351 242 277 244 430 241 349 3 1
;
437 0 209 122 230 159 239 210 249 279 253 165 215 171 245 219 206 267
213 218 207 275 258 280 280 408 265 359 242 277 246 430 238 350 3 3
;
438 0 206 123 228 159 237 210 249 279 252 165 213 172 242 221 202 271
211 219 208 273 258 280 284 408 264 360 241 278 247 430 236 350 3 0
;
439 0 202 125 224 160 235 213 249 285 250 167 210 173 239 223 201 272
208 220 209 271 260 287 286 412 261 368 239 288 249 433 235 352 3 0
;
440 0 199 126 221 162 234 215 250 287 249 169 206 174 237 224 200 273
205 221 209 270 260 287 292 433 259 369 240 288 249 433 234 353 3 0
;
441 0 197 127 220 163 233 215 250 287 247 169 205 175 236 224 200 274
203 222 208 270 260 287 292 437 258 370 240 288 250 433 234 353 3 0
;
442 0 194 128 217 164 231 217 250 289 245 172 202 176 233 226 198 275
201 223 200 293 260 289 294 440 259 372 239 290 250 434 234 357 3 0
;
443 0 192 128 216 165 231 218 249 290 244 173 201 176 232 227 198 275
200 224 205 301 260 290 295 434 261 373 239 291 249 436 234 359 3 0
;
444 0 190 129 214 165 229 219 249 292 242 174 199 177 230 229 197 276
198 225 206 297 260 292 294 458 264 376 239 293 249 437 234 361 3 0
;
445 0 189 129 214 166 229 220 249 293 241 176 198 178 229 230 197 276
197 226 203 296 260 292 297 460 264 377 239 294 249 437 234 362 3 0
;
446 0 187 129 212 166 228 221 250 294 240 177 197 178 225 237 197 278
198 229 204 300 260 296 302 460 265 381 240 293 250 440 235 364 1 1
;
447 0 187 129 212 166 228 221 250 294 240 177 196 178 224 237 197 278
197 229 204 301 260 296 301 457 266 381 240 293 250 442 235 364 1 1
;
448 0 186 129 211 166 228 221 250 294 239 177 195 178 224 238 197 279
198 229 204 301 260 296 299 454 266 382 240 293 250 442 235 364 3 1
;
449 0 185 129 210 166 227 221 250 294 237 177 195 178 222 238 197 281
198 228 204 301 259 296 299 454 266 383 240 293 250 441 234 364 3 0
;
450 0 185 129 210 166 227 220 249 294 235 176 194 178 221 237 197 282
198 228 202 300 259 296 296 452 265 383 240 292 250 442 233 361 0 0
;
451 0 185 128 210 166 227 220 250 293 235 176 194 178 221 237 197 283
198 228 201 299 260 295 297 458 265 382 241 291 254 447 235 359 0 0
;
452 0 185 128 209 165 226 219 249 293 234 175 194 178 220 237 196 283
198 228 203 300 259 295 296 459 265 381 240 291 254 450 234 358 3 0
;
453 0 185 128 209 165 226 219 249 293 234 175 194 178 220 237 195 283
197 228 201 299 258 295 295 455 265 382 240 291 249 431 232 361 0 0
;
454 0 185 127 209 165 226 219 248 293 234 175 194 178 220 237 194 283
197 228 204 301 258 295 295 452 264 382 239 291 249 432 232 361 3 0
;
455 0 184 127 209 165 226 219 248 293 234 175 194 178 220 237 194 283
197 227 201 301 257 295 293 452 264 382 239 291 249 432 232 361 3 0
;
456 0 184 127 209 165 226 219 247 293 234 174 194 177 220 236 191 285
197 227 202 301 257 295 291 451 264 382 238 291 248 431 231 361 0 0
;
457 0 184 127 209 165 226 219 248 293 234 174 194 177 220 236 190 285
197 224 201 295 257 295 293 454 264 382 239 291 248 430 233 356 0 0
;
458 0 184 127 209 165 225 219 248 293 233 174 193 177 219 236 187 285
196 224 196 279 257 295 292 452 264 382 239 291 244 425 231 360 0 0
;
459 0 184 127 209 165 225 219 248 293 233 174 193 178 219 236 186 285
196 225 199 297 257 295 292 451 264 382 239 291 244 425 231 360 0 0
;
460 0 181 129 209 165 225 219 248 294 233 175 193 178 217 236 184 285
195 225 199 292 258 296 293 447 264 383 239 292 244 426 232 361 0 0
;
461 0 181 129 209 165 225 220 248 294 233 175 193 178 216 237 182 285
195 225 199 292 258 296 293 448 264 383 239 292 244 426 232 361 0 0
;
462 0 181 129 208 166 225 220 249 294 233 176 192 179 215 237 179 284
195 226 199 291 259 294 291 449 264 382 239 293 244 422 232 363 0 0
;
463 0 181 129 208 166 225 220 249 294 233 176 192 179 215 237 179 283
194 226 198 291 259 298 296 453 265 384 240 293 244 422 232 364 0 0
;
464 0 181 128 207 166 225 221 249 294 233 176 191 179 214 237 181 280
194 226 191 296 259 296 291 449 265 383 240 293 244 422 232 364 0 0
;
465 0 181 128 207 166 225 221 248 295 232 176 191 179 214 237 182 280
193 226 192 297 258 296 290 449 265 383 240 294 243 439 232 381 0 0
;
466 0 182 126 206 166 224 220 249 292 231 176 190 178 214 237 187 280
192 229 178 284 258 294 292 460 264 380 240 290 248 428 233 353 1 1
;
467 0 183 125 205 165 224 219 249 292 230 176 190 178 213 237 188 280
192 228 181 284 258 294 292 460 264 380 240 290 247 427 233 354 1 1
;
468 0 185 125 205 164 223 217 248 289 228 177 190 177 211 237 185 287
203 190 204 201 257 291 292 465 262 376 240 287 245 425 233 356 1 0
;
469 0 186 125 205 163 223 215 248 287 225 175 190 176 210 235 191 278
203 190 204 200 257 289 289 465 262 374 240 286 241 405 233 355 0 0
;
470 0 188 125 205 162 223 213 248 286 223 176 190 176 206 234 190 277
203 189 204 198 256 287 293 464 258 371 240 285 241 405 233 355 0 0
;
471 0 188 126 205 162 222 212 247 285 222 176 190 175 203 233 189 278
203 188 184 226 255 286 292 463 256 369 240 284 241 405 232 355 0 0
;
472 0 189 126 206 161 221 210 244 281 220 177 191 174 199 232 193 268
194 215 198 291 251 282 290 459 252 366 237 280 244 422 227 346 1 1
;
473 0 190 127 206 161 221 210 243 280 219 177 192 174 198 229 193 263
194 216 197 293 250 281 289 458 251 365 237 279 243 422 227 346 1 1
;
474 0 192 127 207 162 223 210 250 282 217 177 192 175 192 225 193 258
192 215 192 269 257 280 289 455 248 364 245 285 233 420 249 377 1 1
;
475 0 193 127 207 163 224 211 250 282 216 178 193 175 189 219 192 254
192 216 193 268 257 280 288 455 245 364 245 285 233 421 249 376 1 1
;
476 0 194 128 208 164 224 211 250 282 216 179 194 177 186 217 191 250
191 219 191 268 256 279 286 454 244 363 244 285 233 425 248 375 1 1
;
477 0 194 129 208 165 224 211 249 281 218 179 194 177 238 225 221 275
191 220 191 268 256 278 285 454 243 362 243 284 233 425 247 375 1 1
;
478 0 195 131 209 165 224 211 248 280 219 177 195 178 237 224 220 276
190 222 195 289 255 277 284 453 242 361 242 283 233 425 246 373 0 0
;
479 0 195 132 209 166 225 211 248 280 220 176 195 178 237 223 219 277
191 222 195 289 254 276 283 453 241 361 242 283 233 425 246 373 0 0
;
480 0 195 133 210 166 224 211 247 279 221 175 196 179 236 221 219 275
191 223 195 289 253 275 282 454 240 359 240 282 236 410 266 345 0 0
;
481 0 195 133 210 166 224 211 247 278 221 175 196 179 236 221 218 275
191 223 191 289 253 275 282 454 240 359 240 281 235 410 266 344 0 0
;
482 0 195 133 210 166 224 211 246 278 221 176 196 179 236 222 218 275
191 223 195 289 253 275 282 455 239 359 240 281 235 410 265 344 0 0
;
483 0 195 133 210 166 224 211 246 278 221 176 197 179 235 223 219 278
191 223 195 289 253 275 282 455 239 359 240 281 235 411 265 344 0 0
;
484 0 195 133 210 167 224 211 246 278 221 177 197 179 236 222 219 274
190 222 191 289 253 275 281 454 239 359 240 281 235 411 265 343 0 0
;
