154 0 258 62 258 110 259 161 260 229 298 119 217 119 346 126 423 127
169 129 108 143 277 229 329 370 302 303 244 228 244 368 236 298 0 4
;
155 0 255 62 256 110 257 161 259 229 295 119 214 119 344 127 420 129
167 129 107 143 275 229 329 370 301 303 242 229 244 368 235 299 0 4
;
156 0 253 63 253 110 255 161 257 229 293 119 212 119 342 127 415 131
165 129 106 142 273 229 328 370 299 303 240 229 244 368 234 299 0 0
;
157 0 252 63 253 110 254 161 256 229 292 119 211 119 342 127 414 130
164 129 105 140 273 229 328 371 299 303 240 229 244 368 234 299 0 0
;
158 0 250 63 251 110 253 161 255 229 291 119 209 119 340 125 414 126
162 126 99 133 271 229 328 371 298 303 239 229 244 368 233 300 2 0
;
159 0 250 63 250 110 252 160 254 228 290 118 208 119 339 123 412 119
160 122 90 126 271 228 328 371 297 303 238 229 244 368 233 300 2 2
;
160 0 249 63 250 110 251 160 254 228 290 118 207 119 338 118 410 111
158 117 88 116 270 228 328 371 297 303 237 228 244 368 233 300 2 2
;
161 0 247 63 249 110 250 160 252 227 288 115 206 117 337 107 407 89
156 105 90 90 269 227 328 371 296 303 236 228 244 369 232 300 2 2;
162 0 247 62 248 110 249 159 251 226 287 112 204 114 332 93 399 62
160 92 96 62 267 226 328 372 295 302 235 226 244 369 232 300 2 2;
163 0 246 62 247 109 249 158 251 225 286 111 204 112 332 87 396 48
162 87 102 48 267 225 328 372 294 301 235 225 244 368 232 300 2 2;
164 0 246 62 246 108 248 157 249 223 285 107 205 108 323 76 373 26
167 72 121 24 266 223 328 372 293 300 233 223 243 369 232 300 2 0;
165 0 245 62 246 108 247 156 249 221 284 105 205 106 318 71 363 16
171 70 135 17 265 221 328 373 292 300 233 221 243 369 231 300 0 0;
166 0 245 62 245 107 247 156 249 221 284 105 205 106 315 66 348 12
176 64 147 10 265 221 327 372 292 299 232 221 243 369 231 300 0 1;
167 0 245 62 245 107 246 154 248 217 280 100 207 100 307 57 323 9 184
59 171 10 265 217 328 373 291 298 231 217 243 369 230 299 0 1;
168 0 245 62 245 106 246 153 248 216 278 99 208 99 298 53 303 5 191
57 190 7 265 216 327 373 290 296 231 216 243 369 230 297 1 1;
169 0 244 61 244 106 246 152 248 214 277 98 210 98 294 44 300 1 194
55 198 7 265 214 327 373 290 296 231 214 243 369 230 296 1 1;
170 0 244 60 245 105 246 150 248 211 277 96 212 96 290 41 277 2 198
52 214 6 265 211 328 373 289 294 231 211 243 369 230 295 1 1;
171 0 244 60 246 104 247 149 248 210 277 93 213 96 288 41 270 2 200
51 221 7 265 210 327 372 289 293 231 210 243 369 230 294 1 1;
172 0 245 60 246 104 247 148 248 208 277 92 213 94 285 41 261 4 202
50 229 8 265 208 327 370 288 291 231 208 243 369 230 292 1 1;
173 0 245 60 246 104 247 148 248 207 277 92 213 94 284 41 263 3 202
49 228 8 265 207 327 370 288 291 231 207 243 369 230 292 1 1;
174 0 245 60 247 105 248 148 248 208 277 92 212 96 285 41 270 2 202
52 217 6 265 208 327 370 288 291 231 208 243 369 230 292 1 1;
175 0 245 61 248 105 248 149 248 208 277 92 212 97 290 46 280 4 201
53 209 7 265 208 327 370 288 291 231 209 243 369 230 293 1 1;
176 0 245 61 247 106 248 150 249 212 278 93 211 98 300 51 300 5 193
59 189 9 266 211 328 373 290 294 232 212 243 369 230 295 1 1;
177 0 246 62 247 106 248 150 249 213 279 98 211 99 302 55 312 7 188
61 177 11 266 213 328 373 290 295 232 214 243 369 230 296 1 1;
178 0 246 62 247 106 248 151 250 215 280 98 210 102 314 65 336 19 178
71 149 17 266 215 329 374 291 296 233 216 243 369 231 298 0 0;
179 0 246 62 247 106 248 152 250 217 283 102 210 104 319 73 350 23
171 77 133 23 266 216 329 374 292 297 233 217 243 369 231 298 0 0;
180 0 246 62 247 106 248 153 250 218 284 104 209 107 326 85 375 43
167 92 114 54 267 218 329 374 293 298 234 219 243 369 231 299 0 2;
181 0 246 62 247 107 249 154 251 219 285 105 209 108 327 90 387 56
165 99 104 70 267 219 329 374 293 298 235 220 243 369 231 299 0 2;
182 0 246 62 247 107 249 155 251 221 285 108 209 111 331 104 397 90
165 111 106 106 267 221 327 373 293 299 235 222 243 369 231 299 0 0
;
183 0 246 62 247 108 248 156 251 222 285 110 209 112 330 112 396 107
170 121 110 122 267 222 326 372 293 300 235 222 243 369 231 299 0 2
;
184 0 246 63 247 108 248 157 251 223 284 112 209 113 326 123 388 134
171 132 116 152 267 223 317 369 292 301 235 224 243 369 231 299 0 0
;
185 0 246 63 247 109 248 157 251 224 283 113 210 114 325 127 385 144
173 136 121 164 267 223 311 368 291 301 235 224 243 369 231 299 0 0
;
186 0 246 63 247 110 249 158 251 224 283 115 210 116 323 131 384 157
177 143 130 178 267 224 302 367 289 300 235 225 244 369 232 299 0 0
;
187 0 246 63 247 110 249 159 251 225 283 115 210 118 322 132 383 158
177 145 131 182 267 224 298 366 288 299 235 226 244 369 232 299 0 2
;
188 0 246 64 248 111 249 160 252 225 283 116 211 119 323 132 382 150
178 146 130 179 268 224 290 365 284 297 236 226 244 368 232 300 0 2
;
189 0 247 65 248 111 250 160 252 225 284 116 212 120 324 130 385 143
179 145 129 174 268 225 288 366 283 297 236 226 244 368 232 300 0 2
;
190 0 248 66 250 112 251 160 253 225 286 116 214 121 330 122 390 122
180 140 124 157 268 224 286 365 282 300 237 226 244 368 233 300 0 2
;
191 0 250 66 251 112 252 160 254 225 288 116 214 121 333 116 393 109
177 132 120 146 269 224 286 365 282 300 238 225 244 368 234 300 0 0
;
192 0 253 68 254 113 255 160 256 224 293 115 216 121 337 103 388 77
174 117 116 113 271 223 286 365 282 301 241 224 244 368 235 299 0 0
;
193 0 255 69 256 113 257 159 258 223 294 114 217 120 336 95 389 59
173 108 120 95 273 222 286 365 283 302 243 223 244 369 236 300 0 0
;
194 0 258 70 259 113 260 158 261 220 297 110 221 117 329 81 368 34
186 97 130 58 277 220 287 367 285 298 246 221 244 369 238 300 0 0;
195 0 260 71 261 113 262 158 263 219 297 109 224 116 328 73 362 19
191 89 143 43 279 218 287 367 286 296 248 220 244 368 239 299 0 2;
196 0 263 71 263 112 265 156 266 216 297 107 229 112 322 64 334 19
203 78 175 22 282 216 286 366 289 290 251 217 243 366 242 296 0 0;
197 0 264 71 264 112 266 155 268 215 296 106 231 110 319 62 325 12
207 75 191 17 283 214 286 366 290 290 252 216 244 365 243 295 0 0;
198 0 266 72 268 112 269 154 271 212 297 103 235 106 312 58 307 10
216 68 217 14 287 211 286 365 292 290 255 213 244 365 246 295 1 0;
199 0 267 72 268 112 269 154 272 211 298 102 235 107 309 55 299 8 222
66 227 17 288 210 286 365 293 290 256 212 245 366 247 295 1 0;
200 0 269 72 272 111 272 152 273 209 299 100 241 103 304 47 287 5 229
62 247 12 289 208 286 365 295 289 257 209 246 365 249 292 1 0;
201 0 270 73 273 111 273 152 273 208 299 99 243 103 304 47 283 6 231
62 255 10 289 207 286 365 295 288 258 208 246 365 250 291 1 0;
202 0 271 73 273 111 274 151 274 206 300 98 245 104 305 47 279 6 235
61 262 11 291 206 286 365 296 288 259 207 246 365 252 290 1 1;
203 0 272 74 274 112 274 151 275 206 302 99 246 103 305 47 283 7 235
61 261 11 291 205 287 365 297 287 259 206 247 364 252 289 1 1;
204 0 274 73 275 112 275 152 276 207 301 101 246 103 315 59 300 11
236 61 252 12 291 206 287 365 297 287 260 207 248 364 253 290 1 0;
205 0 274 73 276 112 276 152 276 208 305 101 247 103 316 59 307 10
236 62 246 13 292 207 287 365 297 287 261 208 248 364 254 291 1 0;
206 0 277 73 277 112 277 153 278 210 308 105 247 104 325 63 325 12
231 65 231 14 293 210 287 365 298 287 262 210 248 364 254 293 0 0;
207 0 278 73 278 112 278 153 278 211 309 106 247 105 331 65 335 15
229 67 222 13 293 211 287 365 298 288 263 211 248 364 254 294 0 0;
208 0 280 73 279 112 279 154 279 213 312 107 247 107 339 71 357 18
223 74 201 16 294 213 287 365 299 290 264 213 248 364 254 295 0 0;
209 0 280 73 280 112 280 155 279 214 314 108 248 109 344 73 369 25
220 77 190 22 295 214 287 365 299 291 264 214 247 363 254 296 0 0;
210 0 282 73 281 113 281 156 280 215 317 110 248 111 351 85 389 44
213 88 169 40 295 215 287 365 299 294 265 215 247 364 253 297 0 2;
211 0 283 73 282 113 281 156 280 216 318 111 248 112 355 92 397 55
212 94 165 55 295 216 287 365 299 295 265 216 247 364 253 298 0 2;
212 0 284 72 283 113 282 157 280 217 320 114 248 114 359 104 409 81
211 105 152 82 295 218 288 365 299 296 265 217 247 364 253 299 0 2
;
213 0 284 72 283 113 282 158 280 218 320 115 249 115 360 108 414 94
210 109 148 95 295 219 288 364 299 297 266 218 247 365 253 300 0 2
;
214 0 285 71 283 114 282 158 280 220 320 117 249 116 360 121 416 119
209 120 151 123 295 220 288 365 299 297 265 219 247 366 252 300 0 2
;
215 0 285 71 283 114 282 159 280 220 320 118 249 117 360 123 412 130
211 125 153 135 295 221 288 365 299 298 265 220 246 366 252 301 0 2
;
216 0 285 71 283 114 282 160 280 222 319 119 249 118 358 131 413 148
212 132 156 155 295 222 289 365 299 298 264 221 246 367 252 301 0 2
;
217 0 285 71 283 114 281 160 279 222 319 119 249 119 357 133 412 155
212 135 156 163 295 223 289 365 299 299 264 221 246 367 251 302 0 2
;
218 0 285 71 283 114 281 160 279 223 318 120 249 119 355 135 411 159
212 138 157 168 294 224 289 365 299 299 263 222 246 368 251 302 0 2
;
219 0 285 70 282 114 281 160 278 223 317 120 248 119 355 135 412 156
212 138 156 166 294 224 289 364 299 300 263 222 245 368 250 303 0 0
;
220 0 283 70 281 114 280 160 277 223 317 120 247 119 356 132 415 144
210 136 156 151 293 224 289 364 299 300 262 223 246 369 250 303 0 2
;
221 0 283 70 280 114 279 160 277 223 316 119 246 119 356 129 417 135
206 132 148 146 292 224 289 365 298 300 261 223 246 369 249 303 0 2
;
222 0 281 69 279 113 278 159 276 223 316 118 244 118 358 120 418 113
201 123 141 126 291 224 290 365 297 301 260 222 246 369 248 302 0 2
;
223 0 280 69 278 113 277 159 274 222 315 118 242 117 357 113 418 101
196 115 132 114 290 223 289 365 297 300 259 222 246 369 248 302 0 2
;
224 0 277 68 276 112 274 158 272 221 314 116 239 115 356 104 398 80
193 105 131 87 288 222 289 365 295 301 257 221 246 369 246 301 0 2
;
225 0 275 67 274 111 272 157 270 220 313 113 235 113 350 91 401 50
194 95 133 59 286 221 289 365 293 300 255 220 245 368 244 300 0 2;
226 0 274 67 272 110 271 157 269 219 311 111 234 112 346 84 393 38
194 88 140 47 284 220 289 365 292 300 253 219 245 368 243 300 0 2;
227 0 273 67 271 110 269 156 267 219 309 110 233 110 341 76 384 27
195 84 147 35 283 219 289 365 291 299 252 218 245 368 242 299 0 2;
228 0 270 67 268 109 267 155 265 217 304 106 232 109 332 66 360 10
198 75 165 17 281 218 288 365 288 299 250 217 245 368 241 298 0 0;
229 0 269 67 267 109 266 154 264 217 302 105 231 107 328 64 343 18
200 68 177 15 280 217 288 364 287 298 249 216 244 367 240 298 0 0;
230 0 266 67 264 109 263 154 262 215 297 103 229 105 318 60 322 10
202 66 195 13 278 216 288 364 285 298 246 215 244 368 238 296 1 0;
231 0 265 67 263 109 262 153 261 215 294 102 228 104 313 59 312 10
204 65 203 12 277 215 287 364 284 298 244 214 244 368 237 295 1 0;
232 0 262 67 262 109 261 153 259 214 294 101 228 104 305 56 294 9 207
63 216 11 275 214 286 364 282 298 243 213 244 368 235 294 1 0;
233 0 260 67 262 109 260 153 258 213 293 101 228 104 302 55 286 9 208
62 220 16 274 214 285 364 281 298 242 213 244 368 234 294 1 0;
234 0 258 67 259 108 257 152 254 212 288 101 226 103 297 56 275 10
210 62 232 13 270 212 284 364 279 297 238 211 244 368 233 294 1 1;
235 0 257 68 257 108 255 151 252 211 287 100 225 104 295 54 272 9 210
62 235 14 268 211 285 366 277 296 236 211 244 369 232 294 1 1;
236 0 256 68 256 109 254 152 251 211 286 100 224 103 295 54 274 9 210
61 233 13 268 211 285 366 275 296 235 211 244 369 231 294 1 1;
237 0 254 68 254 109 252 152 249 212 285 101 222 103 296 56 283 8 208
61 225 10 266 212 285 366 274 297 233 212 244 369 229 295 1 1;
238 0 253 68 252 109 251 152 248 213 284 101 221 103 298 57 290 9 205
61 215 14 265 213 285 366 273 298 232 212 244 369 229 295 1 1;
239 0 252 68 251 109 249 153 246 214 283 104 218 103 304 63 308 11
197 63 198 10 263 215 284 366 272 299 230 214 244 370 228 297 0 1;
240 0 252 68 251 109 249 154 246 215 283 104 217 103 307 65 318 15
193 66 188 12 262 215 284 367 272 300 230 215 244 370 228 297 0 0;
241 0 251 68 250 109 248 154 246 216 284 104 217 103 316 74 341 20
184 71 164 17 262 216 284 366 271 300 230 215 244 371 227 298 0 0;
242 0 251 68 250 110 248 154 245 216 285 106 214 106 320 80 352 28
180 76 150 18 261 217 284 366 272 301 229 216 244 371 227 298 0 0;
243 0 250 68 249 110 247 155 245 218 285 108 213 107 325 90 368 53
172 87 128 40 261 218 287 368 273 302 229 217 244 371 227 299 0 0;
244 0 250 68 249 110 247 156 245 219 285 110 212 108 326 94 385 58
170 93 119 53 261 219 288 368 274 302 229 218 243 370 227 299 0 2;
245 0 250 67 248 110 247 157 245 220 286 112 212 111 328 104 387 88
168 104 110 83 261 221 294 368 276 303 229 220 243 370 227 299 0 2
;
246 0 250 67 248 110 247 157 245 221 286 113 212 111 328 110 389 99
167 107 108 96 261 222 297 369 276 303 229 221 243 370 227 299 0 2
;
247 0 250 67 248 111 247 158 245 222 286 115 212 113 328 119 392 117
168 118 109 120 261 223 304 367 279 303 230 222 243 370 227 299 0 2
;
248 0 250 67 249 111 247 158 246 223 286 116 213 114 328 121 377 124
170 122 111 130 262 224 305 366 280 303 230 223 243 370 227 299 0 2
;
249 0 251 67 249 111 248 159 247 224 286 117 213 115 327 126 391 139
171 129 114 147 263 225 308 364 282 303 231 224 243 371 227 299 0 0
;
250 0 251 67 249 111 248 159 247 225 286 117 213 115 327 128 392 144
173 131 116 153 263 225 312 366 283 302 231 224 243 371 227 299 0 0
;
251 0 252 67 250 112 249 160 248 225 287 118 214 116 328 129 393 150
175 133 119 159 264 226 314 368 284 302 232 225 243 371 228 299 0 2
;
252 0 252 67 251 112 250 160 249 226 287 118 215 116 328 129 395 149
176 134 119 159 265 226 314 367 285 302 233 225 243 371 228 299 0 2
;
253 0 254 66 252 112 252 160 251 226 289 118 216 117 331 128 397 140
177 133 117 152 267 227 315 369 287 303 234 225 243 371 230 299 0 2
;
254 0 254 66 253 112 253 160 251 226 290 118 217 117 333 127 397 132
177 132 116 145 268 227 315 369 288 304 235 225 243 371 230 299 0 2
;
255 0 257 66 256 112 255 160 254 226 293 117 219 117 337 120 402 114
177 126 115 129 270 227 316 370 289 304 238 225 243 370 232 299 0 2
;
256 0 258 66 257 111 256 160 256 226 295 116 220 116 343 113 407 103
178 121 115 120 271 226 316 370 291 303 240 225 243 370 232 299 0 2
;
257 0 262 66 261 111 260 159 260 224 300 114 223 115 344 106 405 81
178 111 112 99 276 225 318 369 294 302 244 224 244 370 234 299 0 2
;
258 0 264 65 263 110 262 158 262 224 302 113 224 115 346 97 398 70
180 105 118 86 278 224 318 368 296 302 246 223 244 370 235 299 0 2
;
259 0 268 65 267 109 267 157 266 222 307 110 228 113 346 86 400 42
187 95 130 63 282 223 320 368 299 302 251 222 244 369 238 299 0 0;
260 0 270 64 269 109 269 156 269 221 309 108 230 111 347 79 394 30
192 89 138 51 285 222 320 369 301 302 253 221 244 368 240 299 0 0;
261 0 274 64 273 108 273 155 273 220 311 105 235 108 344 68 378 10
202 77 161 27 290 220 320 369 303 302 257 219 244 368 244 300 0 2;
262 0 276 64 275 107 275 154 275 219 312 104 238 107 342 62 361 18
209 74 176 19 292 219 320 369 306 301 259 218 245 368 247 300 0 2;
263 0 279 64 279 106 279 153 279 217 313 101 243 105 338 53 345 7 218
67 207 20 296 217 320 369 308 300 263 217 246 368 251 299 1 1;
264 0 281 63 279 106 280 153 281 216 313 100 245 104 336 53 336 6 224
64 219 20 298 216 320 369 310 299 264 216 246 368 252 300 1 0;
265 0 284 63 285 105 285 151 286 213 316 97 250 101 330 43 320 2 233
60 240 10 303 212 321 368 313 297 269 214 247 369 256 298 1 1;
266 0 285 62 287 105 287 150 287 212 317 96 252 100 330 42 313 3 236
58 248 9 304 211 321 368 314 296 270 213 247 370 257 297 1 1;
267 0 288 61 289 104 289 149 289 210 318 96 256 99 328 41 307 4 241
57 261 10 306 210 321 367 316 294 272 211 247 370 260 295 1 1;
268 0 289 62 289 104 289 149 290 209 318 95 256 99 328 41 305 4 242
57 265 10 307 209 321 367 316 294 273 210 248 370 260 294 1 1;
269 0 289 62 290 104 290 148 290 209 318 94 257 99 328 41 308 3 243
56 265 10 307 209 321 367 317 293 273 210 248 370 261 294 1 1;
270 0 289 62 290 104 290 148 290 209 318 95 257 99 328 41 311 3 243
56 262 9 307 209 321 367 317 293 273 210 248 371 261 294 1 1;
271 0 289 62 290 104 290 149 290 210 318 95 257 99 334 48 324 4 241
58 250 8 307 210 321 367 317 294 273 211 248 371 261 295 1 1;
272 0 289 62 290 104 290 149 290 211 319 95 257 99 336 49 332 4 237
60 241 10 307 211 321 367 317 295 273 211 248 371 260 295 1 1;
273 0 289 62 288 105 288 151 287 214 319 98 253 102 342 53 349 7 227
65 221 12 304 214 321 367 316 297 271 214 248 371 259 298 1 0;
274 0 288 62 287 105 286 151 286 215 319 98 252 103 346 56 359 9 222
67 209 15 303 215 321 367 316 297 270 215 248 370 258 299 1 0;
275 0 285 62 284 106 284 153 284 216 319 99 247 105 352 66 379 16 210
76 179 15 300 217 321 367 313 299 268 216 248 368 255 300 0 0;
276 0 284 62 283 106 283 153 282 217 319 100 245 106 356 73 389 24
203 82 165 26 298 217 321 368 311 299 266 217 248 368 253 300 0 0;
277 0 280 62 279 107 279 154 279 219 318 102 243 108 359 82 404 45
198 96 145 55 295 219 321 368 309 300 263 218 247 368 250 301 0 2;
278 0 278 63 277 108 277 155 276 221 314 107 240 110 356 90 413 53
195 100 133 68 292 221 321 368 308 301 261 220 247 368 248 300 0 2
;
279 0 274 63 273 109 273 157 272 222 311 109 236 112 357 96 419 77
190 110 131 98 288 223 321 368 305 302 257 222 246 368 243 300 2 2
;
280 0 272 63 271 109 271 157 271 223 309 110 234 113 354 105 418 90
187 115 128 110 287 224 321 368 303 303 255 222 246 367 242 299 2 2
;
281 0 269 63 268 110 267 158 267 224 305 112 230 114 349 115 412 110
187 126 129 131 283 225 320 368 301 303 251 223 245 368 239 299 2 2
;
282 0 267 63 266 110 266 159 265 225 303 113 229 114 346 118 411 119
187 128 132 139 281 225 320 368 300 303 249 224 245 368 239 299 2 2
;
283 0 263 63 263 110 263 159 263 225 299 114 226 115 342 124 405 135
186 134 131 154 279 226 320 368 298 303 247 225 244 368 237 299 0 2
;
284 0 262 63 261 110 261 159 261 226 297 114 224 116 342 125 403 142
186 135 132 160 277 226 320 368 298 303 245 225 244 368 236 298 0 0
;
285 0 259 64 259 111 259 160 259 226 295 115 222 116 337 129 398 150
184 139 132 167 275 227 319 368 296 303 243 226 244 369 235 298 0 2
;
286 0 257 64 257 111 257 160 257 227 293 115 220 117 335 130 397 153
182 139 130 168 273 227 318 368 294 303 241 226 244 370 234 299 0 2
;
287 0 256 64 256 111 256 160 256 227 292 116 219 117 334 130 397 151
181 139 128 165 272 227 318 368 293 303 240 226 244 370 233 299 0 2
;
288 0 255 64 255 111 255 160 255 227 291 116 218 117 333 130 397 147
180 138 125 161 271 227 318 368 292 303 239 226 244 370 233 299 0 0
;
289 0 254 64 254 111 254 160 254 227 290 116 216 117 333 127 398 136
175 133 118 148 270 227 317 368 291 303 238 226 244 370 232 299 0 2
;
290 0 253 64 253 111 253 160 253 227 290 115 215 116 334 120 400 120
170 124 110 131 269 227 317 368 290 303 237 226 244 370 231 300 0 0
;
291 0 253 64 253 111 253 160 253 226 290 115 214 116 335 114 406 112
170 119 109 120 269 227 317 368 290 303 237 226 244 370 231 300 0 0
;
292 0 253 64 252 110 252 159 252 226 290 114 213 115 337 103 404 89
166 107 103 95 268 226 317 368 290 303 236 225 244 370 230 300 0 2
;
293 0 253 64 252 110 252 159 252 225 290 113 213 114 335 99 406 77
166 100 107 81 268 225 317 368 290 302 236 225 244 370 230 300 0 2
;
294 0 253 64 252 110 252 158 252 224 290 111 212 111 335 85 398 52
170 89 113 56 268 224 318 368 290 302 236 223 244 371 230 299 0 2;
295 0 253 64 252 109 252 158 252 223 290 110 212 110 332 82 388 42
172 85 116 42 268 224 318 368 290 301 236 223 244 370 230 299 0 2;
296 0 253 64 252 108 252 156 252 222 291 107 214 107 327 72 373 22
179 72 139 24 268 222 318 368 290 300 236 221 244 370 230 299 0 0;
297 0 254 64 253 108 252 156 252 221 290 106 215 105 324 67 365 13
184 67 149 15 268 221 318 368 290 299 236 220 244 370 230 298 0 0;
298 0 255 63 253 107 253 155 253 219 290 104 217 102 318 59 339 10
193 60 174 11 269 219 319 368 291 298 236 218 244 370 231 298 0 1;
299 0 255 63 254 107 254 154 253 218 289 102 218 101 314 58 330 9 198
58 185 9 270 218 319 368 291 298 237 217 244 370 231 296 1 1;
300 0 256 63 255 107 255 154 255 216 289 102 218 101 310 55 316 6 206
55 204 6 272 217 320 368 292 296 238 216 244 370 232 294 1 1;
301 0 257 62 256 106 256 152 256 214 289 100 225 97 308 45 315 2 212
43 212 1 273 215 320 369 292 296 239 214 244 370 232 294 1 1;
302 0 258 61 258 104 258 149 258 209 292 96 227 95 306 40 301 -25 220
42 230 2 275 210 320 369 293 293 241 209 244 370 234 293 1 1;
303 0 259 61 259 105 259 149 259 209 292 97 228 94 305 39 293 0 221
42 234 2 276 210 320 369 294 293 241 208 244 370 236 293 1 1;
304 0 262 61 264 103 263 146 262 205 297 90 231 89 304 39 288 2 225
42 244 3 279 206 321 369 295 290 246 205 244 369 238 290 1 1;
305 0 263 61 265 103 265 146 264 205 298 88 233 89 305 40 288 2 226
42 248 3 281 206 321 369 297 290 247 204 244 369 240 289 1 1;
306 0 265 61 266 103 267 146 268 205 299 89 233 91 306 40 288 2 229
43 253 4 285 206 321 369 299 291 251 205 244 368 242 290 1 1;
307 0 268 61 267 103 268 146 269 206 299 89 233 92 307 41 289 3 229
46 252 5 287 206 321 369 301 291 252 205 245 368 244 291 1 1;
308 0 271 61 274 104 273 147 272 207 304 91 241 95 312 41 297 3 229
51 248 6 290 207 321 369 304 292 255 207 245 368 247 292 1 1;
309 0 272 60 274 103 274 148 275 208 305 92 241 96 315 41 302 3 229
51 245 6 292 208 321 369 305 293 257 208 245 368 249 294 1 1;
310 0 274 60 275 103 276 148 277 210 307 94 241 96 324 48 317 4 228
52 235 5 294 210 321 369 307 295 260 210 246 368 251 296 1 1;
311 0 276 60 276 103 277 149 279 211 307 94 241 96 327 49 323 4 224
54 228 6 295 211 321 369 308 296 262 212 246 368 252 297 1 1;
312 0 278 61 278 104 279 150 281 214 312 96 243 99 336 52 340 5 219
61 212 10 298 214 320 368 312 298 265 215 247 368 254 299 1 1;
313 0 279 61 279 104 280 151 282 215 314 97 244 101 340 54 349 6 217
65 204 18 299 215 320 368 312 298 266 216 247 367 255 300 1 0;
314 0 281 61 280 104 282 152 284 217 319 99 245 103 352 62 367 20 207
78 182 14 301 216 321 367 313 299 268 218 247 368 255 301 1 0;
315 0 282 60 281 104 283 152 285 218 320 99 245 105 358 70 380 12 201
84 169 17 301 217 321 367 314 299 269 219 247 368 256 301 0 0;
316 0 284 60 283 105 284 153 286 220 322 102 246 108 366 86 404 22
196 104 147 46 302 219 321 368 314 299 270 220 247 368 256 302 0 2
;
317 0 284 60 283 105 284 154 286 221 322 104 246 109 367 91 414 38
199 114 137 66 302 220 321 368 314 299 270 221 247 368 256 302 0 2
;
318 0 285 59 284 106 284 155 286 223 322 107 246 111 368 112 429 72
204 131 134 117 302 222 320 368 315 300 269 223 247 368 256 302 2 2
;
319 0 285 59 284 106 284 156 286 224 322 109 246 112 367 122 438 89
207 140 135 143 302 223 320 368 315 300 269 224 247 368 256 302 0 2
;
320 0 285 59 284 107 284 157 285 226 321 112 246 114 360 138 435 133
215 153 155 187 302 226 320 368 315 301 269 226 247 368 256 303 0 2
;
321 0 285 59 283 107 284 158 285 227 320 114 246 115 357 147 429 156
218 158 168 206 302 227 320 368 315 301 269 227 247 368 256 303 0 2
;
