1107 0 296 63 295 110 296 161 297 230 327 122 266 121 358 156 345 98
241 170 250 106 314 231 331 366 325 299 280 230 270 365 271 302 2 2
;
1108 0 297 63 296 110 297 161 298 230 329 122 267 121 355 163 346 97
242 170 250 106 315 230 331 366 326 299 281 230 270 366 272 302 2 2
;
1109 0 298 63 296 110 297 161 299 230 329 122 267 121 358 157 346 98
243 170 251 107 316 230 331 366 326 299 282 230 270 365 272 302 2 2
;
1110 0 298 63 297 110 298 161 299 231 330 123 268 121 356 164 347 99
243 170 251 107 316 230 331 366 327 299 283 231 270 366 273 303 2 2
;
1111 0 298 63 297 110 298 161 300 231 330 123 268 121 356 164 347 99
243 170 251 107 317 230 331 366 327 299 283 231 270 366 273 303 2 2
;
1112 0 299 63 297 110 298 161 300 231 330 123 268 121 356 164 347 99
243 170 252 106 317 230 331 366 328 299 283 231 270 366 273 303 2 2
;
1113 0 299 63 297 110 298 161 300 230 330 123 268 121 356 164 347 98
243 170 252 105 317 230 331 366 328 299 283 231 270 366 274 303 2 2
;
1114 0 299 63 298 110 299 161 300 230 331 122 269 121 360 157 348 98
241 167 252 103 317 230 331 366 328 299 283 230 270 366 274 303 2 2
;
1115 0 300 63 298 110 299 161 300 230 331 122 269 121 360 157 347 97
241 167 252 101 317 230 331 366 328 299 283 230 270 367 274 303 2 2
;
1116 0 300 63 298 110 299 161 300 230 331 122 268 121 359 157 347 97
241 167 252 100 317 230 332 366 329 299 283 230 270 366 274 302 2 2
;
1117 0 300 63 298 110 298 161 300 230 330 122 268 120 359 158 346 97
240 167 251 101 317 230 332 366 329 299 283 230 270 366 273 302 2 2
;
1118 0 299 63 297 110 298 160 299 230 327 123 267 120 356 157 344 99
238 167 250 105 316 230 332 366 328 299 282 230 270 366 273 302 2 3
;
1119 0 299 63 296 110 297 160 298 230 326 123 266 120 355 158 344 100
236 168 249 106 315 230 332 366 328 299 281 230 270 366 272 302 2 3
;
1120 0 298 64 295 111 295 161 296 230 325 124 265 120 353 159 342 101
234 168 248 108 312 230 332 366 326 299 279 230 269 366 270 302 2 3
;
1121 0 297 64 294 111 294 161 294 230 325 124 265 120 352 160 341 101
237 155 247 107 311 231 332 366 325 299 278 230 269 365 269 301 2 3
;
1122 0 296 64 293 111 293 161 293 230 324 124 263 120 351 160 340 100
236 156 246 104 310 230 332 367 323 299 276 229 269 365 267 301 2 3
;
1123 0 296 64 292 111 292 161 292 229 324 124 262 120 351 160 339 99
231 166 246 102 309 230 332 367 323 299 276 229 269 365 267 300 2 3
;
1124 0 295 64 291 110 291 160 292 229 324 124 261 120 350 160 338 96
229 163 245 99 308 229 332 367 323 299 275 228 269 365 266 300 2 2
;
1125 0 295 64 291 110 291 160 291 229 324 124 261 120 350 159 338 95
229 163 245 98 308 229 332 367 323 298 275 228 268 365 266 300 2 2
;
1126 0 294 64 291 110 291 160 291 228 324 124 260 119 350 159 338 96
228 164 244 98 308 229 333 367 323 298 274 228 268 365 266 299 2 2
;
1127 0 294 64 291 110 291 160 291 228 324 124 260 119 350 159 338 98
229 164 245 99 308 229 333 367 323 298 274 228 268 365 266 299 2 2
;
1128 0 294 64 291 110 291 160 291 228 324 124 260 120 350 159 340 103
230 166 245 100 308 229 333 367 323 298 274 228 268 365 267 300 3 2
;
1129 0 294 64 291 110 291 160 291 229 324 124 260 120 350 159 340 104
232 167 246 102 308 229 333 367 323 299 275 228 268 366 267 300 3 2
;
1130 0 295 64 291 111 292 161 292 229 324 124 262 121 351 158 340 105
234 169 246 104 309 230 332 367 324 299 276 229 268 366 267 301 3 2
;
1131 0 295 64 291 111 292 161 293 229 324 124 262 121 352 158 340 103
235 169 247 104 310 230 332 368 324 300 276 229 268 366 267 301 3 2
;
1132 0 295 65 292 111 292 161 294 230 324 123 264 122 355 155 341 98
236 169 247 104 311 230 332 368 324 300 277 229 269 365 269 301 2 2
;
1133 0 295 65 292 111 293 161 295 229 325 123 264 122 357 154 342 96
237 170 248 103 312 229 332 368 325 299 278 229 269 365 270 301 2 2
;
1134 0 295 64 293 111 294 160 297 229 327 122 264 121 359 152 342 92
238 169 248 102 314 229 332 367 326 298 280 228 270 366 271 301 2 2
;
1135 0 295 64 293 111 295 160 297 228 327 122 264 121 360 151 342 91
238 169 248 101 314 228 332 367 327 298 280 228 270 366 272 301 2 2
;
1136 0 295 64 293 111 295 160 298 228 327 122 265 121 361 151 342 90
239 168 248 100 315 228 332 366 328 298 281 229 271 366 273 301 2 2
;
1137 0 295 64 294 111 295 160 298 228 328 122 265 121 361 151 341 90
239 168 248 101 315 228 332 366 328 298 281 229 270 366 273 301 2 2
;
1138 0 295 64 294 111 296 160 298 228 328 122 265 121 361 151 341 91
239 168 247 101 315 228 332 366 329 298 282 229 270 366 273 301 2 2
;
1139 0 295 64 294 111 295 160 298 228 328 122 265 121 360 152 341 92
239 168 247 102 315 228 332 366 329 298 282 229 270 366 274 301 2 2
;
1140 0 295 64 293 111 295 160 298 229 327 122 265 121 359 153 341 94
239 168 246 103 315 229 332 366 329 299 281 229 270 366 273 301 2 2
;
1141 0 295 64 293 111 295 160 298 229 327 122 265 121 358 154 341 95
238 168 246 103 315 229 332 367 328 299 281 229 270 366 273 301 2 2
;
1142 0 295 64 293 111 295 160 297 229 327 122 265 121 357 155 340 95
238 168 246 102 314 229 332 367 327 299 280 229 270 366 272 301 2 2
;
1143 0 295 64 293 111 294 161 297 229 327 122 265 121 357 155 340 95
237 168 246 102 314 229 332 367 326 299 280 229 270 365 272 301 2 2
;
1144 0 295 64 292 111 294 160 296 229 327 122 264 121 356 155 340 94
236 168 245 101 313 229 332 367 325 299 279 229 270 366 271 301 2 2
;
1145 0 295 64 292 111 294 160 296 229 327 122 264 120 356 155 340 94
236 168 245 101 313 229 332 367 325 299 279 228 270 366 271 301 2 2
;
1146 0 295 64 292 111 294 160 296 229 327 122 264 120 356 156 340 94
235 168 245 100 312 229 332 367 325 299 279 228 269 366 271 301 2 2
;
1147 0 295 64 292 111 294 160 295 229 326 122 264 120 356 156 340 94
235 168 245 101 312 229 332 367 325 299 279 228 269 366 271 301 2 2
;
1148 0 295 64 292 111 294 160 295 229 326 122 263 120 356 156 340 95
235 168 245 101 312 229 332 367 325 299 279 228 269 366 271 302 2 2
;
1149 0 295 64 292 111 294 160 295 229 326 122 263 120 355 156 340 96
235 168 245 101 312 229 332 367 325 299 279 228 269 366 271 302 2 2
;
1150 0 295 64 292 111 294 161 295 229 326 122 263 120 355 156 340 97
235 168 245 103 312 229 332 367 325 299 279 228 269 366 271 302 2 2
;
1151 0 295 64 292 111 294 161 295 229 326 122 263 121 355 156 340 97
235 168 245 103 312 229 332 367 325 299 279 229 269 366 271 302 2 2
;
1152 0 295 64 292 111 294 161 295 229 326 123 264 121 355 156 340 97
236 169 245 103 312 229 332 367 325 300 279 229 269 366 271 302 2 2
;
1153 0 295 65 292 111 294 161 296 229 326 123 264 121 356 156 341 96
236 169 245 102 312 229 332 367 325 300 279 229 269 366 271 302 2 2
;
1154 0 295 65 292 111 294 161 296 229 326 122 264 121 357 155 341 93
236 168 244 99 313 229 332 367 326 299 279 229 269 366 271 302 2 2
;
1155 0 295 64 292 111 294 161 296 229 326 122 264 121 357 154 341 92
236 167 244 97 313 229 332 367 326 299 279 229 269 366 271 302 2 2
;
1156 0 295 64 292 111 294 160 297 229 326 122 264 120 358 154 341 90
234 153 245 94 314 229 333 367 327 299 280 229 269 366 271 302 2 2
;
1157 0 295 64 292 111 294 160 297 228 326 122 264 120 358 154 341 90
235 163 246 95 314 228 333 367 327 299 280 228 269 366 272 301 2 2
;
1158 0 295 63 292 110 294 159 297 228 326 121 263 119 357 154 341 91
234 152 246 98 314 228 333 367 328 298 280 228 269 366 272 301 2 3
;
1159 0 295 63 292 110 294 160 297 228 326 121 263 118 357 154 340 92
235 153 246 99 314 228 333 367 328 298 280 228 269 365 272 301 2 3
;
1160 0 296 64 292 110 294 160 297 228 326 122 263 119 357 154 340 94
235 153 246 102 313 228 333 367 328 298 280 228 269 365 272 301 2 3
;
1161 0 296 64 292 110 294 160 296 228 326 122 263 119 357 154 340 94
235 154 245 103 313 228 333 367 327 299 279 228 269 365 271 301 2 3
;
1162 0 296 64 292 110 294 160 295 228 326 122 263 119 357 155 340 94
235 154 244 100 312 229 333 367 326 299 279 228 269 365 270 300 2 3
;
1163 0 296 64 292 110 294 160 295 228 327 122 262 119 357 155 340 93
235 154 244 98 311 229 333 367 325 300 278 228 269 366 269 300 2 3
;
1164 0 296 64 293 110 293 160 294 228 327 123 261 119 357 154 341 91
234 164 243 95 311 229 333 367 324 299 277 228 269 365 269 300 2 2
;
1165 0 296 64 293 110 293 160 294 228 327 123 261 119 358 154 340 90
234 164 243 95 310 229 333 367 323 299 277 228 269 365 268 300 2 2
;
1166 0 296 64 293 110 293 160 293 228 327 123 261 119 359 154 340 90
234 164 244 96 310 229 332 367 323 299 277 228 269 365 267 299 2 2
;
1167 0 296 64 293 110 293 160 293 228 327 123 261 119 359 154 340 92
235 155 244 97 310 229 332 367 323 299 277 228 269 365 267 299 2 2
;
1168 0 296 64 293 110 293 160 293 228 327 123 261 119 358 154 341 98
236 167 245 100 310 229 332 367 323 299 277 228 269 365 267 299 3 2
;
1169 0 296 64 293 110 293 160 293 228 327 123 261 119 358 154 341 99
236 168 245 102 310 229 332 367 323 299 277 228 269 365 267 299 3 2
;
1170 0 296 64 293 111 293 160 293 228 327 123 262 120 358 154 341 99
238 157 245 104 310 229 332 367 323 299 277 228 269 365 267 299 3 2
;
1171 0 297 64 293 111 293 160 294 228 327 123 262 120 358 154 341 95
238 157 245 104 310 229 332 367 323 299 277 228 269 365 268 300 3 2
;
1172 0 297 64 293 111 294 160 294 228 328 123 262 120 358 154 341 94
238 157 245 103 310 229 332 367 323 300 277 228 269 365 268 300 2 2
;
1173 0 297 64 294 111 294 160 294 228 328 123 262 120 359 154 342 93
238 157 245 103 311 229 332 367 324 300 278 228 269 365 268 300 2 2
;
1174 0 297 65 294 111 294 160 294 228 328 123 263 120 359 154 342 90
239 157 246 102 311 229 332 368 324 300 278 228 269 365 269 300 2 2
;
1175 0 298 65 295 111 295 160 295 228 329 123 263 120 360 154 343 90
239 156 247 102 312 229 332 368 324 300 278 228 269 365 270 300 2 2
;
1176 0 298 65 295 111 295 160 295 228 329 123 264 120 360 154 343 90
239 156 247 101 312 229 332 367 325 300 279 228 269 365 270 300 2 2
;
1177 0 298 65 295 111 295 160 296 228 329 123 264 120 360 154 344 90
239 156 247 101 312 229 332 367 325 300 279 228 269 365 270 300 2 2
;
1178 0 299 65 296 111 296 160 296 228 330 124 265 120 361 155 345 90
241 168 248 101 313 228 332 367 325 299 280 228 269 365 271 300 2 2
;
1179 0 299 65 296 111 296 160 297 228 331 124 265 120 362 155 346 90
241 168 248 101 313 228 332 367 325 299 280 228 269 365 271 300 2 2
;
1180 0 300 65 296 111 297 160 297 228 332 124 266 120 362 155 347 90
241 168 249 100 314 229 332 367 326 299 281 228 269 365 272 300 2 2
;
1181 0 300 65 297 111 297 160 298 228 332 124 266 120 363 155 348 90
241 168 249 100 314 229 332 367 327 299 281 228 269 365 272 300 2 2
;
1182 0 301 65 298 111 298 160 298 228 333 124 266 119 363 155 348 90
241 168 250 100 315 229 332 367 327 299 282 228 270 365 272 300 2 2
;
1183 0 301 65 298 111 298 161 298 228 333 124 267 119 363 155 349 90
241 168 250 100 315 229 332 367 327 299 282 228 270 365 272 301 2 2
;
1184 0 301 65 298 111 298 161 299 228 333 124 267 119 364 155 349 90
242 168 250 99 315 229 332 367 327 299 282 228 270 366 273 301 2 2
;
1185 0 302 65 299 111 299 161 299 228 334 124 267 119 364 155 349 90
242 167 250 99 316 229 332 367 328 299 283 228 270 366 273 301 2 2
;
1186 0 302 65 299 111 299 161 299 228 334 124 267 119 364 155 349 90
242 167 250 99 316 229 332 367 328 299 283 228 270 366 273 301 2 2
;
1187 0 302 65 299 111 299 161 300 229 334 124 268 119 364 155 349 90
242 167 250 99 316 229 332 367 328 299 283 228 270 366 273 301 2 2
;
1188 0 302 65 299 111 299 161 300 229 334 124 268 119 365 155 349 90
242 167 250 99 317 229 332 366 328 299 283 228 270 367 274 301 2 2
;
1189 0 302 65 299 111 299 161 300 229 334 124 268 119 365 155 349 91
242 167 250 99 317 229 332 366 328 299 284 228 270 367 274 301 2 2
;
1190 0 302 65 299 111 300 161 300 229 334 124 268 119 365 156 349 92
242 167 250 100 317 229 332 366 329 299 284 229 270 367 274 301 2 2
;
1191 0 302 65 299 111 300 161 300 229 334 124 268 119 365 156 350 93
243 168 250 101 317 229 332 366 329 299 284 229 270 367 274 301 2 2
;
1192 0 302 65 299 111 300 161 300 229 334 124 268 119 365 156 350 92
243 168 249 100 317 229 332 366 329 299 284 229 270 367 274 301 2 2
;
1193 0 302 65 299 111 300 161 300 229 334 124 268 119 365 156 350 91
242 167 249 98 317 229 332 366 329 299 284 229 270 367 274 301 2 2
;
1194 0 302 65 299 111 300 161 300 229 334 124 268 119 365 156 350 90
241 166 249 97 317 229 332 366 329 299 284 229 270 367 274 301 2 2
;
1195 0 302 64 299 111 300 160 300 229 334 124 267 119 364 156 350 89
240 153 249 93 317 229 332 366 329 299 284 229 270 366 274 301 2 2
;
1196 0 302 64 299 111 300 160 300 229 334 124 267 119 365 156 349 89
240 153 249 93 317 229 332 366 329 299 284 229 270 366 274 301 2 2
;
1197 0 302 64 299 111 299 160 300 229 334 124 267 119 365 156 348 89
236 162 249 95 317 229 332 366 329 300 283 229 270 366 274 301 2 2
;
1198 0 302 64 299 110 299 160 300 229 334 124 266 119 364 156 347 90
237 165 248 97 317 229 332 366 329 300 283 229 270 366 274 301 2 3
;
1199 0 302 64 299 110 299 160 299 229 332 124 265 119 363 155 346 91
239 154 248 100 316 229 332 366 328 300 283 229 270 366 273 301 2 3
;
1200 0 302 64 299 110 299 160 299 229 331 123 265 119 363 155 346 91
236 165 248 100 316 229 332 366 328 300 283 229 270 366 273 301 2 3
;
1201 0 302 64 298 110 298 160 299 229 330 123 264 119 362 154 345 90
237 165 248 98 316 229 332 366 327 299 282 229 270 366 273 301 2 3
;
1202 0 302 64 297 110 298 160 299 229 330 123 264 119 362 154 345 89
237 165 247 97 315 229 332 366 327 299 282 229 270 366 273 301 2 3
;
1203 0 301 64 297 110 298 160 298 229 330 123 264 119 363 152 345 88
237 163 247 93 315 229 332 367 327 299 282 229 269 366 273 301 2 2
;
1204 0 301 64 296 110 297 160 298 229 330 123 263 119 364 151 344 87
237 163 247 92 315 229 332 367 327 300 281 229 269 366 273 301 2 2
;
1205 0 301 64 295 110 297 160 298 229 330 123 263 118 364 151 343 87
237 163 247 92 315 229 332 367 327 300 281 228 269 366 272 301 2 2
;
1206 0 301 64 295 110 297 160 298 229 329 123 263 118 363 151 343 89
237 163 247 93 315 229 332 367 327 300 281 228 269 366 272 301 2 2
;
1207 0 301 64 296 110 297 160 298 229 329 123 263 119 363 152 344 97
237 164 248 96 315 229 332 367 327 300 281 228 269 365 272 301 3 2
;
1208 0 301 64 296 110 297 160 298 229 329 123 264 119 362 152 343 98
239 155 248 97 315 229 332 367 327 300 281 228 269 365 272 301 3 2
;
1209 0 300 64 296 110 297 160 298 229 329 123 263 119 362 152 343 99
239 168 247 99 314 229 332 367 327 300 281 229 269 365 272 301 3 2
;
1210 0 300 64 296 110 297 160 298 229 329 123 263 119 361 152 343 98
240 156 247 100 314 229 332 367 326 300 281 229 269 365 272 301 3 2
;
1211 0 300 64 296 110 297 160 298 229 329 123 263 119 361 153 343 94
239 168 246 99 314 229 332 367 326 300 281 228 269 366 272 301 2 2
;
1212 0 300 64 296 110 297 160 298 229 329 123 263 119 361 152 343 92
239 168 246 99 314 229 332 367 326 300 281 228 269 366 272 301 2 2
;
1213 0 300 64 295 110 296 160 298 229 329 123 263 119 361 152 344 89
239 168 246 98 314 229 332 367 326 299 281 228 269 365 272 301 2 2
;
1214 0 300 64 295 110 296 160 298 229 329 123 263 119 361 152 344 89
239 167 246 98 314 229 332 367 326 299 281 228 269 365 272 301 2 2
;
1215 0 300 64 294 111 296 160 298 229 329 123 263 119 361 152 344 88
239 167 246 97 314 229 332 367 326 299 281 228 269 365 272 301 2 2
;
1216 0 300 64 295 110 296 160 298 229 329 123 263 119 361 152 345 88
239 166 246 97 314 229 332 367 326 299 281 228 269 365 272 301 2 2
;
1217 0 300 64 296 110 296 160 298 229 329 123 263 119 361 152 345 88
240 166 246 97 314 229 332 367 326 299 281 228 269 365 272 301 2 2
;
1218 0 300 64 296 110 296 160 297 229 329 123 263 119 361 152 346 88
240 166 246 97 314 229 332 367 326 299 281 229 269 365 272 301 2 2
;
1219 0 300 64 296 110 296 160 297 229 329 123 263 119 361 152 346 88
240 165 245 97 314 229 332 367 326 300 281 229 269 365 272 301 2 2
;
1220 0 300 64 296 111 296 160 297 229 329 123 263 119 361 153 346 89
240 165 245 97 314 229 332 367 326 300 281 229 269 365 272 301 2 2
;
1221 0 300 64 296 111 297 160 297 229 329 123 263 119 361 153 346 88
240 165 245 96 314 229 332 367 326 300 281 229 269 365 272 301 2 2
;
1222 0 300 64 296 111 297 160 297 229 329 123 263 119 361 153 346 88
240 165 245 96 314 229 332 367 326 300 281 229 269 366 272 301 2 2
;
1223 0 300 64 295 111 296 160 297 229 329 123 263 119 361 153 346 88
241 165 245 96 314 229 332 367 326 300 281 229 269 366 272 301 2 2
;
1224 0 300 64 295 111 296 160 298 229 329 123 263 119 361 153 346 88
241 165 245 96 314 229 332 367 326 300 281 229 269 365 272 301 2 2
;
1225 0 300 64 295 111 296 161 298 229 329 123 263 119 362 153 346 88
241 165 245 95 314 229 332 367 327 300 281 229 269 366 272 301 2 2
;
1226 0 300 65 295 111 296 161 298 229 329 123 263 119 362 153 346 88
241 164 245 95 314 229 332 366 327 300 281 229 269 366 272 301 2 2
;
1227 0 300 65 294 111 296 161 298 229 329 123 263 119 362 153 346 88
241 164 245 95 315 229 332 366 327 300 281 229 270 366 272 301 2 2
;
1228 0 300 65 294 111 296 161 298 229 329 123 263 119 361 153 346 88
241 164 245 96 315 229 332 366 327 300 281 229 270 366 272 301 2 2
;
1229 0 300 65 295 111 296 161 298 229 329 123 263 119 361 153 346 89
241 165 245 96 315 229 332 366 327 300 281 229 270 366 272 301 2 2
;
1230 0 300 65 295 111 296 161 298 229 329 123 263 119 361 153 346 89
241 165 245 97 315 229 332 366 327 300 281 229 270 365 272 301 2 2
;
1231 0 300 65 294 111 296 161 298 229 329 123 263 119 361 153 346 90
241 165 244 97 315 229 332 366 327 300 281 229 270 365 273 301 2 2
;
1232 0 300 65 294 111 296 161 298 229 329 123 263 119 361 153 346 90
241 165 244 97 315 229 332 366 327 300 281 229 270 365 273 301 2 2
;
1233 0 299 65 294 111 296 161 298 229 329 123 263 119 361 153 347 90
241 166 244 95 315 229 332 366 327 300 282 229 270 365 273 301 2 2
;
1234 0 299 65 294 111 296 161 298 229 329 123 263 119 361 153 347 89
241 165 244 94 315 229 332 366 327 300 282 229 270 366 273 301 2 2
;
1235 0 299 65 295 111 296 161 298 229 331 123 263 119 362 154 346 89
237 154 244 92 315 229 332 366 327 299 282 229 270 366 273 301 2 2
;
1236 0 299 65 295 111 296 161 298 229 331 123 263 119 362 154 346 88
237 154 244 91 315 229 332 366 327 299 282 229 270 366 273 300 2 2
;
1237 0 299 65 295 111 296 161 298 229 330 123 263 119 362 154 346 89
237 154 245 92 315 229 332 366 327 299 282 229 270 366 273 300 2 2
;
1238 0 299 65 295 111 296 161 298 229 331 123 263 119 362 154 346 89
237 153 245 94 315 229 332 366 327 299 282 229 270 366 273 300 2 3
;
1239 0 299 65 295 111 297 161 298 229 331 124 263 119 361 155 345 90
237 153 246 99 315 229 332 366 327 299 282 229 270 366 273 300 2 3
;
1240 0 299 65 296 111 297 161 298 229 331 124 263 119 361 155 345 90
238 154 246 101 315 229 332 366 327 299 282 229 270 365 273 300 2 3
;
1241 0 299 65 296 111 297 161 298 229 331 124 263 119 361 155 345 90
238 154 245 101 315 229 332 366 327 299 282 229 270 365 273 301 2 3
;
1242 0 299 65 296 111 297 161 298 229 331 124 263 119 361 155 345 90
238 154 245 100 315 229 332 366 327 299 282 229 270 365 273 301 2 3
;
1243 0 299 65 296 111 297 161 298 229 331 124 263 119 362 155 345 89
238 165 244 96 315 229 332 366 327 299 281 229 270 365 272 301 2 2
;
1244 0 299 66 296 111 297 161 298 229 331 124 263 119 362 155 345 88
238 165 244 95 315 229 332 366 327 299 281 229 270 365 272 301 2 2
;
1245 0 299 66 296 111 297 161 298 229 331 124 263 119 362 154 344 88
239 164 244 93 314 229 332 366 326 299 281 229 269 365 272 300 2 2
;
1246 0 299 66 296 111 297 161 298 229 331 124 263 119 362 154 344 89
239 164 244 94 314 229 332 366 326 300 281 229 269 365 272 300 2 2
;
1247 0 299 66 296 111 297 161 298 229 331 124 264 119 362 154 344 93
239 165 245 96 314 229 332 367 326 300 281 229 270 365 272 301 2 2
;
1248 0 299 66 296 111 297 161 298 229 331 124 264 119 362 154 344 97
240 166 245 97 314 229 332 367 326 300 281 229 270 365 272 301 3 2
;
1249 0 299 66 296 111 297 161 298 229 331 124 264 119 362 154 344 99
240 168 245 100 314 229 332 367 326 300 281 229 269 365 272 301 3 2
;
1250 0 299 66 296 111 297 161 298 229 331 124 264 119 361 155 344 97
241 169 245 102 314 229 332 366 326 300 281 229 269 365 272 301 3 2
;
1251 0 299 66 296 111 297 161 298 229 331 124 264 119 361 155 344 96
241 157 245 101 314 229 332 366 326 300 281 229 269 365 272 301 3 2
;
1252 0 299 66 296 111 297 161 298 229 331 124 264 120 361 155 345 95
241 156 244 101 314 229 331 366 326 300 281 228 269 365 272 301 2 2
;
1253 0 299 66 296 111 297 161 298 229 331 124 264 120 361 155 346 93
240 156 244 101 314 229 331 366 326 300 281 228 269 365 272 301 2 2
;
1254 0 299 65 296 111 297 161 298 229 331 124 264 120 360 156 347 94
240 156 244 105 314 229 331 366 326 300 281 228 270 365 272 301 2 2
;
1255 0 299 65 296 111 297 161 298 229 331 124 264 120 359 156 348 97
240 156 244 109 314 229 331 366 326 300 281 228 269 365 272 301 2 2
;
1256 0 300 65 296 111 297 161 298 229 330 124 265 120 353 168 348 109
241 157 244 123 314 229 331 366 327 300 281 229 269 365 272 301 2 2
;
