829 0 250 64 250 111 251 161 251 229 289 121 211 118 337 133 406 139
163 129 98 146 267 229 305 370 286 307 235 229 244 369 231 302 2 2
;
830 0 250 64 250 111 251 161 251 229 289 121 211 118 337 133 406 140
163 129 99 146 267 229 305 370 286 307 235 229 244 369 231 302 2 2
;
831 0 250 64 250 111 251 161 251 229 288 121 211 118 337 133 406 140
163 129 100 146 267 229 305 370 286 307 235 229 244 369 231 302 2 2
;
832 0 250 64 250 111 251 161 251 229 288 121 211 118 337 133 406 140
163 129 100 147 267 229 305 370 286 307 235 229 244 369 231 302 2 2
;
833 0 250 64 250 111 251 161 251 229 288 121 211 118 337 133 406 141
163 129 100 147 267 229 305 370 286 307 235 229 244 369 231 302 0 2
;
834 0 250 64 250 111 251 161 251 229 288 121 211 118 337 133 406 141
163 129 100 147 267 229 305 370 286 307 235 229 244 369 231 302 2 2
;
835 0 250 64 250 111 251 161 251 229 289 121 211 118 337 133 407 140
163 129 99 146 267 229 305 371 286 307 235 229 244 369 231 302 2 2
;
836 0 250 64 250 111 251 161 251 229 289 121 211 118 337 133 408 138
163 129 99 144 267 229 305 371 286 307 235 229 244 369 231 302 2 2
;
837 0 250 64 250 111 251 161 251 229 289 120 211 118 336 128 409 127
163 126 97 131 267 229 305 370 286 307 235 229 244 369 231 302 2 2
;
838 0 250 64 250 111 251 161 251 229 289 120 211 118 335 126 408 118
163 122 94 120 267 229 305 370 286 307 235 229 244 369 231 302 2 2
;
839 0 250 64 250 111 251 161 251 229 289 119 210 118 337 120 403 91
162 116 96 88 267 229 305 371 286 307 235 229 244 369 231 302 2 2;
840 0 250 64 250 111 251 161 251 229 290 118 210 118 337 115 400 75
163 114 103 72 267 229 305 371 286 307 235 229 244 369 231 302 2 2
;
841 0 250 64 250 111 250 161 251 228 290 118 210 117 336 111 380 48
163 108 126 46 267 228 305 370 286 307 235 228 244 369 231 302 2 2
;
842 0 250 64 250 111 250 161 251 228 290 117 210 117 335 106 368 41
163 106 139 38 267 228 305 371 286 306 235 228 244 369 231 302 2 2
;
843 0 250 64 250 111 250 160 251 227 290 116 209 116 334 103 343 34
165 99 164 30 267 227 305 371 286 306 235 227 244 369 231 302 2 2;
844 0 250 64 250 111 250 160 251 227 290 116 210 115 333 102 332 31
166 97 176 29 268 227 305 371 286 306 235 227 244 369 231 302 2 2;
845 0 250 64 250 111 250 160 251 227 290 115 210 115 332 98 309 33
167 96 197 36 268 227 305 371 286 306 235 227 244 369 231 302 0 2;
846 0 250 64 250 111 250 160 251 227 290 115 210 115 332 98 298 35
168 95 206 41 268 227 305 371 286 306 235 227 244 369 231 302 0 2;
847 0 250 64 250 111 251 160 252 226 290 114 210 114 332 95 286 51
169 94 215 55 268 226 305 371 286 306 235 226 244 369 231 301 0 2;
848 0 250 64 250 111 251 160 252 226 290 114 210 114 331 93 280 57
170 92 220 59 268 226 305 371 286 306 236 226 244 369 231 301 0 0;
849 0 250 64 250 110 251 159 252 226 290 114 210 114 331 93 277 61
170 93 224 63 268 226 305 371 286 305 236 226 244 369 231 301 1 1;
850 0 250 64 250 111 251 159 252 226 290 115 210 115 331 93 278 59
170 93 223 63 268 226 305 371 286 305 236 226 244 369 231 301 1 1;
851 0 250 64 250 111 251 159 252 226 290 116 210 115 331 94 295 52
169 96 210 56 268 226 305 371 286 305 236 226 244 369 231 301 0 1;
852 0 250 64 250 111 251 160 252 226 290 116 211 116 332 97 305 45
169 102 200 49 268 226 305 371 286 305 236 226 244 369 231 301 0 0
;
853 0 250 64 250 111 251 160 252 226 290 116 211 116 334 102 334 44
169 106 171 42 269 226 305 371 286 305 236 226 244 369 231 301 2 2
;
854 0 250 64 250 111 251 160 252 226 291 116 211 116 334 105 362 52
166 108 139 47 269 226 305 371 286 305 236 226 244 369 231 301 0 2
;
855 0 250 64 250 111 251 160 252 226 291 116 211 116 336 105 368 68
166 110 125 55 269 226 305 371 286 305 236 226 244 369 231 301 0 2
;
856 0 250 64 250 111 251 160 252 226 291 116 211 116 336 107 389 63
166 111 116 68 269 226 305 371 286 305 236 226 244 369 231 301 0 0
;
857 0 250 64 250 111 251 160 253 226 291 116 211 116 337 112 403 88
165 114 103 93 269 226 305 371 286 305 236 226 244 369 231 301 0 2
;
858 0 251 64 251 111 251 160 253 227 291 116 211 117 338 117 406 113
165 119 103 118 269 227 306 371 286 306 237 227 244 369 231 301 0 0
;
859 0 251 64 251 111 252 160 253 227 291 116 211 117 337 119 405 124
166 122 105 129 269 227 306 371 286 306 237 227 244 369 231 301 0 0
;
860 0 251 64 251 111 252 160 253 227 291 116 212 118 335 125 402 140
168 127 111 145 269 227 305 371 286 306 237 227 244 369 231 301 0 0
;
861 0 251 64 251 111 252 161 253 227 291 117 212 118 335 126 401 143
168 129 107 151 269 227 305 371 286 306 237 227 244 369 231 301 0 0
;
862 0 251 64 251 111 252 161 253 228 291 117 212 118 334 127 402 137
168 130 107 148 269 228 305 371 286 306 237 228 244 369 231 301 0 0
;
863 0 251 64 251 111 252 161 253 228 291 117 212 118 334 127 403 130
168 130 105 141 269 228 305 371 286 306 237 228 244 369 231 301 0 0
;
864 0 251 64 251 111 252 161 253 228 291 117 212 118 336 124 407 107
168 125 101 121 269 228 305 371 286 306 237 228 244 370 231 301 0 2
;
865 0 252 64 251 111 252 161 253 228 291 117 212 118 336 123 399 95
167 123 102 109 269 228 305 371 286 306 237 228 244 369 231 301 0 2
;
866 0 252 64 252 111 252 161 253 228 291 117 212 118 337 120 395 81
166 122 104 94 269 228 305 371 286 306 236 228 244 369 231 301 0 2
;
867 0 252 64 252 111 252 161 253 228 291 117 212 118 338 116 374 62
166 119 118 68 269 228 305 371 286 306 236 228 244 369 231 301 0 2
;
868 0 252 64 252 111 252 161 253 228 291 117 212 118 336 112 351 46
167 116 143 48 269 228 305 371 286 306 236 228 244 369 231 301 2 2
;
869 0 252 64 252 111 252 161 253 228 292 117 212 117 337 109 338 39
167 114 157 43 269 228 305 371 286 306 236 227 244 369 231 301 2 2
;
870 0 252 64 252 111 252 161 253 228 292 117 212 117 336 107 313 42
168 110 185 46 269 228 305 371 286 306 236 227 244 369 231 301 0 2
;
871 0 252 64 252 111 252 161 253 228 291 117 212 117 335 104 302 47
168 109 196 50 269 228 305 371 286 306 236 227 244 369 231 301 0 2
;
872 0 252 64 252 111 252 161 253 227 292 116 212 117 335 100 289 58
169 105 208 63 269 227 305 371 286 306 237 227 244 370 231 301 0 2
;
873 0 252 64 252 111 252 160 253 227 291 115 212 117 335 99 284 61
169 105 224 63 269 227 306 371 286 306 237 227 244 370 231 301 0 1
;
874 0 251 64 251 111 252 160 253 227 291 116 212 117 334 99 283 62
169 103 223 65 270 227 305 370 286 305 237 227 244 370 231 301 1 1
;
875 0 251 64 251 111 252 160 253 227 291 115 212 117 335 99 285 61
169 103 220 64 270 227 305 370 286 305 237 227 244 370 231 301 1 1
;
876 0 251 64 251 111 252 160 253 227 291 116 212 117 335 100 297 54
168 105 202 60 270 227 306 370 286 305 237 227 244 370 231 301 0 2
;
877 0 251 64 251 111 252 160 253 227 291 116 212 117 335 102 305 52
168 109 193 56 270 227 306 370 286 305 237 227 244 370 231 301 0 2
;
878 0 251 64 251 111 252 160 253 227 291 116 212 117 336 105 325 48
168 112 172 47 270 227 306 370 286 305 237 227 244 369 232 301 0 0
;
879 0 251 63 251 111 252 160 253 227 291 116 212 117 336 106 336 47
168 113 158 46 270 227 306 370 286 306 237 227 244 369 232 301 2 0
;
880 0 251 64 251 111 252 160 253 227 291 117 212 117 336 109 357 57
169 115 132 57 270 227 306 370 286 306 237 227 244 369 232 301 0 2
;
881 0 251 64 251 111 252 160 253 227 291 117 212 117 336 111 369 59
168 116 124 69 270 227 306 370 286 306 237 227 244 369 232 301 0 2
;
882 0 251 64 252 111 252 160 253 227 291 117 212 117 336 115 386 76
167 117 105 88 270 227 306 370 286 306 237 227 244 369 232 301 0 0
;
883 0 252 64 252 111 252 160 253 227 291 117 212 117 337 116 399 84
167 118 105 102 270 227 306 370 287 306 237 227 244 369 232 301 0 0
;
884 0 252 64 252 111 252 160 253 227 291 117 212 118 337 120 404 112
167 124 103 126 270 227 306 371 287 306 237 227 244 369 232 301 2 0
;
885 0 252 64 252 111 252 161 253 227 291 117 212 118 337 122 407 125
168 126 107 137 270 227 306 371 287 306 237 227 244 369 232 301 2 0
;
886 0 252 64 252 111 252 161 253 228 291 117 212 118 335 127 401 144
171 132 111 155 270 228 306 371 287 306 237 228 244 369 232 301 0 0
;
887 0 252 64 252 111 252 161 253 228 291 117 212 119 334 130 399 149
173 134 114 160 270 228 306 371 287 306 237 228 244 369 232 301 0 0
;
888 0 252 64 252 111 252 161 253 228 291 117 213 119 333 131 399 149
173 135 114 161 270 228 306 371 287 306 237 228 244 369 232 301 0 0
;
889 0 252 64 252 111 252 161 253 228 291 117 213 119 333 131 400 144
173 135 113 156 270 228 306 371 287 306 237 228 244 369 232 301 0 0
;
890 0 252 64 252 111 252 161 253 228 291 117 213 119 334 131 403 126
173 134 108 140 270 228 305 371 287 306 237 228 244 369 232 301 0 0
;
891 0 252 64 252 111 252 161 253 228 291 117 213 119 334 129 395 115
172 133 107 130 270 228 306 371 287 306 237 228 244 369 232 301 0 0
;
892 0 252 64 252 111 252 161 253 228 291 117 213 119 335 126 391 93
170 129 107 104 270 228 306 371 287 306 237 228 244 369 232 301 0 2
;
893 0 252 64 252 111 252 161 253 228 291 117 213 119 335 122 390 79
170 127 109 89 270 228 306 371 287 306 237 228 244 369 232 301 0 2
;
894 0 252 64 252 111 252 161 253 228 291 117 213 119 337 116 373 61
167 122 125 66 270 228 306 371 287 306 237 228 244 369 232 301 2 2
;
895 0 252 64 252 111 252 161 253 228 291 117 213 119 337 114 365 49
168 121 136 56 270 228 306 371 287 306 237 228 244 369 232 301 0 2
;
896 0 252 64 252 111 252 161 253 228 291 117 212 118 337 111 344 43
167 116 161 46 270 228 306 371 287 306 237 228 244 369 232 301 0 0
;
897 0 252 64 252 111 252 161 253 228 291 117 212 118 336 109 334 40
168 115 172 46 270 228 306 371 287 306 237 228 244 369 232 301 0 2
;
898 0 252 64 252 111 252 161 253 228 291 117 212 118 336 108 314 44
169 113 193 52 270 228 306 371 287 306 237 228 244 369 232 301 2 2
;
899 0 252 64 252 111 252 161 253 228 291 117 212 118 336 107 305 47
169 109 201 56 270 228 306 371 287 306 237 228 244 369 232 301 2 2
;
900 0 252 64 252 111 253 161 254 227 291 116 212 118 335 105 294 60
169 108 208 65 270 227 306 371 287 306 237 227 244 370 232 301 2 2
;
901 0 252 64 252 111 253 160 254 227 291 116 212 118 335 103 289 64
169 108 211 67 270 227 306 370 287 306 237 227 244 370 232 301 2 1
;
902 0 251 64 251 111 252 160 254 227 291 116 212 118 335 102 279 63
169 107 209 72 270 227 306 370 287 305 237 227 244 370 232 300 1 1
;
903 0 251 64 251 111 252 160 254 227 291 116 212 118 335 102 289 64
169 107 209 71 270 227 306 370 287 305 237 227 244 369 233 300 1 1
;
904 0 251 64 251 111 252 160 254 227 291 116 212 118 335 104 303 57
169 107 202 65 270 226 306 370 287 305 238 227 244 370 233 300 0 1
;
905 0 251 64 251 111 252 160 254 227 291 116 212 118 335 107 312 53
169 116 192 60 270 226 306 370 287 305 238 227 244 370 233 300 0 0
;
906 0 251 64 251 111 252 160 254 227 291 116 212 118 336 114 339 54
165 129 164 55 270 227 306 370 287 305 238 227 244 370 233 300 2 2
;
907 0 251 64 251 111 252 160 254 227 291 116 212 118 335 117 351 62
165 129 149 60 270 227 306 370 287 305 238 227 244 370 233 300 2 2
;
908 0 251 64 251 111 252 160 254 227 290 117 212 118 335 119 372 74
168 127 120 75 270 227 306 370 287 305 238 227 244 370 233 301 0 2
;
909 0 251 64 251 111 253 160 254 227 290 117 212 118 335 120 384 79
168 127 110 88 270 227 306 370 287 305 238 227 244 370 233 301 0 0
;
910 0 251 64 251 111 253 160 254 227 290 117 212 118 335 123 387 104
169 127 115 117 270 227 306 370 287 305 238 227 244 369 233 301 0 0
;
911 0 251 64 251 111 253 160 254 227 290 117 212 118 334 125 402 111
169 127 105 127 270 227 306 370 287 305 238 227 244 369 233 301 2 0
;
912 0 251 64 252 111 253 161 254 227 290 117 213 119 334 128 403 132
171 130 110 146 270 227 306 370 287 306 238 228 244 370 233 301 0 0
;
913 0 251 64 252 111 253 161 254 228 290 118 213 119 333 130 398 149
173 135 114 161 270 228 306 370 287 306 238 228 244 370 233 301 0 0
;
914 0 252 64 252 111 253 161 254 228 290 118 213 119 333 132 396 155
174 136 116 165 270 228 306 370 287 306 238 228 244 370 233 301 0 0
;
915 0 252 64 252 111 253 161 254 228 290 118 213 119 332 133 395 158
175 137 118 168 270 228 306 371 287 306 238 228 244 370 233 301 0 0
;
916 0 252 64 252 111 253 161 254 228 290 118 213 119 332 134 395 157
175 138 117 166 270 228 306 370 287 306 237 228 244 369 233 301 0 0
;
917 0 252 64 252 111 253 161 254 228 290 118 213 119 332 134 396 152
175 138 116 161 270 228 306 371 287 306 237 228 244 369 233 301 0 0
;
918 0 252 64 252 111 253 161 254 228 290 118 213 120 332 132 399 138
174 136 110 146 270 228 306 371 287 306 237 228 244 369 233 301 0 2
;
919 0 252 64 252 111 253 161 254 228 290 118 213 120 333 131 399 128
173 134 109 135 270 228 306 371 287 306 237 228 244 369 233 301 0 2
;
920 0 252 64 252 111 253 161 254 228 290 118 213 119 334 127 394 106
171 129 107 110 270 228 306 371 287 306 237 228 244 369 233 301 0 0
;
921 0 252 64 252 111 253 161 254 228 290 118 213 119 335 126 398 92
170 127 108 95 270 228 306 371 287 306 237 228 244 369 233 301 0 2
;
922 0 252 64 252 111 253 161 254 228 291 118 213 119 336 120 384 72
168 121 124 73 270 228 306 370 287 306 237 228 244 369 233 301 0 2
;
923 0 252 64 252 111 253 161 254 228 291 117 213 119 337 114 368 53
168 119 143 51 270 228 306 370 287 306 237 228 244 370 233 301 2 2
;
924 0 252 64 252 111 253 161 254 228 291 117 213 119 336 113 358 46
168 116 156 46 270 228 306 370 287 306 238 228 244 370 233 301 2 2
;
925 0 252 64 252 111 253 161 254 228 291 117 212 118 336 110 337 41
169 113 180 47 270 227 306 370 287 306 238 228 244 370 233 301 2 2
;
926 0 252 64 252 111 253 161 254 228 291 117 212 118 336 110 327 42
169 111 191 49 270 227 306 370 287 306 238 228 244 370 233 301 2 2
;
927 0 252 64 252 111 253 161 254 227 291 117 212 118 336 108 308 47
170 106 207 59 270 227 306 370 287 306 238 227 244 370 233 301 0 2
;
928 0 251 64 252 111 253 161 254 227 291 118 212 117 335 107 300 52
169 106 210 65 270 227 306 370 287 306 238 227 244 370 233 301 0 2
;
929 0 250 64 252 111 253 160 254 227 291 116 212 118 335 104 289 62
169 105 213 73 270 227 306 370 287 305 238 227 244 370 233 301 2 1
;
930 0 250 65 252 111 253 160 254 227 291 116 212 118 335 103 286 66
169 105 226 69 271 227 306 370 287 304 238 227 244 369 233 300 2 1
;
931 0 250 65 251 111 253 160 254 226 291 116 212 118 335 103 286 65
169 106 219 68 271 226 306 370 287 304 238 226 244 369 233 300 1 1
;
932 0 250 65 252 111 253 160 254 226 291 116 212 118 335 103 291 63
169 107 209 69 271 226 306 370 287 304 238 226 244 370 233 300 1 1
;
933 0 251 65 252 111 253 160 254 227 291 117 212 118 335 106 302 57
169 114 198 61 271 227 306 370 287 304 238 227 244 370 233 300 0 2
;
934 0 251 65 252 111 253 160 254 227 291 118 212 118 336 107 310 52
169 115 189 57 271 227 306 370 287 305 238 227 244 370 233 300 0 2
;
935 0 251 64 252 111 253 160 254 227 291 117 212 118 336 112 332 53
169 117 165 54 271 227 306 370 287 305 238 227 244 369 233 300 0 2
;
936 0 251 64 252 111 253 160 254 227 291 117 212 118 336 113 343 49
169 118 153 57 271 227 306 370 287 305 238 227 244 369 233 301 2 2
;
937 0 251 64 252 111 253 160 254 227 291 117 212 118 336 115 366 58
170 120 128 67 271 227 306 370 288 305 238 227 244 369 233 301 0 2
;
938 0 251 64 252 111 253 160 254 227 291 117 212 119 336 117 373 69
170 120 118 75 271 227 306 370 288 305 238 227 244 369 233 301 0 0
;
939 0 251 64 252 111 253 160 254 227 291 117 213 119 336 119 395 82
169 122 107 100 271 227 306 370 288 305 238 227 244 369 233 301 2 2
;
940 0 251 64 252 111 253 161 254 227 291 117 213 119 336 120 400 94
169 123 106 113 271 227 306 370 288 305 238 227 244 369 233 301 0 2
;
941 0 251 64 252 111 253 161 254 227 291 117 213 119 336 123 403 120
170 127 108 136 271 227 306 370 288 306 238 227 244 369 233 301 0 0
;
942 0 251 64 252 111 253 161 254 227 291 117 213 120 336 125 403 133
171 130 114 145 271 227 306 370 288 306 238 227 244 369 233 301 0 2
;
943 0 251 64 252 112 253 161 254 228 291 117 213 120 335 127 400 145
172 134 112 156 271 227 306 370 288 306 238 228 244 369 233 301 0 2
;
944 0 251 64 252 112 253 161 254 228 291 118 213 120 332 135 394 162
175 141 118 172 271 228 306 370 288 306 238 228 244 369 233 301 0 0
;
945 0 251 64 252 112 253 161 254 228 290 118 214 120 329 144 391 175
179 150 119 187 271 228 306 370 288 306 238 228 244 369 233 301 2 2
;
946 0 251 64 252 112 253 161 254 229 290 119 214 121 329 149 389 183
179 154 124 195 271 228 306 370 288 306 238 229 244 369 233 301 2 2
;
947 0 252 65 252 112 253 161 254 229 289 120 214 121 326 159 379 199
184 164 138 211 271 229 306 370 288 306 238 229 244 369 233 301 2 2
;
948 0 252 64 252 112 253 161 254 229 289 120 214 121 322 163 370 208
187 166 149 219 271 229 306 370 288 306 238 229 244 369 233 301 2 2
;
949 0 252 64 252 112 253 162 255 229 289 121 215 121 313 166 346 221
197 170 174 229 271 229 306 370 288 306 238 229 244 369 233 302 0 2
;
950 0 252 64 252 112 253 162 255 229 289 121 216 121 310 168 333 228
202 172 186 231 271 229 306 371 288 306 238 230 244 369 233 302 0 4
;
951 0 252 64 252 112 253 162 255 230 289 122 216 122 305 171 310 231
207 175 208 235 271 230 306 371 288 306 238 230 244 369 233 302 4 1
;
952 0 252 64 252 112 253 162 255 230 289 122 216 122 302 172 300 230
208 175 214 236 271 230 306 371 288 306 239 230 244 369 233 302 1 1
;
953 0 253 64 253 112 254 162 255 230 289 122 217 122 300 172 290 233
209 175 214 231 272 230 306 371 288 306 239 230 244 369 233 302 1 1
;
