381 0 236 106 239 155 240 203 242 267 275 163 202 163 319 189 359 157
173 193 115 173 259 266 281 401 271 337 225 269 237 408 227 345 2 2
;
382 0 238 105 241 155 243 203 245 267 277 162 203 162 325 179 342 123
164 187 124 140 261 265 282 405 273 350 228 268 237 408 228 346 2 2
;
383 0 240 104 242 154 244 202 245 267 279 162 204 161 328 173 332 112
162 184 130 130 262 265 284 409 273 350 229 268 237 409 228 346 2 2
;
384 0 244 104 245 153 246 202 247 267 283 161 207 159 332 163 312 99
162 180 145 120 263 266 282 409 276 351 230 268 236 409 228 347 2 2
;
385 0 246 103 247 153 248 202 248 267 284 160 209 158 333 161 305 99
163 178 151 119 265 266 281 410 276 349 232 267 236 409 228 347 2 2
;
386 0 251 103 252 153 252 202 252 267 288 158 211 158 337 160 299 107
167 178 161 122 268 267 279 410 278 349 235 267 236 409 229 347 3 2
;
387 0 254 104 254 153 254 202 254 267 291 159 211 158 334 155 299 109
169 179 165 125 270 267 279 410 278 348 237 267 236 408 230 346 3 2
;
388 0 258 104 258 153 257 202 257 268 295 159 221 158 336 155 302 111
173 180 171 127 273 268 279 408 280 344 240 268 235 405 233 342 1 2
;
389 0 260 103 260 153 259 202 258 268 296 159 221 158 338 156 306 111
174 180 173 125 275 268 279 408 281 346 242 268 235 405 234 342 3 2
;
390 0 263 103 262 153 261 202 261 268 299 159 222 158 342 160 315 113
177 175 181 115 277 268 279 408 282 347 244 268 235 405 235 342 3 2
;
391 0 265 103 263 153 263 203 262 269 303 160 224 158 351 170 319 116
178 172 186 109 278 269 279 408 283 347 245 269 236 407 237 345 3 2
;
392 0 267 103 266 153 265 203 263 269 305 162 226 157 351 173 328 125
182 165 198 101 280 269 279 408 284 348 247 269 236 406 237 345 3 2
;
393 0 270 103 268 154 267 203 265 269 307 163 229 157 350 181 338 139
185 160 210 97 282 269 279 409 285 348 249 269 236 409 239 348 2 2
;
394 0 271 103 269 154 268 203 266 269 308 163 231 156 350 185 342 148
186 158 216 97 283 269 279 409 286 349 250 269 236 409 240 349 2 2
;
395 0 274 103 272 154 271 203 269 269 310 163 234 155 348 191 349 168
189 155 224 102 286 269 279 410 287 349 252 268 239 408 243 350 0 2
;
396 0 276 103 274 154 272 203 270 268 312 164 236 154 348 195 352 176
196 151 227 105 287 269 279 409 288 348 254 268 238 409 244 349 0 1
;
397 0 278 103 276 154 274 203 272 268 313 164 237 154 343 197 351 183
192 154 231 108 288 268 279 409 289 348 255 267 233 423 244 349 0 1
;
398 0 281 104 279 155 276 203 273 267 316 165 241 155 343 197 349 195
193 155 237 112 290 268 280 409 290 348 256 266 234 407 244 343 0 1
;
399 0 284 105 281 156 278 203 274 267 317 165 244 155 343 195 345 199
196 157 239 115 290 268 280 409 290 348 257 265 238 402 244 336 0 3
;
400 0 285 105 282 156 278 203 274 266 317 166 245 156 356 199 344 199
198 158 239 115 291 268 281 409 290 347 257 264 237 397 245 329 0 3
;
401 0 287 106 284 157 280 203 275 266 319 167 247 156 360 201 342 199
200 159 240 115 292 268 281 410 290 346 258 264 238 390 246 314 0 3
;
402 0 287 107 284 157 280 204 276 266 320 167 247 156 360 202 341 199
201 159 240 115 293 268 281 410 290 345 259 264 240 384 247 302 0 3
;
403 0 288 107 285 157 283 204 281 267 320 167 248 157 360 203 341 199
202 159 242 115 298 268 282 409 290 341 265 267 245 373 247 283 0 1
;
404 0 288 108 285 157 283 204 281 267 320 167 248 157 362 199 340 199
203 158 245 113 298 268 282 409 290 341 265 267 249 355 248 264 0 2
;
405 0 289 109 286 158 284 204 282 267 320 167 248 157 362 200 339 199
205 158 245 111 299 267 283 407 290 338 265 267 251 355 248 263 0 2
;
406 0 289 109 286 158 284 204 282 267 320 167 248 157 362 201 339 199
206 158 245 111 299 267 283 407 290 338 265 267 252 354 248 263 0 2
;
407 0 289 109 286 158 284 204 283 267 320 168 249 157 361 194 340 199
206 158 244 111 300 267 283 407 291 339 266 267 252 358 247 272 0 2
;
408 0 289 109 286 158 285 204 283 267 321 168 249 157 361 193 340 199
206 158 244 111 300 267 283 407 291 339 266 267 253 362 246 280 0 2
;
409 0 289 108 287 157 284 203 280 265 321 167 249 157 359 200 341 199
206 159 242 113 298 266 280 414 278 337 262 263 250 382 248 312 3 2
;
410 0 289 107 287 157 283 203 278 264 322 167 249 157 357 198 341 200
207 162 241 116 296 266 283 408 282 336 261 262 248 389 248 318 3 2
;
411 0 289 106 287 156 283 202 278 264 322 165 249 157 356 198 341 203
206 173 233 128 295 266 283 408 292 343 261 261 247 398 250 333 0 2
;
412 0 289 106 287 156 283 202 278 264 321 165 249 157 355 197 341 204
207 179 230 136 295 266 283 408 293 343 261 262 245 402 251 339 0 2
;
413 0 288 106 286 155 283 202 278 265 321 165 249 157 349 196 340 206
211 186 224 157 295 267 283 408 293 347 261 263 246 405 252 348 2 3
;
414 0 288 105 285 155 282 202 278 266 320 165 249 157 354 198 339 207
217 191 222 168 295 267 283 408 294 348 261 264 249 407 251 351 2 3
;
415 0 287 105 283 155 281 203 277 267 319 165 247 158 341 194 336 210
218 199 220 198 294 268 283 409 294 349 261 266 250 408 251 351 2 3
;
416 0 286 105 281 155 279 204 277 268 318 165 245 159 340 194 335 211
223 192 220 214 293 269 283 409 294 350 260 267 251 406 251 345 2 3
;
417 0 282 105 278 155 276 204 275 269 315 165 242 160 334 196 333 214
223 199 223 240 291 269 283 409 293 349 258 269 252 405 250 342 2 3
;
418 0 280 105 276 155 275 204 274 269 313 165 240 160 333 195 334 217
223 201 224 251 290 269 283 409 293 349 257 269 252 405 250 342 2 3
;
419 0 275 104 274 155 273 204 272 269 310 164 237 161 335 196 347 223
220 206 217 263 288 269 282 409 291 349 256 269 252 405 249 342 0 1
;
420 0 273 104 273 155 272 204 271 269 309 164 236 161 338 196 360 223
217 206 205 263 288 269 283 410 291 349 255 269 252 405 249 342 0 0
;
421 0 270 104 271 155 271 204 271 268 307 164 233 161 345 193 391 216
208 203 173 252 287 268 282 408 291 348 255 269 252 405 248 341 0 4
;
422 0 268 104 270 154 270 204 270 268 306 164 232 161 353 186 408 207
200 198 153 245 286 268 282 408 291 347 254 268 252 405 248 341 0 4
;
423 0 266 104 269 154 269 203 270 268 305 163 230 161 359 172 426 168
189 184 121 210 286 268 282 408 290 347 254 268 252 405 248 341 2 2
;
424 0 266 104 268 154 269 203 269 268 305 163 229 160 358 167 423 144
187 173 118 185 285 267 281 408 290 347 254 268 252 405 248 341 2 2
;
425 0 264 104 268 153 268 202 268 266 304 161 227 158 353 148 411 93
180 155 113 133 284 266 282 410 289 346 252 266 252 405 247 341 0 2
;
426 0 264 104 267 153 267 201 267 265 304 159 226 157 351 136 399 69
178 144 116 107 283 265 282 409 289 346 252 265 252 404 247 340 2 2
;
427 0 263 104 267 152 267 200 266 263 303 157 226 154 342 122 363 37
182 126 141 61 282 263 282 406 288 345 251 264 252 404 247 340 2 2
;
428 0 263 104 266 152 266 200 266 262 302 154 226 153 339 114 343 29
187 123 160 47 281 262 281 406 287 345 250 263 252 404 246 339 2 2
;
429 0 262 105 266 152 266 199 265 261 300 152 226 152 331 105 307 27
194 112 200 32 281 261 281 405 286 344 250 262 251 404 245 339 0 2
;
430 0 262 105 266 151 265 198 265 261 298 152 227 149 327 104 297 35
197 107 216 31 280 261 281 406 286 344 249 261 251 404 245 339 0 2
;
431 0 262 105 265 151 264 197 263 259 296 151 228 147 320 100 278 35
203 101 237 32 279 259 282 408 285 343 247 259 251 404 245 338 1 2
;
432 0 262 105 265 151 264 197 263 258 296 152 228 147 318 98 274 35
204 100 242 33 280 258 282 408 285 342 247 259 251 404 244 338 1 1
;
433 0 261 105 265 151 264 197 263 258 296 152 228 148 317 98 277 33
205 100 239 32 279 258 281 406 285 342 246 258 251 404 244 338 1 1
;
434 0 261 105 265 151 264 197 262 258 296 152 228 148 318 98 283 31
204 100 231 31 279 258 281 406 284 342 246 259 251 404 244 338 2 1
;
435 0 261 105 264 151 263 197 262 259 297 152 227 148 325 104 303 29
197 105 207 31 278 259 281 406 284 342 246 259 251 404 244 338 2 2
;
436 0 261 105 264 151 263 197 262 259 297 152 227 148 329 107 316 31
194 107 192 32 278 259 281 405 284 344 246 259 250 404 243 338 2 2
;
437 0 261 105 264 151 263 197 262 260 298 153 226 148 338 115 344 35
183 114 159 43 278 260 281 406 284 344 246 260 250 404 243 338 2 2
;
438 0 261 105 264 151 263 198 262 260 299 153 226 149 341 122 360 43
180 118 144 53 278 260 281 406 284 345 246 260 250 404 243 338 2 2
;
439 0 261 105 264 151 263 198 261 261 299 154 225 151 348 133 391 62
174 133 119 81 277 262 281 406 284 345 246 261 250 404 243 339 2 2
;
440 0 261 105 264 151 263 198 261 262 299 154 224 152 350 141 402 77
174 143 111 98 277 262 281 405 284 346 246 262 250 404 243 339 2 2
;
441 0 260 104 263 152 263 199 261 263 299 156 224 153 352 152 418 107
175 153 103 128 277 263 281 406 284 347 246 263 250 404 243 339 2 2
;
442 0 261 104 263 152 262 200 261 264 299 157 224 153 352 157 422 119
176 156 108 141 277 264 281 407 284 347 246 264 250 404 243 339 2 2
;
443 0 261 104 263 152 262 200 261 264 299 157 224 154 351 163 428 134
177 162 108 156 277 265 281 408 284 348 246 264 250 405 243 340 2 2
;
444 0 261 104 263 153 263 200 262 265 299 158 224 155 352 165 429 137
178 164 109 160 277 265 281 409 284 349 246 265 250 404 243 340 2 2
;
445 0 261 104 263 153 263 201 262 265 300 159 224 155 351 166 429 136
178 166 110 162 277 265 281 409 285 350 246 265 250 405 243 340 2 2
;
446 0 261 104 263 153 263 201 262 265 300 159 224 155 351 166 428 132
179 166 110 158 277 265 281 409 285 350 246 265 250 405 243 340 2 2
;
447 0 261 104 264 153 263 201 262 266 300 159 224 155 355 164 416 119
180 166 121 146 277 266 281 409 285 349 246 266 250 405 243 340 2 2
;
448 0 261 104 264 153 263 201 262 266 300 159 224 155 356 162 409 110
180 166 117 134 277 266 281 409 285 349 246 266 250 405 243 340 2 2
;
449 0 261 104 264 153 263 201 262 266 300 159 224 155 356 161 387 96
176 165 132 113 277 266 281 409 285 349 246 266 250 405 243 340 2 2
;
450 0 261 104 264 153 263 201 262 266 300 159 224 155 355 159 372 92
176 164 144 106 277 266 281 409 285 349 246 266 250 405 243 340 0 2
;
451 0 261 104 264 153 263 201 262 266 300 159 224 155 354 157 346 88
176 163 171 98 277 266 281 409 285 350 246 266 250 405 243 340 0 2
;
452 0 261 104 264 153 263 201 261 265 300 158 224 155 353 154 321 92
176 158 195 97 277 266 281 408 285 349 246 265 250 405 243 340 0 2
;
453 0 261 104 264 153 263 201 261 265 300 158 224 155 352 153 311 97
176 157 206 99 277 265 281 407 284 349 246 265 250 405 243 340 0 2
;
454 0 261 104 264 153 263 201 261 265 300 157 225 154 345 152 305 102
182 152 214 102 277 265 281 407 284 348 246 265 250 405 243 340 0 2
;
455 0 261 104 264 153 262 201 261 265 300 157 225 154 343 151 298 108
179 153 220 110 277 265 281 409 284 348 245 265 250 405 243 340 1 2
;
456 0 261 104 263 152 262 200 261 265 299 157 225 154 341 152 296 108
178 154 220 111 277 265 280 408 284 348 245 265 250 405 243 340 1 1
;
457 0 260 104 263 153 262 200 260 265 298 157 224 154 340 155 296 104
178 157 216 111 276 265 279 408 283 349 244 264 250 405 242 345 1 1
;
458 0 258 105 262 153 261 201 260 265 296 158 223 155 340 159 303 107
178 161 210 112 276 265 279 408 282 350 244 265 250 406 242 346 2 1
;
459 0 256 106 259 154 259 202 258 266 294 161 220 158 339 168 313 113
177 175 194 122 274 266 280 410 278 350 242 266 250 406 241 347 0 2
;
460 0 254 108 256 156 256 203 256 267 292 164 219 159 338 176 321 123
177 184 182 137 272 267 282 411 279 349 240 267 250 406 239 348 0 2
;
461 0 253 108 255 157 255 204 255 267 292 164 219 160 337 178 324 127
178 185 179 143 271 267 278 424 279 349 239 268 250 406 239 348 0 3
;
462 0 252 109 254 157 255 204 255 267 289 166 218 161 336 180 326 130
178 187 176 147 271 267 278 403 278 335 239 268 250 406 238 349 2 3
;
463 0 251 109 253 157 253 204 254 267 288 166 218 162 334 178 332 126
182 191 172 154 270 266 276 409 276 327 238 268 251 410 238 351 2 3
;
464 0 250 109 252 157 252 204 253 266 288 165 217 162 332 175 336 120
185 194 171 162 269 266 269 396 275 312 236 267 249 409 238 347 2 3
;
465 0 250 109 252 157 252 204 251 266 287 165 217 162 332 174 339 118
192 194 171 167 268 265 268 394 274 306 235 266 248 408 237 346 2 3
;
466 0 250 110 251 157 250 203 247 265 287 165 216 162 332 172 342 114
195 203 173 183 263 265 266 360 274 268 230 265 248 409 237 345 2 3
;
467 0 250 110 251 158 249 204 245 266 287 165 216 163 333 172 342 113
195 205 175 192 261 267 265 359 274 267 229 265 247 406 237 345 2 3
;
468 0 250 111 251 158 248 204 244 266 287 165 216 164 333 171 341 111
199 207 180 211 260 268 264 355 273 265 227 265 247 406 238 344 2 3
;
469 0 250 111 250 158 248 204 243 267 287 165 216 164 333 170 340 110
200 207 183 219 260 268 265 351 273 265 227 265 247 406 238 344 2 3
;
470 0 250 111 250 159 248 204 244 266 287 165 217 164 333 169 337 108
205 206 190 232 260 267 269 350 273 271 227 266 247 406 238 344 2 0
;
471 0 250 111 250 158 248 204 246 265 287 165 216 165 333 168 335 107
206 205 194 238 263 265 271 373 273 299 229 265 248 407 239 344 2 0
;
472 0 250 111 251 158 250 203 250 265 287 164 217 164 334 168 330 108
206 205 201 246 267 264 278 378 274 311 233 265 249 407 239 344 3 1
;
473 0 250 110 251 158 251 203 252 264 288 163 217 164 335 168 329 109
206 205 204 249 269 263 280 386 275 317 235 265 249 408 240 348 3 1
;
474 0 250 110 252 157 252 202 253 264 288 162 217 164 336 168 326 110
207 206 210 255 270 263 286 397 277 334 237 265 250 408 240 348 3 1
;
475 0 250 109 252 156 253 202 254 264 289 162 217 164 337 168 324 111
208 208 214 258 271 263 287 401 278 336 238 266 250 408 240 345 3 1
;
476 0 251 108 254 156 254 202 256 265 290 162 217 164 339 169 321 114
210 210 213 266 272 264 288 406 281 347 239 266 250 407 240 345 3 1
;
477 0 252 108 254 155 255 202 256 266 290 163 218 164 340 170 320 115
212 211 214 270 273 265 288 407 282 349 240 267 249 407 240 344 3 1
;
478 0 255 107 257 155 258 202 258 267 294 162 221 164 342 173 319 120
216 212 213 274 275 266 287 410 285 351 243 267 249 407 240 344 3 1
;
479 0 257 106 259 154 260 203 261 268 293 163 222 164 343 174 319 122
217 213 213 274 277 267 287 409 286 350 245 268 249 407 241 344 3 1
;
480 0 261 106 263 155 263 203 264 268 299 163 225 164 346 179 321 131
218 213 213 274 280 268 287 408 288 343 248 269 249 407 242 343 3 1
;
481 0 263 106 265 155 265 203 266 268 301 163 227 164 346 182 322 137
219 212 214 274 281 268 288 407 289 342 250 269 250 407 243 343 3 1
;
482 0 266 105 267 155 268 204 268 269 303 164 229 164 346 188 327 159
221 213 216 274 284 269 287 408 291 348 252 269 250 407 245 343 3 1
;
483 0 268 105 269 155 269 204 269 269 304 163 231 163 342 190 330 176
222 213 217 274 285 269 287 408 291 349 253 269 250 407 246 344 0 1
;
484 0 271 105 271 155 270 204 270 269 307 164 233 163 339 194 333 218
223 213 220 275 286 269 288 407 292 348 254 269 250 407 247 344 3 1
;
485 0 273 105 272 156 271 204 271 269 309 164 234 163 339 200 332 236
224 214 221 275 287 269 288 407 292 348 255 269 250 407 248 344 3 1
;
486 0 275 105 273 156 273 205 272 269 310 165 236 163 330 208 328 262
227 214 225 275 288 269 288 407 293 348 256 269 251 408 249 344 0 4
;
487 0 276 105 275 156 274 205 272 269 311 166 237 163 327 212 325 268
228 214 227 273 288 270 288 406 294 348 256 269 251 408 249 344 0 4
;
488 0 278 105 277 156 275 205 273 270 313 167 239 163 324 215 320 275
231 214 231 269 289 270 288 406 294 348 257 269 251 408 249 343 1 0
;
489 0 279 106 278 156 276 205 274 270 314 167 240 163 324 216 318 276
232 214 234 269 290 270 288 407 294 348 258 269 251 408 250 343 1 0
;
490 0 281 106 280 157 277 205 274 270 316 168 242 162 324 217 315 277
234 213 238 268 290 270 288 406 294 348 258 269 251 407 250 344 1 4
;
491 0 282 106 280 157 278 205 274 270 317 168 242 162 325 217 315 278
235 213 239 268 290 270 288 407 294 348 259 269 251 408 250 344 1 4
;
492 0 283 106 281 157 278 206 275 270 319 168 244 162 328 218 318 280
237 213 241 269 291 270 288 407 295 348 259 269 249 407 249 344 1 0
;
493 0 284 106 282 157 279 206 276 270 319 169 245 161 331 218 325 283
238 212 235 270 292 270 288 407 295 348 260 269 250 407 249 344 0 0
;
494 0 284 106 283 157 280 206 276 270 320 169 245 161 332 218 330 281
239 212 234 271 292 271 288 407 295 348 260 269 250 407 250 344 0 0
;
495 0 285 106 283 157 280 206 276 270 320 169 246 161 334 217 336 277
239 212 231 272 292 271 288 407 295 348 260 269 250 407 251 344 0 0
;
496 0 287 106 285 157 281 206 277 269 322 168 247 161 338 214 353 271
237 210 222 270 293 270 288 407 296 349 261 269 249 405 252 344 0 1
;
497 0 289 106 287 157 284 205 280 269 324 167 250 160 347 210 375 262
230 205 198 260 296 270 287 408 298 349 264 267 248 407 253 344 0 0
;
498 0 291 107 289 157 285 205 281 268 325 168 252 160 353 206 387 251
226 201 185 247 297 270 287 409 298 349 265 267 246 406 253 344 0 0
;
499 0 292 108 290 158 286 205 281 268 325 168 253 160 358 201 405 239
219 194 168 233 297 270 287 409 298 350 265 267 245 407 254 347 0 0
;
500 0 293 110 292 159 287 205 282 268 327 168 254 160 365 186 430 186
214 174 143 183 298 270 287 410 298 350 266 266 244 405 257 339 0 2
;
501 0 294 112 293 159 289 204 283 266 327 168 256 159 365 161 411 112
214 150 150 117 300 268 287 410 298 350 267 263 244 396 258 328 0 0
;
502 0 294 112 293 159 289 203 283 264 327 167 256 157 365 149 394 79
214 138 166 87 300 267 287 410 298 349 267 261 246 394 259 321 0 2
;
503 0 294 112 293 158 289 202 283 262 327 166 257 155 361 137 371 68
221 130 189 65 300 265 287 410 298 349 267 259 248 392 260 316 2 2
;
504 0 293 113 293 158 289 201 285 259 325 162 258 151 351 121 332 39
231 114 238 40 303 261 287 410 298 341 268 256 254 391 262 307 2 2
;
505 0 293 113 293 157 289 198 284 251 323 159 260 150 338 108 308 43
242 103 277 33 303 256 287 409 299 340 265 246 260 384 263 297 1 2
;
506 0 293 114 293 157 289 197 285 248 323 159 260 149 335 108 296 36
245 102 280 43 304 253 288 410 299 339 265 243 260 376 264 287 1 1
;
507 0 293 116 293 157 289 195 285 245 323 159 261 149 333 107 302 40
248 100 281 44 305 250 288 409 298 338 265 240 262 371 264 281 1 1
;
508 0 293 117 293 157 289 195 285 245 323 159 261 149 333 107 302 35
248 100 276 45 305 250 288 409 298 338 265 240 263 370 264 280 1 1
;
509 0 292 116 292 158 289 197 286 252 323 159 261 149 340 108 318 38
243 103 262 33 304 254 288 409 298 338 269 251 263 362 263 273 0 1
;
510 0 292 116 292 158 289 197 286 253 323 159 260 149 345 112 329 39
239 106 247 33 304 255 288 409 298 339 269 251 263 371 262 284 0 2
;
511 0 292 115 292 157 289 197 286 254 323 159 260 149 352 114 353 31
229 108 215 39 304 256 288 409 298 339 268 252 259 376 261 298 2 2
;
512 0 292 114 292 157 289 197 285 255 323 159 259 149 357 116 367 32
224 111 201 43 302 257 288 409 298 339 267 253 257 380 261 305 2 2
;
513 0 291 112 291 156 288 197 284 255 324 159 258 150 361 120 394 38
218 118 177 56 301 258 288 409 297 344 267 253 253 386 258 315 2 2
;
514 0 291 111 291 155 288 197 284 256 324 159 257 150 365 124 405 43
215 121 167 64 301 258 288 409 297 344 267 254 249 388 258 321 2 2
;
515 0 289 109 290 154 288 197 284 257 324 158 255 151 369 130 423 57
210 134 154 84 301 259 288 409 297 345 268 255 243 399 257 337 2 2
;
516 0 288 109 289 154 287 198 284 257 324 158 254 151 373 134 429 67
209 136 149 95 300 259 289 408 297 345 268 255 242 401 257 339 2 2
;
517 0 286 107 288 153 286 198 282 259 324 158 251 153 377 141 441 86
204 146 142 118 299 261 288 408 298 346 267 257 240 407 255 348 2 2
;
518 0 285 106 286 153 285 198 281 260 323 158 250 153 377 147 447 97
201 152 140 129 297 261 288 408 298 346 266 259 240 407 254 348 2 2
;
519 0 283 105 284 153 282 199 280 262 320 158 247 155 372 159 448 121
199 161 136 153 295 263 287 408 298 346 264 261 242 408 250 345 2 2
;
520 0 281 105 282 153 281 200 279 262 320 158 245 155 371 163 448 132
199 166 137 164 294 263 287 408 298 347 263 262 242 406 249 343 2 2
;
521 0 277 105 279 154 277 201 275 265 315 160 241 157 365 170 445 148
198 172 136 183 290 265 288 408 297 346 260 265 244 404 247 339 2 2
;
522 0 275 106 277 154 275 202 274 265 313 161 239 158 363 171 444 151
197 175 138 187 289 266 288 408 296 346 258 265 244 404 246 339 2 2
;
523 0 270 105 273 154 272 203 271 266 309 161 236 158 360 172 442 147
196 177 138 186 287 266 288 408 294 345 256 266 243 404 245 339 2 2
;
524 0 268 105 271 154 271 203 270 266 307 161 234 158 359 172 435 140
194 178 137 180 286 266 288 408 294 345 255 267 243 404 245 339 2 2
;
525 0 264 105 268 154 268 202 268 267 304 160 231 158 359 169 407 120
192 179 137 157 284 267 288 407 292 344 253 267 243 404 244 339 2 2
;
526 0 262 105 267 154 267 202 267 267 302 160 230 158 356 170 389 112
192 179 139 138 283 267 288 407 291 342 252 267 243 404 243 339 2 2
;
527 0 258 105 264 154 264 202 265 267 299 160 227 157 352 168 352 99
184 176 164 117 280 267 287 406 290 343 250 267 243 403 242 340 2 2
;
528 0 257 105 263 154 263 202 264 267 298 160 225 157 351 166 334 99
181 171 178 111 280 267 287 406 290 343 249 267 243 403 241 340 0 2
;
529 0 255 104 261 154 261 202 262 266 295 158 222 156 346 159 303 105
177 165 203 111 278 266 287 406 288 343 247 266 243 403 240 340 0 2
;
530 0 254 104 260 153 260 201 261 265 293 157 221 156 336 156 298 112
177 163 211 113 276 266 287 406 287 343 245 265 243 403 239 339 0 1
;
531 0 252 104 258 153 259 201 260 265 293 157 220 156 334 155 295 117
174 161 214 115 276 265 287 406 286 343 244 265 242 403 239 339 1 1
;
532 0 251 104 257 153 258 201 259 265 291 157 219 155 334 155 296 114
174 160 211 112 275 265 287 406 286 343 243 264 242 403 238 338 1 1
;
533 0 249 104 256 153 257 201 258 265 290 157 216 156 334 159 306 108
174 162 195 109 274 265 287 406 285 343 242 265 242 403 237 339 2 2
;
534 0 248 104 254 153 255 202 257 266 290 158 215 156 337 164 315 107
171 168 184 111 273 266 287 406 284 345 241 266 242 404 237 339 2 2
;
535 0 246 105 252 154 253 202 255 267 287 159 213 158 337 175 340 119
172 183 158 125 271 267 287 409 281 349 239 267 242 404 235 342 2 2
;
536 0 245 105 250 155 252 203 254 267 286 160 212 159 332 182 353 132
177 190 145 140 270 267 288 409 280 349 238 267 242 404 235 342 2 2
;
537 0 243 106 247 156 249 204 252 268 282 162 210 161 326 188 373 171
180 196 126 180 268 267 284 409 278 348 236 268 242 405 234 343 2 2
;
538 0 241 107 246 157 248 204 251 268 281 162 209 162 323 190 375 194
183 201 126 204 267 267 282 407 277 347 235 269 242 405 233 344 2 2
;
539 0 239 107 243 157 246 204 249 268 279 163 208 164 310 198 358 232
195 207 149 241 266 267 278 406 273 344 233 269 242 407 233 349 2 2
;
540 0 238 108 243 157 245 205 248 268 277 163 207 165 303 203 349 246
199 209 164 253 265 267 274 402 271 333 232 270 243 408 232 350 2 2
;
541 0 236 108 241 157 243 205 247 268 275 163 207 166 295 205 328 260
207 212 193 263 263 267 269 398 267 322 230 270 245 410 232 351 2 1
;
542 0 235 108 241 157 243 205 245 268 275 163 207 166 294 205 323 262
209 214 202 264 262 267 267 396 266 315 228 269 244 409 232 350 2 1
;
543 0 235 108 240 157 242 204 243 267 274 164 207 166 293 205 329 256
210 214 207 261 261 266 264 386 263 300 226 269 242 409 231 347 2 1
;
544 0 235 109 240 157 241 204 240 266 274 164 207 166 295 205 336 246
208 214 201 259 258 265 263 369 262 276 221 268 242 409 231 347 2 1
;
545 0 235 109 240 157 239 204 237 266 275 164 206 166 302 202 346 209
202 211 190 254 255 265 263 364 262 275 219 267 242 409 232 345 2 1
;
546 0 236 109 240 157 239 204 237 265 276 164 206 166 305 199 342 187
199 209 184 252 255 265 264 374 260 288 219 266 242 408 232 344 2 1
;
547 0 238 109 241 157 241 203 241 264 277 164 207 164 313 191 327 147
197 207 177 250 259 263 267 378 260 301 223 265 242 407 232 343 2 0
;
548 0 240 109 242 157 241 203 241 264 278 164 207 164 320 186 320 132
196 207 175 249 259 263 270 382 261 309 223 265 243 407 232 343 2 0
;
549 0 242 108 243 157 243 203 242 264 278 164 208 163 323 174 304 113
196 205 178 249 260 263 276 392 263 322 225 265 243 407 232 343 2 4
;
550 0 244 108 244 156 244 202 244 264 280 163 209 163 324 171 298 110
197 205 181 250 261 263 278 396 265 328 227 265 244 409 232 343 2 4
;
551 0 246 108 246 155 246 202 246 264 282 161 211 162 326 166 291 110
198 204 187 249 263 263 281 405 268 341 229 265 244 408 232 343 2 1
;
552 0 248 107 248 155 248 202 249 265 283 161 214 162 328 165 288 114
201 203 190 246 266 264 284 409 272 349 232 266 243 408 232 345 3 1
;
553 0 249 107 249 155 249 202 250 265 285 160 216 161 329 165 288 115
202 203 190 244 267 265 284 409 274 349 234 266 243 407 232 345 3 1
;
554 0 252 105 250 155 251 202 253 265 287 161 217 161 331 168 291 119
204 202 184 235 269 265 282 411 277 350 236 266 243 407 233 342 3 4
;
555 0 253 105 250 155 252 202 254 266 289 161 219 160 333 169 293 121
204 201 178 226 271 265 282 410 279 349 238 266 243 407 234 342 3 0
;
556 0 255 105 255 154 255 202 256 266 291 161 220 160 335 171 295 123
205 198 172 212 272 266 282 408 280 347 239 266 243 407 234 341 3 0
;
557 0 259 104 258 154 259 202 259 266 294 161 221 160 340 177 301 130
201 193 166 174 275 266 282 407 282 339 243 266 242 407 236 340 3 2
;
558 0 262 104 262 154 262 202 262 267 299 163 224 160 343 180 307 140
189 191 175 137 278 267 283 410 285 347 246 266 242 407 238 342 3 2
;
559 0 264 104 264 154 263 203 263 267 299 163 225 160 344 182 311 144
188 183 183 122 279 267 283 410 285 347 247 267 242 406 239 342 3 2
;
560 0 267 104 266 154 266 203 265 268 299 163 226 159 346 184 318 152
188 170 198 105 281 268 283 408 286 347 249 267 243 406 241 342 2 2
;
561 0 269 104 267 154 266 203 265 268 303 164 228 158 349 186 321 154
189 166 205 102 281 268 283 408 287 347 249 268 243 406 241 342 2 2
;
562 0 272 104 270 154 268 203 267 268 306 164 232 157 351 187 328 156
188 162 216 104 283 268 283 407 288 347 251 268 243 406 243 345 0 2
;
563 0 273 104 271 154 269 203 268 268 308 164 233 156 352 187 331 156
188 161 220 106 284 268 283 407 288 347 252 267 243 406 243 346 0 3
;
564 0 276 104 273 155 272 203 270 268 311 164 236 155 354 187 335 154
188 160 226 110 286 268 283 406 290 346 254 267 243 406 245 343 0 3
;
565 0 277 104 275 155 273 203 270 268 312 165 237 155 355 187 337 152
188 159 228 112 287 268 283 406 290 347 254 267 243 406 245 343 2 3
;
566 0 280 104 277 155 274 203 272 268 315 165 239 155 359 185 342 143
191 160 229 113 288 268 283 406 291 347 256 267 243 406 246 345 2 3
;
567 0 281 104 278 155 276 203 273 268 316 165 240 155 363 182 346 137
192 161 227 112 289 268 282 407 291 347 257 267 243 407 248 343 2 3
;
568 0 283 105 280 155 277 203 274 267 318 165 242 155 371 173 357 121
194 160 221 104 291 268 282 407 292 348 258 266 245 407 249 350 2 3
;
569 0 284 105 281 155 279 203 275 267 320 165 243 155 374 167 364 111
196 157 214 96 291 267 282 408 292 348 259 266 243 408 250 351 2 3
;
570 0 286 105 283 155 280 202 276 266 323 165 245 154 376 157 375 88
196 144 201 79 292 267 282 409 293 350 260 264 243 407 252 348 2 2
;
571 0 287 106 284 155 281 202 277 265 323 164 246 154 375 141 377 73
198 136 196 70 293 266 282 409 293 350 261 263 243 406 255 340 2 2
;
572 0 288 106 285 154 283 200 279 262 324 163 247 152 369 128 366 47
204 121 205 51 296 264 282 409 293 350 263 260 248 398 258 332 2 2
;
573 0 288 107 286 154 283 200 280 261 324 163 248 151 365 123 357 40
210 113 216 44 297 263 283 408 293 349 263 258 248 396 259 324 2 2
;
574 0 288 108 286 154 284 199 280 258 323 159 250 147 357 116 334 42
221 106 243 38 298 260 283 408 295 339 263 256 252 390 260 313 2 2
;
575 0 288 108 286 154 284 198 281 256 322 157 251 146 354 114 323 43
223 105 255 38 298 259 283 408 294 339 263 253 254 384 261 302 2 2
;
576 0 288 108 287 154 284 196 279 251 321 158 251 146 344 107 305 42
234 99 271 41 298 256 283 408 295 338 259 247 257 373 262 286 2 1;
577 0 288 109 287 154 283 195 279 250 321 157 252 147 341 106 305 44
235 98 272 41 299 255 283 408 295 337 259 245 259 356 263 266 1 1;
578 0 287 110 286 154 283 195 279 249 319 156 255 146 339 103 308 35
238 98 274 27 299 254 283 408 295 335 259 244 261 371 261 278 1 1;
579 0 287 110 286 154 283 195 279 249 319 156 255 146 339 103 314 32
238 98 264 27 299 254 283 408 295 335 260 245 262 364 260 271 1 2;
580 0 287 110 285 154 283 195 280 252 320 156 254 146 345 105 335 30
233 99 241 25 298 256 282 404 283 329 263 250 260 388 258 298 0 2;
581 0 287 109 287 153 284 195 280 253 320 156 254 146 348 107 346 26
229 100 227 26 299 256 282 404 282 329 263 251 257 394 258 308 0 2
;
582 0 287 109 286 153 284 196 281 254 321 156 253 145 359 113 376 30
218 106 198 37 299 257 283 406 284 330 263 252 252 395 256 316 2 2
;
583 0 287 109 287 153 284 196 281 255 322 155 253 146 362 116 391 34
215 109 184 44 299 257 283 408 287 333 264 253 248 400 256 325 2 2
;
584 0 287 108 287 153 285 196 282 257 322 156 252 147 367 127 418 49
208 123 160 63 299 259 284 408 295 346 265 255 244 406 257 337 0 2
;
585 0 287 108 287 152 285 197 282 258 322 156 251 148 371 130 428 61
207 126 153 76 299 260 284 409 295 348 265 256 242 409 256 345 2 2
;
586 0 287 107 287 152 284 197 281 260 322 157 250 149 375 139 446 81
203 133 141 98 298 261 284 409 295 350 265 258 241 414 255 352 2 2
;
587 0 287 106 286 152 284 198 281 261 322 157 249 150 375 143 452 91
202 138 137 108 298 262 284 409 295 350 265 259 242 414 254 351 2 2
;
588 0 286 105 285 152 283 199 280 262 322 157 248 151 375 149 457 108
198 145 139 128 296 263 283 409 295 350 264 261 246 413 251 351 2 2
;
589 0 285 105 284 152 282 199 279 263 322 157 246 151 375 151 456 116
196 148 136 135 295 264 283 409 295 350 263 262 249 411 251 349 0 2
;
590 0 283 104 282 152 279 200 276 264 321 157 244 152 373 156 454 126
195 154 132 147 292 264 284 408 295 339 261 263 250 406 250 341 0 2
;
591 0 281 104 280 152 278 200 275 264 320 157 243 152 371 158 453 129
194 158 131 153 291 265 284 408 295 339 259 263 250 406 250 341 0 2
;
592 0 278 103 278 153 275 201 272 265 315 158 240 153 368 162 452 135
193 165 134 164 289 265 284 408 291 349 257 265 250 405 249 340 2 2
;
593 0 276 103 276 153 274 201 271 265 313 158 238 154 367 164 450 139
192 167 126 169 287 266 283 408 290 348 255 265 250 405 249 341 2 2
;
594 0 272 104 273 153 272 202 269 266 310 159 235 155 363 166 447 144
191 170 129 177 285 266 282 408 288 351 253 266 250 409 246 345 2 2
;
595 0 270 104 272 153 270 202 268 266 308 159 234 155 358 166 446 145
190 171 130 179 284 267 281 409 286 351 252 266 250 409 245 346 2 2
;
596 0 265 105 268 154 267 202 266 267 304 159 230 156 355 166 444 144
188 173 122 181 282 267 278 412 282 356 250 266 250 410 244 347 2 2
;
597 0 263 106 266 155 265 203 264 267 302 160 228 157 354 165 441 143
186 173 121 181 281 267 282 423 282 353 248 267 250 410 243 348 2 2
;
598 0 260 107 263 155 263 203 262 267 299 160 225 158 352 165 437 140
182 174 119 180 279 267 279 422 281 346 246 267 250 411 242 349 2 2
;
599 0 258 107 262 155 262 203 261 267 298 160 224 158 351 164 436 139
181 174 116 179 278 267 279 408 280 338 245 267 250 412 241 350 2 2
;
600 0 256 107 260 155 260 203 259 266 296 159 222 158 350 163 433 137
178 174 112 177 276 266 273 396 278 322 242 266 249 408 240 344 2 2
;
601 0 255 107 259 155 259 202 258 265 295 159 222 158 350 162 429 137
177 173 111 175 275 265 270 390 277 304 241 265 249 409 239 343 2 2
;
602 0 253 106 258 155 257 202 255 264 294 159 220 158 349 161 429 135
175 172 110 171 272 264 265 381 275 294 238 264 244 414 238 340 2 2
;
603 0 253 106 257 155 256 201 254 264 293 158 220 158 349 161 421 137
175 172 108 170 272 264 265 375 274 288 237 263 245 414 238 339 2 2
;
604 0 252 106 256 154 254 201 250 263 292 158 219 158 348 160 427 135
174 171 106 168 268 264 265 368 275 274 233 263 246 413 237 338 2 2
;
605 0 251 106 256 155 254 201 250 263 292 158 218 158 348 160 420 137
173 171 107 168 268 263 266 378 273 292 233 263 246 412 238 338 2 2
;
606 0 251 106 255 155 254 201 251 263 291 158 218 158 348 160 420 136
173 171 107 167 269 263 270 383 273 302 234 263 247 409 238 339 2 2
;
607 0 250 106 255 155 254 201 252 264 291 158 217 158 347 160 423 127
173 171 112 158 270 264 275 394 273 320 235 264 248 407 238 340 2 2
;
608 0 250 106 255 155 254 201 253 264 291 158 217 158 347 159 417 120
173 171 117 152 270 264 277 397 273 326 236 264 248 407 238 341 2 2
;
609 0 250 106 255 155 254 201 254 264 291 158 217 158 347 159 410 112
174 170 113 139 271 264 279 404 274 334 237 264 249 414 238 349 2 2
;
610 0 250 106 255 154 255 201 255 264 291 158 217 158 347 158 390 97
171 169 129 120 272 264 283 410 275 349 238 265 249 409 237 344 2 2
;
611 0 251 106 255 154 255 201 255 264 291 158 217 158 347 158 378 92
171 169 139 112 272 264 283 411 276 351 239 265 249 413 237 349 2 2
;
612 0 252 105 257 154 256 201 256 265 292 158 218 157 347 158 352 86
172 166 163 102 273 265 281 412 278 355 240 265 249 413 238 349 2 2
;
613 0 254 104 259 153 258 201 257 265 294 157 219 156 351 153 326 88
172 159 189 98 274 265 278 413 279 356 241 265 248 413 238 350 2 2
;
614 0 255 104 260 153 259 201 258 265 295 157 220 155 352 150 315 92
173 158 201 101 275 265 277 413 280 355 242 265 248 413 239 349 0 2
;
615 0 259 103 262 152 261 201 260 265 298 156 223 153 348 150 305 102
175 156 216 108 277 265 278 412 281 354 244 265 248 411 240 347 0 2
;
616 0 260 103 263 152 262 201 261 265 299 155 225 153 348 150 303 105
176 155 220 110 278 265 278 411 282 353 245 265 248 410 241 347 0 1
;
617 0 263 102 265 153 264 201 263 265 299 157 226 153 348 150 306 103
178 155 220 109 279 266 278 411 284 352 246 265 248 410 243 347 0 1
;
618 0 265 102 265 153 264 201 264 265 300 157 227 153 350 152 317 105
179 155 219 106 281 266 278 410 285 352 247 265 248 410 243 348 2 1
;
619 0 267 103 268 153 268 201 267 266 306 157 230 153 354 156 331 102
181 156 210 102 283 266 279 410 286 353 250 266 249 412 245 351 2 2
;
620 0 269 103 270 153 269 202 267 266 308 158 231 153 356 159 338 99
183 158 204 101 284 266 279 411 287 353 251 266 250 413 246 353 2 2
;
621 0 272 103 272 154 271 202 270 266 311 159 235 154 367 167 361 103
187 163 188 103 287 267 279 411 288 353 254 266 250 409 248 352 2 2
;
622 0 274 104 274 154 273 202 272 266 312 160 237 154 368 167 372 106
190 167 180 107 289 267 279 410 289 353 255 266 246 424 248 352 2 2
;
623 0 277 105 277 155 276 203 274 267 315 161 240 156 369 175 395 122
194 173 162 122 291 267 279 410 290 353 258 266 247 410 249 351 2 2
;
624 0 279 105 279 155 277 203 275 267 316 163 241 157 368 181 405 134
197 177 155 133 292 268 280 410 290 352 258 266 243 406 251 344 2 2
;
625 0 281 106 281 156 279 203 276 267 318 164 244 157 367 188 420 161
205 186 147 161 293 268 281 410 291 353 260 266 245 404 251 341 2 2
;
626 0 283 106 281 156 279 203 277 267 319 164 245 158 366 191 424 174
208 188 149 175 293 268 282 410 291 353 260 266 247 402 251 337 2 2
;
627 0 285 106 283 156 281 203 277 267 320 165 247 159 364 196 423 188
212 190 148 188 295 269 282 409 292 341 261 265 250 396 252 327 2 2
;
628 0 286 106 284 156 281 203 278 267 320 165 248 159 364 196 423 188
214 191 150 188 295 269 282 409 292 341 261 265 250 396 252 323 2 2
;
629 0 287 106 285 156 282 203 279 267 321 166 248 159 365 196 419 175
215 190 154 176 296 269 282 409 292 341 262 265 252 389 248 306 2 2
;
630 0 287 106 285 155 283 203 280 267 322 166 249 159 366 195 415 164
216 189 157 166 297 269 282 409 292 341 263 265 254 369 244 276 2 2
;
631 0 288 106 287 155 284 203 280 267 323 166 250 159 369 187 396 140
213 184 171 142 298 269 282 409 292 340 263 265 251 363 244 273 2 2
;
632 0 289 106 287 155 284 203 280 267 324 166 251 159 369 184 383 132
212 179 181 131 298 269 283 408 292 340 264 265 251 362 243 270 2 2
;
633 0 289 106 288 155 285 203 281 267 324 166 252 158 368 177 353 121
209 172 206 118 298 269 283 408 292 340 264 265 250 362 241 271 2 2
;
634 0 290 106 288 155 285 202 280 266 324 167 252 158 365 173 342 119
210 170 218 117 298 269 278 413 271 339 263 264 250 361 240 276 2 2
;
635 0 290 106 289 155 285 201 279 264 325 166 254 157 365 174 327 119
212 168 239 118 297 267 279 413 272 338 262 260 252 379 237 297 2 2
;
636 0 290 106 290 155 285 201 279 262 325 166 255 157 363 174 323 120
213 166 246 120 296 266 280 412 274 337 261 259 250 386 239 308 2 2
;
637 0 290 106 290 154 285 200 278 261 325 166 255 157 362 175 319 125
214 163 250 118 296 265 283 411 277 335 261 258 247 396 245 325 2 2
;
638 0 290 106 289 154 285 200 278 261 324 166 255 157 361 168 321 128
213 163 248 117 296 265 284 408 284 339 261 258 247 403 246 332 3 2
;
639 0 290 106 288 154 283 200 277 262 323 166 253 156 361 168 323 129
209 161 243 115 295 265 284 408 293 344 260 259 243 405 250 342 3 2
;
640 0 290 106 287 154 283 201 277 263 323 165 252 156 368 179 324 129
207 161 241 114 294 266 284 408 293 345 260 260 241 411 251 348 3 2
;
641 0 288 105 285 154 282 201 276 264 322 165 248 155 368 179 325 130
203 160 238 113 294 266 283 409 293 346 260 262 247 410 251 350 3 2
;
642 0 286 105 284 155 281 202 276 264 321 165 247 155 367 179 326 130
201 159 236 113 293 266 283 409 293 346 259 263 251 410 252 350 3 2
;
643 0 283 104 281 155 278 202 274 266 319 164 243 155 366 179 325 131
194 158 233 113 291 267 283 409 293 347 258 264 252 405 252 341 3 3
;
644 0 281 104 279 154 277 202 273 266 318 164 242 155 364 179 324 130
193 158 232 114 290 267 283 409 293 347 257 265 252 404 250 341 3 3
;
645 0 278 103 276 154 274 202 271 266 314 163 239 155 362 178 322 126
191 159 229 115 287 267 283 409 291 347 255 265 251 404 249 340 3 3
;
646 0 276 103 275 154 273 202 269 266 313 163 238 155 360 177 321 122
190 160 227 116 286 267 283 409 290 347 253 265 251 404 249 341 2 3
;
647 0 272 103 273 154 270 202 267 267 310 163 234 156 355 169 318 113
186 163 223 119 283 267 283 408 288 349 251 266 251 407 247 346 2 3
;
648 0 270 104 272 154 269 202 266 267 310 163 234 156 351 164 317 111
186 164 222 121 283 267 282 409 286 350 250 266 251 406 246 346 2 3
;
649 0 266 105 270 154 267 202 264 267 307 163 230 157 349 162 313 107
184 166 218 123 281 267 279 411 281 352 248 266 251 406 245 346 2 2
;
650 0 263 106 266 155 265 202 263 267 304 162 226 158 345 161 311 106
182 168 215 125 280 267 283 412 280 348 247 266 250 406 244 346 2 2
;
651 0 260 107 263 155 262 203 261 267 300 161 224 160 341 159 307 103
181 171 211 130 278 266 279 424 279 346 245 267 250 408 242 348 2 2
;
652 0 258 107 261 155 261 203 261 266 298 161 223 160 340 157 307 105
180 172 210 132 277 266 279 408 278 342 244 267 250 405 241 344 2 2
;
653 0 256 107 259 155 259 202 259 266 296 159 221 161 338 154 305 106
175 174 207 140 276 265 274 406 277 330 243 266 250 406 240 343 3 2
;
654 0 255 107 258 155 258 202 259 265 295 159 221 161 341 152 304 102
171 174 207 144 275 265 270 398 275 322 242 266 249 409 240 343 3 2
;
655 0 254 108 257 155 257 202 257 265 294 158 221 163 336 137 300 89
171 175 210 155 274 264 267 390 274 298 240 265 248 410 238 341 3 3
;
656 0 254 108 256 155 255 201 254 263 294 158 221 163 334 132 298 78
171 176 213 160 271 263 266 383 273 293 236 263 248 411 238 340 3 3
;
657 0 253 108 256 155 255 200 257 259 294 158 222 162 327 118 295 52
170 175 215 164 276 257 265 367 273 273 238 260 247 412 238 351 2 3
;
658 0 253 108 256 154 259 198 265 255 293 157 222 162 324 111 294 39
170 174 215 161 285 252 265 364 272 268 245 258 247 411 237 336 2 3
;
659 0 254 108 257 154 260 197 265 254 290 149 221 164 316 100 294 22
167 161 204 135 284 250 266 361 272 266 245 258 247 408 238 335 0 3
;
660 0 254 108 257 153 260 196 264 252 289 147 220 161 312 97 293 19
168 154 199 116 283 248 267 361 273 267 244 256 248 409 238 335 0 0
;
661 0 255 108 259 152 261 194 264 250 288 144 220 159 304 95 284 19
180 129 200 70 283 246 270 376 274 291 245 255 248 408 239 336 0 2
;
662 0 255 108 259 152 261 194 264 250 288 144 221 158 302 94 278 20
184 122 202 52 283 246 271 386 274 305 245 254 248 407 239 337 0 2
;
663 0 255 108 259 151 261 193 262 248 288 144 221 152 294 88 267 22
195 105 210 28 281 245 274 393 275 321 244 251 250 407 240 337 0 2
;
664 0 255 108 259 151 261 193 262 248 288 144 222 151 295 88 261 22
200 101 216 23 280 245 277 400 275 326 243 251 250 407 240 337 0 1
;
665 0 256 108 260 150 260 191 260 246 287 141 224 144 294 87 255 23
206 96 232 22 277 244 278 406 274 344 242 248 250 407 240 337 1 1;
666 0 257 107 260 149 260 190 259 245 287 140 224 143 294 88 253 22
209 95 240 23 276 244 279 409 274 342 242 246 250 407 239 336 1 1;
667 0 258 107 261 150 260 191 259 247 288 142 225 144 292 86 259 18
213 94 243 20 276 246 281 412 276 346 242 247 250 407 240 337 1 1;
668 0 259 106 262 150 261 191 259 248 290 144 228 142 302 92 271 22
214 94 239 21 277 248 276 410 278 344 242 248 250 407 240 337 1 1;
669 0 261 106 263 150 262 193 261 252 292 144 228 142 309 94 293 19
214 94 223 19 278 251 278 408 280 343 245 252 249 406 241 338 0 0;
670 0 263 105 263 150 262 194 262 253 292 145 228 142 315 95 306 17
213 94 211 19 279 253 279 407 281 343 245 253 249 406 241 338 0 0;
671 0 265 105 266 150 265 195 264 256 296 147 229 142 331 102 339 20
205 97 185 23 280 256 280 407 285 343 248 256 249 405 243 338 0 0;
672 0 267 104 268 150 267 195 265 257 300 149 231 143 335 109 357 25
201 102 172 30 281 257 280 407 285 345 249 256 249 405 245 345 0 2
;
673 0 269 104 270 150 268 196 267 258 304 151 232 145 347 124 391 40
193 114 145 48 283 259 279 409 286 348 251 258 250 408 246 347 2 2
;
674 0 272 105 271 151 270 197 268 260 309 154 234 148 358 134 417 68
188 131 128 82 284 260 278 410 286 350 252 259 251 408 247 348 0 2
;
675 0 273 105 272 152 271 198 269 261 311 155 235 149 362 142 428 84
188 139 122 100 285 261 278 410 287 350 253 260 251 409 248 350 2 2
;
676 0 276 105 273 152 272 199 270 262 312 157 236 151 365 159 442 119
192 157 127 139 286 263 278 411 288 351 254 261 251 409 249 351 2 2
;
677 0 277 105 275 153 273 200 271 263 314 159 238 153 358 170 445 138
194 166 130 158 288 264 278 411 288 351 255 262 251 409 248 350 2 2
;
678 0 279 106 277 154 275 201 272 264 316 163 240 156 369 178 445 174
198 178 133 190 288 265 277 411 288 352 256 263 246 405 248 340 2 2
;
679 0 280 106 277 155 275 202 272 264 315 163 241 157 366 183 444 188
201 183 135 203 289 266 277 412 288 352 256 263 246 405 248 339 0 2
;
680 0 281 107 278 156 276 202 273 265 316 166 242 158 366 189 443 205
204 187 147 216 289 267 277 411 287 351 256 263 246 402 249 330 0 2
;
681 0 281 108 279 157 276 203 273 265 316 166 243 159 365 190 442 207
206 188 148 218 290 267 278 411 287 351 256 263 245 400 249 328 0 2
;
682 0 281 108 279 157 277 204 273 266 317 168 243 160 366 191 444 198
206 189 147 209 291 268 279 408 286 347 257 264 245 391 249 319 0 2
;
683 0 282 108 279 158 277 204 274 266 317 168 243 160 367 190 443 185
206 188 144 197 291 268 279 408 286 344 257 265 244 392 248 316 0 2
;
684 0 282 108 280 158 279 204 278 268 317 168 244 160 370 183 422 144
206 182 147 160 295 269 276 414 271 339 262 266 244 392 244 311 2 2
;
685 0 282 108 280 158 279 204 279 268 317 167 244 160 364 177 403 126
206 177 153 139 295 269 276 414 270 338 262 266 244 391 243 310 2 2
;
686 0 281 108 280 157 279 203 276 265 318 166 244 158 364 169 363 102
204 167 186 108 293 267 277 412 270 338 259 263 246 391 243 309 2 2
;
687 0 281 108 280 157 278 203 275 265 318 165 244 157 363 164 346 100
203 159 204 103 292 267 277 412 269 337 258 263 246 390 240 309 2 2
;
688 0 281 107 280 156 278 202 274 264 318 165 243 156 362 158 328 110
199 157 232 109 291 266 279 411 270 337 257 262 244 399 239 324 2 2
;
689 0 280 107 280 156 277 202 273 263 317 165 243 156 360 157 325 115
203 151 243 111 291 266 281 407 274 336 256 261 243 404 240 328 2 1
;
690 0 280 106 280 156 277 202 273 263 317 165 243 155 359 157 325 116
199 155 242 111 290 265 281 407 290 339 256 261 241 426 245 341 0 1
;
691 0 279 106 279 156 276 202 273 264 316 163 242 155 359 157 324 112
201 153 234 109 290 266 281 407 290 344 256 262 237 421 247 346 2 1
;
692 0 278 106 277 155 275 202 272 265 316 163 239 154 359 159 331 106
193 155 224 101 289 267 279 409 290 348 256 264 254 405 251 343 2 2
;
693 0 277 105 276 154 274 202 271 266 315 163 237 153 363 158 335 102
194 155 218 98 288 267 280 408 290 349 255 265 254 405 251 342 2 2
;
694 0 275 104 274 153 272 201 269 265 313 162 235 153 364 158 346 96
193 155 203 95 285 266 280 408 288 349 253 264 253 405 248 340 2 2
;
695 0 274 103 273 153 271 201 267 265 312 162 235 152 364 158 353 94
184 155 194 93 283 266 279 408 288 349 251 264 252 405 248 340 2 2
;
696 0 272 103 272 153 269 201 266 265 310 162 233 152 360 161 369 92
183 158 172 96 282 266 278 411 285 351 250 265 252 411 246 347 2 2
;
697 0 271 103 271 152 269 201 265 265 309 161 232 153 358 162 378 95
182 158 161 98 282 266 278 411 285 351 250 265 252 411 246 348 2 2
;
698 0 268 103 269 152 267 201 265 266 306 161 230 153 360 165 396 104
181 159 137 109 281 266 276 412 284 352 249 265 252 411 245 348 2 2
;
699 0 266 103 267 152 266 201 264 266 305 161 228 154 360 166 403 114
178 161 127 118 280 267 276 411 283 352 248 265 252 411 244 349 2 2
;
700 0 263 104 265 153 264 202 262 267 302 161 225 156 357 170 414 134
179 166 111 141 278 267 277 413 280 354 246 266 252 411 243 350 2 2
;
701 0 261 105 263 154 263 202 261 267 301 162 224 157 350 173 417 142
178 168 112 154 278 268 277 411 278 353 245 267 251 412 243 350 2 2
;
702 0 258 106 261 154 261 203 260 268 298 163 222 159 348 174 417 153
177 174 108 172 277 268 279 424 278 351 244 267 251 412 242 350 2 2
;
703 0 257 106 260 155 260 203 260 268 296 163 221 160 347 174 420 157
176 175 107 178 276 268 281 426 279 351 244 268 251 412 242 350 2 2
;
704 0 254 107 258 156 258 203 258 268 295 163 219 161 344 172 424 155
176 176 107 186 274 267 277 410 279 341 242 268 250 407 239 344 0 2
;
705 0 253 107 257 156 257 203 257 267 294 163 219 161 344 170 424 149
176 176 108 187 274 267 276 403 277 335 241 268 250 407 239 344 0 2
;
706 0 252 108 257 156 256 203 256 266 293 162 218 161 345 165 410 128
175 176 106 176 272 266 274 401 277 324 239 266 251 407 239 344 2 2
;
707 0 252 108 256 156 256 203 255 266 293 162 218 161 344 162 400 116
175 175 111 164 272 266 271 394 278 317 239 266 251 407 239 343 0 2
;
708 0 251 107 256 155 255 202 255 265 292 161 218 161 343 159 375 96
175 174 117 133 271 265 271 388 279 298 238 266 250 408 240 342 2 2
;
709 0 251 107 255 155 255 202 254 265 292 161 218 160 342 157 359 92
170 171 129 123 271 265 271 387 278 299 238 265 250 408 240 341 2 2
;
710 0 251 107 255 155 254 201 254 264 292 161 217 159 342 155 333 89
169 168 153 109 270 264 271 384 278 300 237 265 249 409 240 340 2 2
;
711 0 250 107 255 155 254 201 254 264 292 161 217 159 341 154 321 90
171 166 166 106 270 264 272 383 278 300 237 265 250 410 240 340 2 2
;
712 0 250 107 254 155 254 201 254 264 292 161 217 159 339 154 303 98
173 163 190 105 270 264 274 381 278 305 237 265 251 408 241 340 2 2
;
713 0 250 107 254 155 254 201 254 264 292 161 217 159 338 155 296 103
175 163 199 108 270 264 275 382 278 305 237 264 251 407 241 340 2 2
;
714 0 251 107 255 155 255 201 254 264 292 161 217 159 332 154 291 112
176 162 209 113 271 263 277 390 278 319 238 264 251 407 241 340 0 2
;
715 0 252 107 255 155 255 201 255 263 292 161 217 159 332 155 289 114
180 160 210 114 272 262 278 394 279 321 238 264 251 407 241 339 1 2
;
716 0 254 108 255 155 255 201 256 263 292 161 219 158 333 157 296 121
179 161 210 113 273 263 279 403 277 334 239 264 251 407 239 341 1 2
;
717 0 254 108 256 155 256 201 257 264 292 161 219 158 333 158 297 120
178 161 210 112 274 263 278 406 276 343 240 264 251 409 239 345 1 2
;
718 0 256 108 257 155 258 202 258 264 294 162 222 158 335 160 290 113
178 160 211 110 275 264 278 410 276 351 241 265 251 410 239 347 1 2
;
719 0 257 108 259 155 258 202 258 265 295 162 222 158 336 160 299 115
179 160 211 109 275 265 277 410 276 354 242 265 251 411 240 348 1 2
;
720 0 260 108 261 155 261 202 260 265 298 162 224 157 338 161 304 113
180 160 213 108 276 266 272 409 278 354 243 265 249 406 240 343 1 1
;
721 0 261 107 263 155 262 202 261 266 299 162 225 157 340 162 307 112
182 159 214 108 277 266 272 409 279 353 244 265 249 405 241 342 1 2
;
722 0 264 107 265 154 265 202 264 266 300 162 227 156 342 161 311 111
182 160 215 113 280 266 273 410 282 353 248 265 249 408 244 347 1 1
;
723 0 266 106 267 154 266 202 265 265 304 163 228 156 345 161 313 110
182 161 216 115 282 266 272 410 283 353 249 265 249 408 246 348 1 1
;
724 0 269 107 270 155 269 202 268 265 306 163 232 156 347 161 316 110
186 163 218 120 284 266 272 410 284 354 252 264 248 410 247 349 2 1
;
725 0 271 108 272 157 271 203 269 265 309 164 235 157 349 161 318 110
189 165 221 124 285 266 273 410 285 353 253 264 245 405 247 340 2 3
;
726 0 272 108 272 156 271 203 269 265 309 164 235 157 349 162 320 114
191 165 222 125 285 266 274 410 285 353 253 264 246 406 247 339 2 3
;
727 0 273 109 273 157 271 203 269 265 310 165 237 157 350 162 321 117
192 165 223 125 286 266 275 411 285 353 253 263 247 406 249 338 1 3
;
728 0 275 109 274 157 273 203 271 264 310 165 239 157 350 164 321 121
194 164 226 121 287 265 276 408 286 342 254 262 247 400 250 327 1 3
;
729 0 275 110 275 158 273 203 270 263 311 166 240 157 361 173 321 124
197 161 231 116 287 265 276 408 286 341 254 260 246 388 249 315 3 2
;
730 0 276 110 275 158 273 202 270 262 311 166 241 157 361 172 321 124
198 160 233 114 287 264 276 408 286 341 253 260 246 384 249 310 3 2
;
731 0 276 110 275 158 273 202 270 261 311 167 241 156 361 173 320 124
204 155 235 111 287 264 276 408 285 340 253 258 247 362 245 280 3 1
;
732 0 276 110 275 158 272 201 265 258 311 167 241 156 360 172 320 124
203 155 238 107 284 263 276 408 285 339 247 253 247 361 245 280 0 1
;
733 0 276 110 276 157 272 201 266 258 312 167 242 156 359 171 320 120
205 154 238 105 284 262 276 408 285 339 249 255 248 360 244 280 2 1
;
734 0 276 110 276 157 272 201 265 258 312 167 242 155 357 170 318 117
205 154 238 105 282 262 276 408 285 338 248 254 248 368 242 292 2 1
;
735 0 276 110 275 156 271 200 266 259 311 166 240 155 356 165 318 115
204 154 233 111 283 262 275 406 270 333 249 255 246 384 241 314 2 1
;
736 0 276 110 274 156 271 200 268 260 311 166 241 155 353 163 318 114
205 154 231 114 284 263 275 406 270 333 251 257 245 390 241 315 2 1
;
737 0 276 109 274 156 271 200 268 260 311 165 240 155 352 163 318 113
197 161 230 116 285 263 277 407 274 334 252 258 245 400 241 331 2 1
;
738 0 276 108 274 156 271 201 269 261 311 165 240 156 354 164 317 113
197 161 228 117 285 263 277 407 279 339 253 259 244 403 242 334 2 1
;
739 0 275 108 273 155 271 201 269 263 311 164 239 156 354 164 316 113
195 162 226 118 285 265 277 407 285 339 253 261 239 409 244 346 2 3
;
740 0 274 108 273 156 271 202 269 264 310 164 238 156 351 163 316 112
193 163 224 119 285 265 277 407 286 339 253 263 242 408 246 347 2 3
;
741 0 272 107 272 155 270 202 268 265 309 164 236 156 350 163 314 111
190 164 220 119 284 266 277 407 287 339 252 264 246 405 246 343 2 3
;
742 0 270 106 271 155 269 202 267 266 308 163 234 156 349 162 314 111
189 164 218 119 283 267 278 406 287 339 251 265 246 404 245 341 2 3
;
743 0 267 105 269 154 267 202 264 266 306 162 231 156 347 162 312 109
186 165 213 118 281 266 277 407 285 339 249 265 246 404 243 339 2 3
;
744 0 266 105 268 154 266 201 263 266 306 162 230 156 347 161 313 107
185 165 211 117 279 266 277 407 282 348 247 265 246 404 243 339 2 3
;
745 0 263 105 265 153 264 201 261 266 303 161 227 156 346 162 316 104
183 166 201 116 277 267 276 407 281 349 246 265 246 407 241 345 2 3
;
746 0 261 104 264 153 263 202 260 266 303 161 227 156 347 165 319 104
182 169 194 116 276 267 276 407 281 349 245 266 246 407 240 345 2 3
;
747 0 258 104 262 153 261 202 259 267 299 163 224 157 343 171 328 107
181 175 179 122 275 268 275 407 281 350 244 266 245 407 240 346 2 3
;
748 0 256 105 261 153 260 202 259 267 299 163 224 157 341 177 333 114
182 179 170 128 274 268 275 407 281 350 243 267 245 407 239 347 2 3
;
749 0 253 105 258 154 258 203 257 268 294 163 221 159 335 189 340 144
188 193 154 152 273 269 275 407 280 351 242 268 245 408 238 348 0 3
;
750 0 251 105 257 154 257 203 257 269 292 163 219 161 333 194 342 165
191 194 150 169 272 269 275 407 280 351 241 269 245 408 238 348 0 3
;
751 0 247 105 254 154 255 204 255 270 289 163 218 163 324 200 339 216
200 203 151 206 271 270 274 408 279 352 240 270 245 408 237 348 0 3
;
752 0 245 105 253 155 254 204 254 271 287 163 217 163 321 206 332 238
203 206 157 224 270 271 274 408 279 353 239 271 245 408 237 349 0 3
;
753 0 242 105 250 155 252 205 253 271 283 163 216 164 304 208 314 264
210 211 176 250 269 271 274 408 278 354 238 271 245 409 236 349 0 3
;
754 0 240 105 249 155 251 205 253 271 282 163 215 164 302 210 306 271
212 212 186 256 268 271 275 409 277 355 237 271 245 409 236 350 0 1
;
755 0 237 105 247 155 249 205 251 272 280 164 214 164 297 212 293 275
215 213 201 261 267 271 275 409 276 357 236 272 244 410 236 351 0 1
;
756 0 236 106 246 155 247 205 250 272 279 164 213 164 296 212 288 276
215 213 207 261 265 271 275 409 275 357 234 272 244 410 235 351 1 1
;
757 0 234 106 244 156 245 206 248 272 277 164 212 164 294 212 285 277
214 212 212 261 263 271 275 409 274 357 232 272 244 411 235 351 1 1
;
758 0 233 106 243 156 245 206 247 272 276 164 211 164 294 213 285 278
214 212 213 260 263 271 275 411 273 358 232 272 244 411 234 352 1 1
;
759 0 232 106 242 156 244 206 246 272 275 164 209 165 294 213 285 279
210 212 210 257 261 271 274 411 272 358 231 272 244 412 234 352 1 1
;
760 0 232 106 242 156 243 206 245 272 275 164 209 166 294 213 284 279
207 213 208 256 261 272 274 422 270 357 230 272 244 412 233 352 1 1
;
761 0 232 107 241 157 243 206 244 272 274 164 208 166 294 212 281 277
201 209 195 253 260 272 273 431 268 356 229 272 245 412 232 353 0 3
;
