216 0 281 114 281 159 278 201 272 258 315 164 248 157 359 162 321 112
205 160 240 116 289 262 283 405 292 338 254 253 254 370 255 296 2 1
;
217 0 281 114 281 158 277 201 271 257 315 164 248 157 359 162 326 114
205 160 239 114 289 262 282 407 292 338 254 253 253 377 253 305 2 1
;
218 0 281 113 282 158 279 201 277 260 315 163 248 157 360 163 332 111
205 160 234 110 294 262 282 407 292 340 261 258 247 391 250 320 2 2
;
219 0 281 113 282 158 279 201 277 260 315 163 248 157 360 163 336 109
210 162 228 110 294 262 282 407 286 340 261 258 246 392 249 327 2 2
;
220 0 281 112 282 157 280 201 277 261 315 163 248 157 364 166 347 109
207 163 215 108 294 263 282 407 293 341 261 259 242 402 248 339 2 2
;
221 0 281 111 282 157 280 201 277 261 316 164 248 157 365 167 353 109
206 164 207 107 293 263 282 407 293 342 261 259 242 402 249 340 2 2
;
222 0 281 110 282 156 279 201 277 261 315 163 247 157 365 168 365 108
204 164 190 108 292 263 282 407 293 343 261 260 243 405 249 341 2 2
;
223 0 281 110 281 155 279 201 276 261 315 163 247 157 365 169 371 110
202 164 181 109 291 263 282 407 292 344 261 260 244 405 249 341 2 2
;
224 0 280 109 280 155 277 201 274 262 314 163 245 156 364 171 383 114
199 165 162 116 289 263 282 407 292 344 259 261 246 404 249 339 2 2
;
225 0 280 109 279 155 276 201 272 262 314 163 244 157 364 173 388 119
198 165 153 122 287 263 282 407 291 345 258 261 246 405 247 338 2 2
;
226 0 278 109 278 155 275 201 270 263 313 163 243 157 362 177 398 131
196 169 140 140 285 264 282 407 290 345 255 262 246 405 246 337 2 2
;
227 0 278 109 277 155 274 201 269 263 312 163 242 157 360 180 402 137
196 171 137 150 284 264 282 407 289 345 255 262 246 404 245 337 2 2
;
228 0 276 108 275 155 272 201 268 263 311 164 240 157 356 183 407 150
198 174 140 168 283 264 282 407 288 345 254 263 246 403 245 337 2 2
;
229 0 275 108 275 155 272 202 268 263 310 164 240 157 355 184 407 152
199 175 139 172 283 264 282 407 287 345 253 263 246 403 245 337 2 2
;
230 0 274 108 274 155 271 202 268 264 309 164 239 158 355 185 402 148
199 178 140 169 283 264 283 407 287 345 253 263 246 403 244 337 2 2
;
231 0 274 108 273 155 271 202 268 264 309 164 238 158 355 185 397 143
199 178 142 164 283 264 283 407 287 345 253 263 246 403 244 337 2 2
;
232 0 273 108 273 155 271 202 268 264 308 164 238 158 355 182 384 131
200 179 145 144 283 264 283 407 287 345 253 263 246 403 244 337 2 2
;
233 0 273 108 273 155 271 202 268 264 308 164 238 158 355 179 375 125
197 178 153 135 283 264 283 407 287 345 253 263 246 403 244 337 2 2
;
234 0 273 108 273 155 271 202 269 264 309 164 238 158 355 175 355 116
196 175 175 120 284 264 283 407 288 345 254 263 246 403 245 338 2 2
;
235 0 273 108 273 155 272 202 270 264 309 164 239 158 356 172 346 115
196 174 188 117 285 264 283 407 288 345 255 263 246 404 246 339 2 2
;
236 0 275 108 275 155 274 202 272 264 310 164 240 158 356 170 331 116
198 170 211 117 288 264 283 407 290 345 257 263 246 404 248 341 2 2
;
237 0 276 108 276 155 275 201 274 263 312 163 240 158 356 169 325 117
200 169 220 119 290 263 283 407 291 344 259 263 245 404 251 340 2 1
;
238 0 279 109 279 156 278 201 276 263 314 164 245 157 355 168 319 118
206 166 237 121 292 263 282 407 293 345 261 262 245 406 255 342 1 1
;
239 0 279 109 280 156 279 201 277 262 314 164 246 157 355 168 318 122
209 165 241 122 293 263 283 407 293 345 261 261 244 408 257 339 2 1
;
240 0 281 110 281 156 280 201 280 261 315 164 246 158 361 172 322 129
209 165 242 120 297 262 283 407 294 346 264 260 247 405 262 336 3 1
;
241 0 281 110 282 157 281 201 281 261 316 164 247 157 362 172 323 130
209 165 241 119 297 262 283 407 296 344 265 260 248 403 263 333 3 1
;
242 0 283 111 283 157 283 201 283 260 317 164 248 158 364 173 323 133
209 164 240 118 299 261 283 407 296 343 266 259 252 393 263 316 3 1
;
243 0 283 111 283 157 282 201 283 260 317 164 248 158 365 174 323 134
209 164 240 118 299 261 283 407 296 342 266 258 255 388 263 312 3 1
;
244 0 283 111 283 157 283 201 284 259 318 164 249 158 365 175 323 137
209 164 240 119 301 261 283 406 295 341 266 258 261 372 261 290 3 1
;
245 0 283 112 283 158 284 201 287 260 318 164 249 159 366 175 323 137
208 164 240 121 304 261 284 405 295 341 270 259 262 354 260 268 3 1
;
246 0 283 112 284 158 286 202 291 262 317 164 248 159 367 175 324 137
206 166 240 124 306 261 284 404 295 338 275 264 265 336 257 249 3 1
;
247 0 283 112 284 158 286 202 291 262 317 164 248 159 367 175 324 136
206 166 240 126 307 261 285 404 295 337 276 264 266 335 257 249 3 1
;
248 0 283 112 285 158 287 202 290 263 316 164 248 159 367 175 324 134
206 167 241 127 306 261 285 404 295 337 275 265 263 343 253 259 3 1
;
249 0 283 112 285 158 287 202 290 263 316 164 249 159 367 175 325 133
206 167 241 127 305 261 285 404 294 338 274 265 259 352 251 273 3 3
;
250 0 283 111 284 157 286 202 288 262 316 163 250 158 367 175 325 131
206 167 239 126 303 261 285 405 294 337 272 263 256 364 246 289 3 3
;
251 0 283 110 284 156 284 200 281 259 318 163 249 158 368 174 325 130
206 167 237 126 298 261 285 405 294 337 265 257 252 386 250 314 3 3
;
252 0 283 110 284 156 283 200 281 259 317 162 248 157 367 174 326 130
206 167 236 126 297 261 285 405 286 334 265 257 250 393 250 325 3 3
;
253 0 283 109 284 156 283 200 280 260 317 162 249 156 366 175 326 130
205 168 234 128 296 261 285 405 295 338 264 258 248 399 251 335 3 3
;
254 0 282 108 283 156 282 200 279 260 316 162 248 156 363 177 327 133
209 177 228 137 295 262 284 406 295 338 263 259 246 406 252 340 2 3
;
255 0 281 107 281 155 280 201 278 262 316 163 246 157 359 181 328 144
210 184 223 148 294 263 284 406 295 338 263 261 249 409 252 347 0 3
;
256 0 280 107 280 155 279 202 277 264 314 165 245 158 355 185 329 152
212 187 220 156 292 264 284 406 294 341 261 263 251 407 253 341 3 3
;
257 0 277 107 276 155 276 202 275 265 310 164 242 160 348 186 332 170
216 192 215 174 290 265 284 406 294 340 259 265 251 407 251 338 3 3
;
258 0 275 106 275 155 274 203 274 265 310 164 240 160 350 189 334 180
215 192 211 187 289 265 284 406 293 341 258 265 251 406 250 338 3 0
;
259 0 273 106 273 155 273 203 273 265 309 163 239 160 341 181 338 188
217 189 209 201 288 265 284 405 293 341 258 265 251 406 250 338 0 0
;
260 0 269 106 271 155 271 203 271 265 307 163 235 161 342 178 345 190
211 189 201 214 287 266 284 405 291 341 256 265 251 405 250 338 0 3
;
261 0 266 106 269 155 270 203 270 265 305 162 232 161 358 172 349 163
204 183 188 194 285 265 284 405 291 340 255 265 251 405 249 339 0 0
;
262 0 264 106 268 155 269 202 269 265 304 162 231 160 347 167 347 142
200 177 177 174 285 265 284 405 290 340 254 265 251 405 248 339 0 0
;
263 0 262 106 266 154 267 202 268 264 301 161 228 159 345 149 341 99
186 161 167 126 283 264 284 405 289 340 253 264 251 405 248 339 2 2
;
264 0 261 106 265 154 266 201 267 264 300 160 227 159 342 138 337 78
183 149 167 101 282 264 284 405 288 341 252 264 251 405 247 339 2 2
;
265 0 259 107 263 153 264 200 265 262 296 156 225 155 332 117 328 40
187 128 175 59 280 261 283 405 286 345 250 262 251 405 246 339 2 2
;
266 0 258 107 262 153 263 199 264 260 296 154 225 153 325 109 322 29
190 117 182 44 280 260 283 405 285 346 249 260 251 405 245 339 2 2
;
267 0 256 107 262 153 262 198 263 258 290 152 225 149 312 101 300 21
199 102 205 24 278 258 282 406 282 344 247 258 251 405 244 340 0 0
;
268 0 256 108 261 152 261 197 261 256 289 151 224 147 306 99 289 22
205 99 218 23 277 256 282 408 281 343 246 256 251 406 244 341 0 0;
269 0 254 109 259 152 259 195 260 249 286 148 225 145 294 93 270 28
209 97 237 29 276 249 280 406 281 332 244 250 250 406 242 338 1 2;
270 0 254 109 258 152 258 193 259 248 285 147 225 145 293 93 262 26
211 96 247 26 276 247 277 404 280 331 243 248 250 406 241 338 1 1;
271 0 253 110 258 152 258 192 258 245 285 147 225 147 292 92 263 25
213 96 247 26 275 243 276 401 279 332 242 246 250 406 247 334 1 1;
272 0 253 110 257 152 258 192 258 245 285 147 225 147 292 92 269 26
212 96 237 29 275 243 275 398 278 331 242 246 250 406 249 334 1 1;
273 0 252 110 256 153 257 193 259 248 284 147 223 146 299 96 287 24
205 100 212 27 276 246 273 387 279 301 242 251 250 407 241 340 0 2
;
274 0 252 110 256 153 257 194 258 249 284 148 222 146 303 98 300 24
198 101 195 28 276 247 272 382 279 300 242 252 249 408 241 340 0 2
;
275 0 252 111 256 153 255 195 254 253 285 151 221 147 315 110 329 31
188 111 160 40 271 252 272 355 278 270 237 254 249 408 241 340 0 2
;
276 0 252 111 255 154 254 197 249 255 285 153 221 149 318 115 345 35
184 118 143 48 266 256 272 352 277 267 233 255 249 407 241 340 2 2
;
277 0 252 111 255 154 253 197 249 256 286 153 221 150 328 125 376 51
177 130 121 77 265 256 271 349 277 264 232 256 249 407 242 340 2 2
;
278 0 251 111 255 154 253 198 250 257 286 154 221 151 331 128 388 63
173 134 116 93 267 257 273 348 277 266 234 257 249 407 242 340 2 2
;
279 0 251 111 255 155 254 199 253 258 287 155 219 154 338 138 403 87
172 145 115 123 269 258 278 372 278 300 236 259 251 407 242 340 0 2
;
280 0 251 111 255 155 254 199 253 259 287 155 219 154 340 143 407 98
171 152 114 134 270 258 281 380 278 308 237 260 251 407 242 341 2 2
;
281 0 251 110 255 155 254 200 254 261 288 156 218 156 342 154 412 119
172 163 112 155 270 259 283 395 280 329 238 262 251 408 242 348 2 2
;
282 0 250 109 255 155 255 200 255 262 288 157 218 157 341 160 412 131
175 170 114 166 271 260 285 401 281 336 239 263 251 408 242 348 2 2
;
283 0 250 108 255 154 255 201 256 264 288 158 218 158 340 169 413 153
182 182 124 189 272 262 284 407 282 347 240 265 251 408 241 345 2 2
;
284 0 250 108 255 154 256 201 257 264 289 159 219 159 339 174 413 166
186 188 130 200 273 263 285 408 282 349 241 266 251 408 240 345 2 2
;
285 0 251 106 257 154 258 202 259 266 290 160 221 161 337 181 412 192
194 195 144 222 275 265 282 410 283 352 243 267 251 408 241 344 2 2
;
286 0 252 106 258 154 259 203 260 267 291 160 221 162 338 184 412 203
197 198 152 230 276 266 282 409 284 351 244 268 251 407 241 344 2 2
;
287 0 255 105 260 154 261 203 262 268 293 161 223 163 338 188 409 216
202 201 160 241 278 268 282 406 284 344 246 268 251 407 242 343 0 2
;
288 0 256 105 262 154 262 203 263 268 295 162 225 163 339 189 411 217
203 201 160 240 279 268 282 407 285 343 247 268 251 407 243 343 0 2
;
289 0 260 105 265 154 265 204 265 268 299 162 228 162 343 189 420 205
203 198 153 226 281 268 282 408 286 348 250 268 251 407 244 343 0 2
;
290 0 263 105 267 155 266 204 266 268 301 162 229 161 347 187 432 193
200 196 147 214 282 268 282 406 287 343 250 268 251 407 246 346 0 2
;
291 0 267 105 270 155 269 204 268 268 306 162 232 160 354 178 424 153
197 186 134 180 284 268 282 409 288 349 253 268 251 407 247 348 0 0
;
292 0 269 105 271 155 271 203 270 267 308 161 233 160 356 174 409 132
199 180 140 158 286 267 281 409 288 348 254 267 256 411 248 349 2 0
;
293 0 273 106 275 155 273 203 272 265 311 161 237 158 359 168 372 106
198 170 167 119 288 266 281 408 290 348 256 265 255 412 251 349 0 2
;
294 0 276 107 277 156 275 202 274 265 313 161 240 157 368 159 338 99
197 166 205 106 290 266 281 407 290 348 258 264 248 406 252 346 0 2
;
295 0 277 107 278 156 276 202 274 264 313 161 240 156 368 159 328 106
197 161 221 106 290 265 281 407 290 348 259 263 248 407 253 341 0 2
;
296 0 279 108 278 156 277 202 275 263 314 161 242 155 355 156 321 114
205 149 248 107 292 265 281 407 291 348 260 261 249 403 256 336 0 1
;
297 0 279 108 278 156 277 202 276 262 314 161 242 155 355 156 326 117
206 146 252 109 292 263 282 407 293 340 260 260 250 398 258 330 0 1
;
298 0 280 108 280 156 278 201 276 261 315 161 244 155 356 156 312 105
207 147 250 108 293 262 282 407 293 340 260 259 253 390 259 317 0 1
;
299 0 280 108 281 156 279 201 276 260 315 161 245 155 356 157 318 104
208 149 244 107 293 262 282 406 293 340 260 259 255 381 258 311 0 1
;
300 0 281 109 281 156 279 201 276 260 315 162 244 155 359 162 334 101
208 152 231 103 293 262 282 406 292 340 259 258 259 367 258 295 0 2
;
301 0 281 109 282 156 280 201 279 261 315 162 245 155 361 164 344 103
208 155 221 105 297 263 282 406 292 340 263 259 260 356 258 277 2 2
;
302 0 282 108 282 156 281 201 280 261 317 163 245 156 373 166 365 103
203 160 203 102 297 263 282 406 291 340 263 260 260 355 257 278 0 2
;
303 0 282 108 282 156 281 201 280 261 318 163 245 156 373 166 377 103
202 160 194 102 297 263 282 406 291 341 263 260 262 363 255 281 0 2
;
304 0 283 108 283 155 281 201 279 262 318 163 245 156 374 167 401 108
201 160 173 104 295 264 282 406 290 343 262 260 260 377 253 310 2 2
;
305 0 283 108 283 155 281 201 278 262 319 163 244 156 374 169 411 116
201 159 163 107 295 264 282 406 277 332 262 260 258 385 249 318 2 2
;
306 0 283 108 283 155 281 201 278 262 319 163 244 156 374 169 431 124
198 158 145 119 294 264 283 406 279 336 262 260 254 399 249 334 2 2
;
307 0 283 108 283 155 281 201 277 262 318 162 244 156 373 169 436 129
198 158 138 127 293 264 282 407 285 337 261 260 253 400 249 337 2 2
;
308 0 283 107 282 155 280 201 276 263 318 162 244 156 372 170 440 141
197 158 135 144 292 265 282 407 291 344 260 261 252 408 250 345 2 2
;
309 0 282 107 281 155 279 201 276 263 318 162 243 156 372 172 441 145
196 159 132 151 292 265 282 407 292 344 260 262 249 408 249 350 2 2
;
310 0 281 107 279 154 277 201 274 264 317 162 241 156 371 175 441 155
194 163 128 164 290 265 282 407 292 342 258 263 251 409 250 350 0 2
;
311 0 279 107 278 154 276 202 273 265 316 163 240 157 369 175 441 158
193 166 129 170 289 266 281 408 292 342 257 264 251 406 250 342 0 2
;
312 0 276 106 275 154 273 202 271 265 313 162 237 157 366 175 441 163
191 169 123 178 287 266 281 407 291 341 256 265 252 406 248 340 2 2
;
313 0 275 106 274 154 272 202 270 265 311 162 236 157 365 175 440 164
190 170 127 180 286 266 281 408 290 341 255 265 252 405 248 340 0 2
;
314 0 271 105 272 154 271 201 269 265 309 162 233 158 363 172 440 161
189 171 126 178 285 265 280 408 288 342 253 265 252 405 248 340 0 2
;
315 0 270 105 271 154 270 201 269 265 308 161 232 158 363 169 440 156
188 170 119 174 284 265 280 408 288 342 253 265 251 405 247 340 0 2
;
316 0 267 105 269 153 269 201 267 265 305 160 230 157 361 160 440 131
181 159 114 152 283 265 280 408 288 341 252 265 251 405 247 340 2 2
;
317 0 266 105 269 153 268 201 267 265 305 160 228 157 359 148 428 112
181 153 121 134 283 265 280 408 287 344 252 264 251 405 246 340 2 2
;
318 0 264 106 267 153 266 200 265 263 302 158 226 155 347 133 397 74
181 135 127 88 281 263 280 408 286 340 250 263 251 404 246 339 0 0
;
319 0 263 106 265 152 265 199 264 262 301 157 225 153 342 128 379 50
182 123 139 66 280 262 280 408 286 340 249 262 251 404 245 339 0 2
;
320 0 261 106 264 151 263 198 262 260 298 153 224 149 330 110 334 32
192 111 176 36 278 260 281 406 285 342 247 259 250 404 244 339 2 2
;
321 0 260 106 263 151 263 197 262 259 298 153 224 148 324 104 313 30
196 103 196 29 277 260 281 406 284 338 246 259 250 404 244 338 4 2
;
322 0 258 106 261 151 261 196 260 257 291 150 224 146 310 98 281 30
205 97 228 27 276 258 280 406 282 341 245 257 250 405 242 338 0 2;
323 0 257 107 261 151 261 196 259 255 291 150 224 145 305 96 270 32
206 97 237 30 275 255 279 407 281 342 243 254 250 405 242 338 0 1;
324 0 256 108 261 151 260 195 258 253 290 151 224 145 300 95 266 31
207 97 239 28 274 254 278 408 280 343 242 253 249 405 241 338 1 1;
325 0 255 108 261 151 259 195 257 253 287 150 224 145 301 95 271 30
207 98 228 31 274 254 279 408 279 345 241 253 249 405 240 338 1 1;
326 0 254 109 257 152 257 196 256 255 286 149 222 145 309 100 292 26
194 100 199 33 272 255 279 409 278 347 241 255 249 405 239 338 2 2
;
327 0 253 109 256 153 256 196 256 255 286 150 220 146 313 104 307 31
188 104 182 37 271 256 279 410 277 347 240 255 249 405 239 338 2 2
;
328 0 251 109 255 153 255 197 255 257 286 151 218 149 325 118 337 39
178 116 148 53 270 256 278 406 277 345 239 257 249 405 238 342 2 2
;
329 0 251 109 254 153 255 197 255 257 286 152 217 151 328 124 352 50
174 126 134 66 270 257 277 405 277 345 239 257 249 405 238 343 2 2
;
330 0 250 109 254 153 254 198 254 258 285 155 216 153 334 140 380 81
170 144 111 100 269 258 276 404 277 338 238 259 250 406 238 343 2 2
;
331 0 250 109 253 153 253 198 253 259 285 156 216 154 338 151 391 99
169 152 110 122 269 258 276 402 276 335 238 260 250 406 238 343 2 2
;
332 0 249 109 253 154 253 199 252 260 285 159 215 156 335 166 402 138
172 166 109 160 268 259 277 393 277 319 237 261 250 408 239 348 2 2
;
333 0 249 109 253 154 252 199 252 261 285 160 215 157 332 172 406 156
174 176 110 177 268 260 276 386 277 310 237 262 250 407 239 346 2 2
;
