0 0 190 112 208 163 219 218 232 287 232 174 187 171 221 236 181 305
194 222 191 276 243 287 297 435 262 374 222 287 227 448 222 372 0 1
;
1 0 192 111 209 163 220 218 233 287 233 174 188 172 222 236 181 305
195 221 191 275 244 287 299 432 265 374 224 287 226 449 223 371 0 1
;
2 0 198 110 213 164 223 218 236 286 237 174 190 172 224 235 182 303
196 221 202 293 247 286 297 418 275 373 226 286 226 448 224 367 0 1
;
3 0 201 110 216 163 226 217 239 285 240 174 191 172 226 235 183 303
196 221 203 292 250 285 294 412 274 367 228 285 226 448 225 365 0 1
;
4 0 209 109 222 163 231 216 242 284 247 174 194 171 233 232 186 301
199 221 193 273 254 284 295 407 277 356 231 284 227 446 225 361 0 1
;
5 0 218 110 229 163 236 215 246 282 255 173 198 170 252 225 199 292
201 219 193 277 258 281 297 405 280 348 234 282 226 446 227 350 0 0
;
6 0 224 110 233 162 240 214 249 281 259 172 200 170 255 225 205 291
202 219 194 278 262 280 296 403 281 347 236 281 226 444 228 349 0 0
;
7 0 235 110 242 162 248 214 255 279 269 172 207 171 271 224 221 292
205 220 194 285 269 278 296 404 284 346 242 280 226 442 228 348 0 0
;
8 0 240 111 247 163 252 214 259 279 275 173 211 171 278 226 232 293
206 220 194 285 273 277 294 403 286 345 245 280 227 441 229 347 0 0
;
9 0 246 111 252 163 256 214 262 278 281 173 215 171 285 227 244 295
208 220 196 284 277 277 294 403 289 344 247 279 226 441 231 350 0 0
;
10 0 257 113 261 165 263 214 266 277 293 176 223 171 299 227 271 296
214 219 201 283 282 277 294 402 293 344 251 276 226 439 235 347 4 0
;
11 0 262 114 265 165 267 214 270 276 293 176 227 171 304 227 284 295
218 219 204 282 286 277 294 401 296 347 255 275 225 438 238 347 4 0
;
12 0 271 114 271 165 271 213 271 275 305 176 234 170 315 226 310 299
226 219 211 280 286 276 294 401 296 346 256 274 226 436 240 343 0 0
;
13 0 278 113 277 164 276 211 275 272 312 174 240 168 325 225 332 294
232 217 220 278 290 274 294 401 299 342 260 271 237 427 243 343 0 0
;
14 0 281 112 279 162 278 210 276 272 314 173 243 167 329 223 340 292
235 216 223 277 291 273 294 401 299 341 261 270 244 423 245 341 0 0
;
15 0 285 111 283 161 280 209 278 270 319 171 246 166 336 218 352 287
239 215 229 276 293 271 294 400 300 340 262 269 254 407 251 340 0 0
;
16 0 287 111 284 160 281 208 278 269 320 171 247 165 339 216 355 282
241 214 232 275 294 270 295 400 300 340 263 268 257 406 254 340 0 0
;
17 0 290 110 286 160 283 207 280 269 323 171 249 165 341 214 360 278
243 214 236 275 296 269 295 400 300 340 265 268 261 402 259 340 0 0
;
18 0 291 110 287 160 284 207 281 269 323 171 250 165 340 213 360 276
243 214 237 275 296 269 295 400 300 340 266 268 262 401 262 340 4 0
;
19 0 293 110 288 159 285 207 282 268 325 170 251 165 340 213 359 275
243 213 238 275 298 269 295 400 301 340 267 268 262 401 263 340 4 1
;
20 0 293 110 288 159 286 207 283 268 325 170 252 164 339 213 357 275
243 213 239 274 298 269 295 400 301 340 268 268 262 401 262 340 4 1
;
21 0 294 110 289 159 287 206 284 268 326 169 253 164 337 213 351 276
244 213 239 275 299 268 295 400 302 339 269 267 262 401 262 339 0 1
;
22 0 295 110 290 159 287 206 284 268 326 169 253 164 336 213 348 277
244 213 239 275 299 268 295 400 302 339 269 267 262 401 262 339 4 1
;
23 0 295 110 290 159 288 206 285 268 326 169 254 164 335 214 342 278
244 212 239 275 300 268 295 400 303 339 270 267 262 401 262 338 0 1
;
24 0 295 110 290 159 288 206 285 267 327 169 254 164 334 215 341 279
244 212 240 275 300 268 295 400 303 339 270 267 262 401 263 338 0 1
;
25 0 296 110 291 159 289 206 287 268 327 169 255 164 334 215 340 280
245 212 240 274 301 268 295 400 303 339 272 267 262 401 263 338 0 1
;
26 0 296 110 291 158 289 206 287 268 327 169 256 164 334 215 341 280
245 212 240 274 302 268 295 400 303 339 272 267 262 401 263 338 4 1
;
27 0 298 110 293 159 291 206 289 267 329 169 257 164 335 216 343 281
246 212 239 273 304 268 295 401 304 340 274 267 262 400 265 340 0 1
;
28 0 298 110 295 159 293 206 290 267 330 170 259 164 336 217 345 282
247 212 239 274 306 268 295 401 304 340 275 267 260 403 264 342 0 1
;
29 0 301 113 297 161 295 207 292 268 332 172 261 166 340 220 346 287
250 212 238 275 307 269 295 401 306 341 277 267 258 403 264 339 0 1
;
30 0 302 114 298 162 295 208 292 269 333 174 262 167 342 222 347 289
251 213 238 275 307 270 295 402 306 342 277 268 257 401 265 338 4 1
;
31 0 303 115 299 163 296 209 293 270 334 175 264 168 343 224 347 291
253 213 240 274 309 272 295 402 306 343 278 268 259 378 264 322 4 1
;
32 0 303 115 300 163 297 209 294 270 334 175 264 168 343 224 346 291
254 213 242 270 310 272 294 402 306 343 278 268 260 367 263 315 4 1
;
33 0 303 114 300 162 298 208 295 268 335 174 264 167 343 223 343 289
255 211 245 249 311 270 294 402 305 341 279 266 262 359 263 294 4 1
;
34 0 303 113 300 161 299 206 297 267 335 173 264 166 343 222 342 287
255 210 246 242 313 269 294 402 304 340 281 265 264 347 262 279 1 1
;
35 0 303 112 301 160 299 206 299 267 335 172 264 165 342 222 339 286
255 209 261 235 314 268 294 401 304 339 284 266 262 352 261 280 1 0
;
36 0 303 112 301 160 299 206 299 267 335 172 264 165 342 222 339 286
255 209 260 237 315 269 294 401 304 339 284 266 262 354 261 283 1 0
;
37 0 303 113 301 160 299 206 297 268 335 173 264 166 341 223 338 289
255 210 259 249 314 270 294 402 304 339 281 266 260 367 259 300 1 0
;
38 0 302 113 300 161 299 207 296 269 335 174 264 166 340 224 338 291
254 211 259 255 312 271 294 402 304 340 280 267 259 371 259 307 1 0
;
39 0 302 114 300 161 297 208 295 270 334 175 263 167 339 225 338 291
253 212 236 274 311 272 294 402 304 342 279 268 259 376 259 320 1 0
;
40 0 301 113 299 161 297 207 294 269 334 175 262 167 339 225 337 290
252 212 236 274 310 272 294 403 304 342 278 267 258 383 259 327 1 1
;
41 0 298 111 295 158 293 205 291 268 331 171 259 165 337 221 335 287
249 211 234 272 307 270 294 403 304 341 275 266 256 395 259 336 1 1
;
42 0 297 109 294 157 292 204 290 267 329 170 257 163 336 220 335 285
247 210 233 272 305 269 294 403 305 341 274 265 255 398 259 337 1 1
;
43 0 292 106 290 155 289 203 287 266 326 167 254 162 334 217 335 283
244 209 230 272 303 268 294 403 305 340 272 265 253 405 258 341 1 1
;
44 0 290 106 288 154 287 203 286 266 324 167 251 162 333 216 335 283
242 209 229 273 301 268 294 403 305 340 270 265 252 407 257 342 1 1
;
45 0 283 107 282 156 281 204 281 268 317 168 246 163 330 217 335 284
237 211 226 276 296 269 294 403 303 342 265 268 253 407 255 343 0 1
;
46 0 279 109 278 157 278 205 278 269 313 169 243 165 328 217 335 285
234 213 224 278 294 270 294 403 300 344 263 269 254 407 254 344 0 1
;
47 0 272 111 272 159 273 207 273 271 306 171 236 168 323 218 333 286
230 217 221 280 289 271 296 406 297 347 258 271 254 407 252 347 0 1
;
48 0 268 113 270 160 270 208 272 271 303 172 233 170 321 219 331 285
228 219 220 282 287 271 296 407 297 343 256 272 254 407 251 348 0 0
;
49 0 263 114 265 161 267 209 270 272 299 172 229 171 316 219 327 285
223 220 217 282 285 271 297 401 298 340 254 273 254 407 249 349 0 4
;
50 0 261 113 263 161 266 208 269 272 297 172 227 171 314 219 325 282
222 220 216 281 284 271 295 394 299 336 253 273 254 407 248 348 0 4
;
51 0 259 112 261 159 263 206 267 269 294 169 224 169 310 216 322 279
219 218 214 279 282 268 294 381 299 323 251 271 254 407 248 345 0 0
;
52 0 258 111 260 158 262 205 265 268 293 168 223 168 309 215 322 276
218 217 214 278 281 267 292 376 300 312 250 270 254 407 248 343 0 1
;
53 0 256 110 259 157 261 204 264 267 292 167 222 167 307 214 323 276
217 216 213 278 280 266 292 375 298 301 248 268 254 407 248 342 0 1
;
54 0 256 110 258 157 261 204 263 267 292 167 222 168 307 214 322 273
216 216 212 278 279 266 292 373 297 295 247 268 254 408 248 342 0 1
;
55 0 255 112 257 159 259 206 262 268 291 170 221 169 306 217 321 284
215 217 212 281 278 267 291 373 296 290 246 270 255 408 249 343 0 1
;
56 0 255 114 257 161 258 208 260 271 291 172 221 171 306 219 320 278
214 219 212 282 276 271 291 373 296 289 244 272 255 408 249 347 0 1
;
57 0 255 116 256 163 258 209 259 272 290 174 221 172 304 221 318 278
214 220 212 284 275 272 291 376 294 292 243 273 255 408 248 348 0 1
;
58 0 255 116 256 163 258 209 259 272 290 174 221 172 303 221 317 279
214 220 212 283 275 272 291 378 294 296 243 273 255 408 248 348 0 1
;
59 0 255 115 256 162 257 208 258 271 290 174 221 172 301 221 315 277
214 220 213 281 274 270 290 384 295 308 242 272 255 408 248 346 0 1
;
60 0 255 115 256 162 257 208 258 270 290 173 221 171 300 220 312 270
214 219 213 280 274 269 291 385 295 312 242 271 255 408 247 344 0 1
;
61 0 255 113 255 160 257 206 259 268 289 171 220 170 300 219 311 277
214 218 212 279 275 267 292 389 295 323 243 270 255 408 247 342 0 1
;
62 0 255 113 255 160 257 206 259 268 289 171 220 169 299 218 311 278
214 217 211 279 275 266 293 393 294 327 243 270 254 408 246 342 0 1
;
63 0 254 112 255 159 258 205 262 267 289 170 219 168 299 217 310 278
213 216 210 279 278 265 293 401 292 335 246 269 254 408 245 341 0 1
;
64 0 254 112 255 159 258 205 262 267 289 169 219 168 299 217 310 278
213 216 209 279 278 265 294 402 291 338 246 269 254 408 245 341 0 1
;
65 0 254 111 255 158 258 205 262 267 289 169 219 168 300 216 311 279
213 216 209 279 277 265 295 404 289 348 246 269 254 408 243 345 0 1
;
66 0 254 111 255 158 258 205 262 267 289 168 219 168 301 216 312 279
213 216 209 279 278 266 295 407 288 350 246 269 254 407 243 344 0 1
;
67 0 254 110 256 158 259 205 262 268 290 169 219 168 303 216 315 280
213 216 209 280 278 267 290 408 287 353 246 269 254 407 243 344 0 1
;
68 0 254 110 256 158 259 205 262 268 290 169 220 168 304 217 316 280
214 216 209 280 278 268 290 410 287 354 246 269 254 407 243 345 0 1
;
69 0 254 110 257 158 259 205 262 269 291 168 220 167 305 216 318 280
215 216 210 280 278 268 290 410 287 354 247 269 254 408 244 347 4 1
;
70 0 254 110 257 158 259 205 262 269 291 170 220 168 306 217 321 280
215 216 211 280 278 268 290 407 287 352 247 269 254 408 244 348 4 1
;
71 0 254 110 256 158 259 206 262 269 290 170 219 168 306 217 323 280
215 217 211 280 278 268 293 407 288 347 246 270 254 408 244 348 0 1
;
72 0 253 111 255 159 258 206 262 269 289 170 219 169 306 217 324 279
215 218 212 280 277 268 293 404 292 342 246 270 254 408 244 346 2 1
;
73 0 253 111 255 159 258 206 262 269 289 170 218 169 306 217 324 278
214 218 212 280 277 268 292 398 293 334 246 270 254 408 244 345 2 1
;
74 0 252 111 255 159 258 206 261 269 289 169 218 169 305 216 324 275
214 218 213 280 277 267 292 385 294 318 246 270 254 408 245 343 0 1
;
75 0 252 111 254 159 257 206 261 268 288 169 218 169 304 215 324 275
213 218 213 280 277 267 291 384 293 311 246 270 254 408 246 343 0 1
;
76 0 252 111 254 159 257 206 261 268 288 169 218 170 304 215 323 274
213 218 214 280 277 267 289 374 293 293 245 270 254 408 247 342 0 1
;
77 0 252 112 254 159 257 206 261 268 288 169 219 170 304 215 323 276
213 219 214 281 277 267 288 362 292 279 245 270 254 408 248 342 0 1
;
78 0 253 113 255 161 257 208 260 270 289 170 219 171 304 216 322 276
213 220 215 284 275 269 286 353 292 269 244 271 255 408 249 343 0 1
;
79 0 253 114 255 162 257 208 259 271 289 171 219 172 304 216 322 282
213 221 216 285 275 270 286 353 292 269 244 272 255 408 249 343 0 1
;
80 0 254 115 255 163 257 210 259 272 289 172 220 173 304 218 322 284
213 222 217 287 275 271 290 362 294 281 244 273 255 408 249 344 0 1
;
81 0 254 116 255 163 257 210 259 272 289 173 220 174 304 219 322 284
214 222 217 287 275 272 293 362 295 284 244 273 255 408 250 345 0 1
;
82 0 255 115 256 163 258 209 262 271 290 173 221 173 304 219 321 279
214 222 218 286 279 269 297 374 297 304 245 273 255 408 250 344 0 1
;
83 0 256 114 257 162 259 208 263 270 291 172 221 172 304 218 321 281
215 222 218 285 280 268 299 381 297 314 247 272 255 408 250 344 0 1
;
84 0 258 112 259 160 261 207 265 269 293 170 223 170 305 217 322 278
216 219 218 282 281 267 301 391 295 327 249 270 255 408 249 342 0 1
;
85 0 259 111 260 159 262 206 266 268 294 169 223 169 306 216 324 278
217 218 218 281 282 266 302 396 295 331 250 270 255 408 249 342 0 1
;
86 0 261 110 262 158 264 205 267 268 297 168 225 168 310 215 327 279
218 217 218 280 283 266 303 402 295 344 251 269 255 408 248 341 0 4
;
87 0 263 109 264 157 266 205 268 268 299 168 227 167 312 214 329 279
219 217 218 280 284 266 304 405 295 345 252 269 255 408 248 341 0 4
;
88 0 269 108 268 157 269 205 270 269 303 168 231 166 316 215 332 281
222 215 218 279 286 268 303 407 297 350 254 270 255 408 248 344 0 0
;
89 0 272 108 271 157 272 205 272 269 306 168 234 166 319 215 334 282
224 215 218 278 288 268 303 408 298 351 256 270 255 408 249 344 0 0
;
90 0 280 110 278 158 278 206 277 270 314 170 244 166 325 218 337 285
230 214 221 277 293 270 301 408 300 350 261 270 254 409 252 348 0 0
;
91 0 284 111 282 159 281 207 280 271 318 171 245 166 328 220 339 288
233 214 222 277 296 271 301 408 301 350 265 270 253 408 255 348 0 0
;
92 0 292 114 288 162 286 209 284 272 324 175 252 168 333 224 343 292
239 215 225 277 300 273 300 408 302 350 268 271 252 406 257 343 0 4
;
93 0 294 115 291 163 289 210 286 273 326 176 255 169 335 225 345 293
241 216 227 278 302 274 300 408 303 351 270 271 253 406 257 341 0 1
;
94 0 299 115 295 163 292 210 289 272 330 177 259 169 338 226 347 293
246 215 232 276 304 274 299 409 304 351 273 271 258 393 257 332 4 1
;
95 0 301 115 296 163 293 209 290 272 331 176 261 168 339 225 347 292
247 215 234 273 306 274 299 409 304 351 274 270 261 379 256 322 4 1
;
96 0 303 113 299 161 296 207 292 269 334 175 263 166 342 224 347 292
251 212 238 253 308 271 299 407 304 346 276 267 259 368 256 294 4 1
;
97 0 305 113 301 160 298 206 294 269 334 174 264 166 343 224 347 292
252 212 232 260 310 271 299 407 304 344 278 267 264 347 257 274 4 1
;
98 0 307 113 303 160 300 206 296 268 336 174 266 165 344 223 348 292
254 211 233 269 312 270 299 406 305 342 280 266 262 345 257 269 4 1
;
99 0 308 113 304 160 301 206 297 268 337 174 267 165 345 224 348 293
254 211 233 269 313 271 299 406 305 341 281 266 262 344 257 268 4 1
;
100 0 311 113 306 160 302 206 297 268 339 174 270 165 346 224 350 293
255 210 233 264 314 270 300 406 306 341 281 266 264 347 257 279 0 0
;
101 0 312 113 307 160 302 206 297 268 341 174 271 165 347 224 351 292
255 210 235 260 314 270 300 406 306 341 281 265 264 355 257 294 0 1
;
102 0 315 113 308 160 303 206 297 267 342 174 273 164 349 224 353 291
255 209 235 268 313 270 300 406 307 341 281 264 262 371 259 322 4 1
;
103 0 316 112 309 160 304 205 297 267 343 174 274 164 350 223 355 291
256 209 236 268 313 270 300 406 308 341 281 264 261 377 260 326 4 1
;
104 0 318 112 310 159 304 205 297 267 345 174 275 164 351 223 358 289
256 209 237 269 313 270 300 406 309 344 281 264 261 388 266 335 4 1
;
105 0 319 112 311 159 305 205 297 267 346 174 276 164 352 223 359 289
256 209 237 269 313 270 300 406 309 344 281 264 260 393 267 338 4 1
;
106 0 320 111 311 159 305 205 297 267 347 173 277 163 353 222 362 288
256 208 239 269 313 270 300 406 310 346 282 265 262 397 267 342 4 1
;
107 0 321 111 312 159 305 205 298 267 347 173 277 163 353 222 363 287
256 208 240 269 313 270 300 406 311 347 282 265 264 397 268 342 0 1
;
108 0 321 111 312 159 305 205 297 268 347 173 277 163 353 221 364 287
257 209 241 270 313 270 300 406 312 344 282 265 273 391 270 338 4 0
;
109 0 321 111 312 159 305 205 297 268 347 173 277 163 353 221 364 288
257 209 242 270 313 270 301 405 312 343 282 266 273 391 271 338 4 0
;
110 0 321 111 312 159 305 206 297 268 347 173 277 163 352 221 364 288
257 210 242 271 313 270 301 405 312 342 282 267 274 390 273 335 0 4
;
111 0 321 111 312 159 305 206 297 268 347 173 277 163 352 221 363 288
257 210 242 270 313 270 301 405 312 342 282 267 274 390 273 335 0 4
;
112 0 321 111 312 159 306 206 298 268 347 173 277 163 352 222 360 288
258 210 241 269 313 270 301 405 312 345 282 267 272 392 271 339 4 0
;
113 0 322 111 312 159 306 206 298 268 348 173 278 163 353 222 358 289
259 210 240 268 313 270 301 405 312 346 282 266 266 396 269 340 4 1
;
114 0 322 111 313 159 306 206 298 268 348 173 278 164 354 223 356 292
261 209 240 267 313 271 300 406 311 346 283 266 261 395 267 338 4 1
;
115 0 322 112 313 159 306 206 298 268 348 174 278 164 354 224 355 292
262 209 240 267 313 271 300 406 311 346 283 265 264 387 266 333 4 1
;
116 0 321 112 313 159 307 206 298 268 348 174 278 164 354 225 352 293
263 209 242 266 314 271 300 406 309 344 283 264 266 369 263 316 4 1
;
117 0 321 112 313 160 307 206 298 268 348 174 278 165 353 224 351 292
264 210 242 264 314 271 300 406 309 344 283 264 262 369 263 302 4 1
;
118 0 319 113 313 160 307 206 302 267 347 174 277 165 352 225 347 294
264 210 240 263 318 270 299 406 308 342 286 264 262 346 264 270 4 1
;
119 0 318 114 313 160 308 206 304 269 346 177 277 166 352 225 346 293
264 210 243 260 319 271 299 406 307 342 289 267 262 347 264 267 0 1
;
120 0 317 116 313 161 309 207 304 270 346 177 276 166 351 226 343 295
265 210 245 259 320 272 299 406 306 341 289 268 261 345 266 263 3 1
;
121 0 317 117 313 163 309 209 304 271 346 178 276 169 350 227 343 296
265 211 246 256 320 273 299 406 306 341 289 269 261 345 266 263 3 1
;
122 0 316 118 313 165 309 211 305 273 345 180 276 171 350 229 343 298
265 213 242 272 321 275 299 406 306 341 290 271 262 348 266 269 0 1
;
123 0 316 118 313 165 310 211 305 273 346 180 276 171 350 229 344 298
264 215 241 263 321 275 299 406 306 342 290 271 262 356 265 280 4 1
;
124 0 317 118 313 165 309 210 304 271 346 180 277 170 351 229 346 296
264 214 243 265 321 274 299 406 308 342 289 269 262 377 263 308 1 1
;
125 0 317 117 313 164 309 209 304 270 346 178 277 169 351 228 347 295
264 213 244 267 320 273 300 406 310 342 288 267 267 374 264 318 1 1
;
126 0 318 115 314 162 309 208 303 269 347 176 278 167 352 225 350 291
264 211 243 267 319 272 300 406 311 342 287 266 266 388 269 332 1 1
;
127 0 318 114 314 161 309 207 302 268 347 175 278 165 353 225 352 291
264 210 243 266 318 271 300 406 312 342 287 265 266 393 270 334 4 1
;
128 0 319 112 314 160 309 206 302 268 348 174 278 164 353 224 355 290
263 208 242 265 317 270 301 406 313 344 286 265 267 400 272 339 4 1
;
129 0 320 111 314 159 309 206 301 268 348 174 278 163 353 224 356 290
263 208 242 265 317 270 301 406 314 345 286 265 268 400 272 340 4 1
;
130 0 321 111 314 159 308 206 301 267 348 173 278 162 353 223 358 290
262 207 242 266 316 270 302 405 314 346 286 265 270 403 273 339 4 1
;
131 0 321 110 314 158 308 206 300 267 348 173 278 162 353 223 358 289
261 207 243 266 315 270 302 405 314 344 285 265 270 403 273 340 4 1
;
132 0 321 110 313 159 307 206 299 268 348 173 277 162 353 223 359 290
260 208 243 268 314 270 302 404 314 342 284 266 273 404 274 340 4 4
;
133 0 321 110 312 159 307 206 299 268 348 173 277 162 353 223 359 290
260 208 243 269 314 269 303 404 314 341 284 266 273 404 274 340 4 0
;
134 0 319 110 311 159 306 206 299 268 347 173 275 162 352 222 356 290
259 208 243 268 314 269 303 404 313 341 284 266 274 404 274 340 4 0
;
135 0 318 110 311 158 305 206 298 268 346 172 275 162 351 222 354 289
259 209 243 269 313 269 303 404 313 341 283 266 274 404 274 341 4 0
;
136 0 317 110 310 158 305 206 298 268 345 172 273 162 350 222 350 289
258 209 242 268 313 269 303 404 313 341 283 267 275 405 274 345 0 0
;
137 0 316 110 309 158 304 206 298 268 345 172 273 162 350 222 348 289
258 209 242 268 313 269 303 404 312 341 283 267 275 406 273 343 0 0
;
138 0 314 110 309 158 304 206 298 268 344 172 272 163 349 222 346 289
259 209 242 267 313 269 302 405 311 346 282 267 275 408 272 343 4 0
;
139 0 314 110 309 159 304 206 298 268 344 172 272 163 348 223 345 290
259 209 242 268 313 270 301 405 311 346 283 266 271 406 271 342 0 0
;
140 0 312 113 308 161 304 208 298 269 344 174 271 166 348 225 343 293
260 211 241 270 313 271 300 407 310 349 283 267 269 404 268 340 4 1
;
141 0 311 115 308 163 303 210 297 271 341 179 271 168 348 227 342 296
261 213 241 273 313 274 299 407 309 349 282 268 267 401 266 339 4 1
;
142 0 310 116 307 164 303 211 297 273 341 179 271 170 347 229 341 299
261 215 242 274 313 276 298 407 307 351 282 269 265 383 263 326 0 1
;
143 0 309 116 307 164 303 211 298 272 341 179 271 170 347 229 340 299
261 215 242 270 313 276 298 408 306 351 282 269 261 382 262 317 0 1
;
144 0 308 114 307 162 303 208 298 270 338 175 271 167 345 227 338 295
262 212 248 256 314 273 298 407 304 345 283 268 260 365 257 293 0 1
;
145 0 307 112 306 160 303 207 298 269 338 173 270 166 344 225 336 292
262 210 249 254 314 271 298 407 304 343 283 267 264 348 256 274 0 1
;
146 0 305 111 306 159 303 206 299 268 337 172 270 165 344 224 335 290
262 208 249 253 314 270 299 406 304 342 283 266 262 346 255 271 0 1
;
147 0 305 111 305 159 302 206 298 268 337 172 270 165 344 224 335 290
262 208 248 253 314 270 299 406 304 341 283 266 261 345 254 270 0 1
;
148 0 303 112 304 160 301 207 298 270 336 173 268 167 344 225 335 293
261 210 247 254 313 272 298 406 303 342 283 268 258 346 253 271 0 1
;
149 0 302 113 303 161 300 208 297 270 335 174 267 168 343 226 337 294
259 212 247 243 313 272 298 406 302 342 282 268 251 363 248 292 0 1
;
150 0 301 113 302 161 299 208 296 270 334 174 267 168 343 226 337 294
259 212 246 248 312 272 298 406 302 343 281 268 250 367 247 300 0 1
;
151 0 298 111 299 159 297 206 294 269 332 171 264 166 342 223 337 290
257 211 237 269 309 271 299 406 303 344 278 267 251 382 249 319 0 1
;
152 0 297 110 298 158 296 205 293 269 332 171 263 165 342 223 337 288
256 210 237 267 308 271 299 406 303 344 277 266 250 390 252 327 0 1
;
153 0 294 108 295 156 293 204 290 268 329 168 259 163 340 220 337 287
253 210 234 268 305 270 300 406 304 344 275 266 252 401 255 337 0 1
;
154 0 292 107 293 156 291 204 288 268 327 168 257 163 339 219 337 287
251 210 233 270 304 270 300 406 304 344 273 266 250 404 256 342 0 1
;
155 0 287 107 289 156 287 205 286 269 325 167 252 164 337 219 338 288
246 212 230 273 302 270 300 406 305 344 271 268 252 407 256 345 0 1
;
156 0 284 106 285 156 285 205 284 270 321 167 249 165 335 218 339 288
244 213 230 275 300 271 300 406 305 344 269 269 254 407 257 343 4 1
;
157 0 278 106 280 156 280 205 281 271 315 167 243 165 331 217 338 287
238 214 227 278 296 271 300 406 305 344 266 270 255 405 257 341 4 0
;
158 0 275 106 277 156 278 205 279 271 313 166 241 165 328 217 336 287
236 215 226 279 295 271 299 406 304 345 264 271 255 405 256 340 4 0
;
159 0 269 106 274 156 275 206 276 271 310 166 237 166 325 217 332 286
233 216 222 280 292 271 299 406 302 346 261 271 255 405 254 340 0 0
;
160 0 267 106 272 156 274 206 275 272 306 166 235 166 323 216 330 286
231 216 220 280 291 272 299 406 301 347 260 272 255 405 253 340 4 0
;
161 0 263 106 269 156 271 206 274 272 303 166 232 167 321 217 326 287
228 217 217 280 289 272 299 406 300 348 259 272 255 405 252 341 0 0
;
162 0 262 106 268 156 270 206 273 272 302 166 230 167 319 217 324 287
227 217 216 281 288 272 299 406 299 348 258 272 255 404 251 341 0 0
;
163 0 258 106 265 156 268 206 271 272 299 166 227 168 316 217 322 285
224 218 215 282 287 272 298 407 297 351 256 273 254 405 249 343 0 0
;
164 0 256 106 263 156 266 206 270 272 297 166 225 168 315 217 321 284
223 218 215 283 285 272 298 408 295 353 255 273 254 405 249 344 0 0
;
165 0 252 109 259 158 263 207 268 273 293 167 222 171 312 217 323 283
220 221 215 286 284 272 299 407 295 352 252 274 254 407 248 349 4 0
;
166 0 250 111 257 160 261 209 267 274 291 169 220 174 311 218 324 284
218 223 215 288 283 273 297 407 295 348 250 276 257 422 247 353 4 0
;
167 0 247 115 254 164 258 213 264 278 289 173 219 178 310 220 328 286
215 228 214 292 280 276 295 406 295 348 247 280 256 426 246 355 4 0
;
168 0 246 117 253 165 257 214 263 279 288 174 218 180 309 221 329 286
214 229 214 294 279 276 294 402 295 342 246 281 256 426 246 356 0 0
;
169 0 246 117 253 165 257 214 262 278 287 174 218 180 308 221 328 283
214 229 214 293 279 276 295 390 297 325 246 281 257 424 246 353 0 0
;
170 0 246 116 253 164 257 212 262 277 287 173 217 179 307 220 326 280
214 228 215 291 278 275 296 393 296 320 245 279 257 424 246 352 0 0
;
171 0 246 113 253 161 256 209 261 274 288 169 217 175 305 217 324 280
213 224 217 286 277 272 298 381 296 299 244 275 256 410 248 349 0 1
;
172 0 247 112 253 160 256 208 260 273 288 169 217 174 305 216 324 272
213 223 217 284 277 271 296 370 295 285 244 274 256 409 248 348 0 1
;
173 0 247 112 253 160 256 208 260 273 288 168 218 174 305 216 324 272
213 222 217 285 276 271 294 367 295 281 244 274 256 409 249 345 0 1
;
174 0 248 112 253 160 256 208 260 273 288 169 218 174 304 216 325 282
213 222 217 286 276 271 294 367 295 280 244 274 256 409 249 345 0 1
;
175 0 248 113 253 161 256 208 260 273 289 170 218 174 305 217 322 274
213 223 216 289 276 271 295 367 295 282 243 274 255 409 249 345 0 1
;
176 0 248 113 253 161 256 208 260 273 289 170 218 174 304 217 324 284
213 223 216 288 276 271 296 368 295 286 243 274 255 409 249 345 0 1
;
177 0 249 113 254 161 256 208 260 272 289 170 218 174 304 217 322 282
214 222 216 287 277 270 296 380 296 303 244 273 255 409 249 344 0 1
;
178 0 249 112 254 160 257 207 261 271 289 169 219 173 304 217 322 281
214 222 216 286 277 269 296 387 295 315 244 273 255 409 248 344 0 1
;
179 0 250 111 255 159 258 206 262 270 290 168 219 172 304 216 323 277
215 221 216 284 278 268 293 390 293 326 246 272 255 409 247 343 0 1
;
180 0 250 111 256 159 258 206 262 269 290 168 219 171 305 216 323 277
215 221 215 284 278 268 293 395 292 332 246 271 255 408 247 343 0 1
;
181 0 252 110 257 158 259 205 263 269 291 167 220 170 307 215 324 279
216 220 214 284 279 267 294 402 291 344 247 271 255 408 246 343 0 1
;
182 0 253 109 257 157 260 205 263 269 292 167 221 170 308 215 325 279
216 219 214 283 279 267 295 405 290 345 247 271 254 408 245 343 0 1
;
183 0 255 108 260 157 262 205 264 269 294 167 222 169 311 215 325 281
218 218 214 283 280 268 297 409 289 351 248 271 254 408 245 343 0 1
;
184 0 257 108 262 156 263 205 265 270 296 167 224 168 312 215 326 283
218 218 214 283 281 269 294 410 289 353 249 271 254 407 245 343 4 1
;
185 0 261 107 265 156 266 205 267 270 299 166 227 167 315 216 326 284
220 216 214 282 283 269 291 411 290 354 251 271 254 407 245 343 4 1
;
186 0 263 107 266 156 267 205 268 270 301 167 228 166 316 216 327 285
222 216 215 281 284 270 290 411 290 354 252 271 254 407 246 343 4 1
;
187 0 267 106 269 156 269 205 270 270 304 167 231 165 318 217 328 286
224 215 217 280 285 270 290 411 292 353 254 271 254 407 247 343 4 1
;
188 0 269 106 270 156 270 205 271 270 306 167 233 164 319 217 329 286
225 214 219 279 286 270 290 411 292 353 255 271 253 407 248 343 0 1
;
189 0 273 106 273 156 273 205 272 271 309 167 235 164 322 218 332 286
227 214 222 279 288 270 289 411 293 352 256 271 254 406 250 343 4 1
;
190 0 275 105 274 156 274 205 273 271 310 167 237 164 323 218 333 286
228 214 223 279 289 271 289 410 293 352 257 271 254 406 251 342 4 1
;
191 0 277 106 277 156 276 205 275 271 313 168 239 164 325 218 335 287
230 214 224 279 291 271 289 409 294 352 259 271 255 411 253 348 4 1
;
192 0 279 106 278 156 277 205 276 271 314 168 240 164 326 218 337 287
231 214 225 279 292 271 289 409 295 352 260 271 255 412 253 349 4 1
;
193 0 282 106 281 156 279 206 277 271 318 168 243 164 329 219 339 288
233 214 226 279 293 271 288 409 296 352 261 271 256 413 255 352 0 1
;
194 0 284 106 282 157 281 206 279 271 319 169 245 164 330 219 339 289
235 214 226 279 295 272 288 409 296 352 263 271 255 408 255 350 0 1
;
195 0 288 108 286 158 284 206 281 271 323 170 249 164 332 221 340 290
238 214 226 278 297 272 288 409 298 352 265 271 251 408 253 349 0 1
;
196 0 291 109 289 159 286 207 282 272 325 171 251 165 334 222 340 291
240 214 226 278 298 273 288 409 298 352 266 271 247 407 251 346 0 1
;
197 0 295 111 292 161 288 208 283 273 328 173 254 166 336 224 340 295
243 215 227 277 300 274 288 409 300 351 267 271 249 405 247 340 4 1
;
198 0 297 112 293 161 289 209 284 273 329 174 256 167 336 225 340 295
244 215 227 276 300 275 288 410 300 351 268 271 251 403 245 338 4 1
;
199 0 300 111 296 161 291 208 285 272 331 175 259 166 337 226 339 296
246 214 229 268 301 275 289 409 299 349 269 270 249 390 241 322 4 1
;
200 0 301 111 297 160 292 208 286 272 332 175 260 165 338 226 338 295
247 213 225 269 302 274 289 409 298 345 270 269 247 385 239 311 1 1
;
201 0 303 109 299 159 295 206 289 269 334 174 261 164 338 226 336 294
248 211 228 269 305 272 289 408 298 342 272 266 247 367 237 285 1 1
;
202 0 304 109 300 158 295 205 290 269 335 173 262 163 339 226 336 294
249 211 229 267 307 272 289 408 298 341 273 265 247 363 238 279 1 1
;
203 0 305 109 301 159 297 206 291 269 336 174 263 164 339 227 336 296
250 211 231 263 308 272 289 408 297 339 275 266 248 358 239 271 1 1
;
204 0 305 110 301 160 297 206 292 270 336 175 264 165 340 228 336 297
251 211 231 262 309 273 289 408 296 341 275 266 248 358 238 269 1 1
;
205 0 306 112 302 161 298 208 293 271 336 176 265 166 340 230 336 300
251 213 231 262 310 274 289 408 296 342 276 268 248 358 238 269 1 1
;
206 0 306 112 302 161 298 208 293 271 335 176 265 167 340 229 337 300
251 213 231 264 310 274 289 408 296 342 277 268 247 358 238 270 1 1
;
207 0 306 112 302 161 299 208 294 271 335 176 265 166 340 229 336 298
252 213 231 267 311 274 289 408 297 342 278 268 247 367 237 281 0 1
;
208 0 305 110 302 159 298 207 293 270 335 174 265 165 340 227 336 296
252 212 233 258 310 273 289 408 298 341 277 267 247 379 238 305 4 1
;
209 0 305 110 302 159 298 206 292 270 334 174 264 165 340 226 336 295
252 212 233 263 309 273 289 408 299 342 276 267 248 385 239 309 4 1
;
210 0 305 109 302 158 297 206 291 269 334 174 264 164 340 226 337 295
252 211 234 266 307 273 290 408 299 342 275 266 250 389 242 322 4 1
;
211 0 305 109 301 158 296 206 289 270 333 174 263 164 340 226 339 295
252 211 234 270 305 273 290 407 300 345 273 267 253 397 252 336 4 1
;
212 0 304 108 301 158 295 206 288 270 333 174 263 163 340 226 340 295
252 211 234 271 304 273 290 407 301 346 273 267 254 401 254 339 4 1
;
213 0 303 108 299 157 294 206 288 270 333 173 261 163 340 226 341 294
251 211 232 273 304 273 289 408 301 348 272 267 258 407 257 346 4 1
;
214 0 302 108 298 157 293 206 287 270 333 173 260 163 339 225 342 294
250 211 231 274 303 273 289 409 302 350 271 268 258 407 258 352 4 1
;
215 0 299 108 295 157 290 206 285 271 331 173 257 163 338 225 341 293
247 211 229 275 301 273 290 409 302 350 269 269 262 411 260 353 0 1
;
216 0 296 108 292 157 289 206 284 271 329 172 255 163 337 224 341 293
245 212 228 276 300 273 290 408 301 350 268 270 263 411 260 353 0 1
;
217 0 292 107 289 157 286 206 282 271 326 170 252 163 335 222 340 291
242 213 226 277 297 272 290 408 301 351 266 270 264 410 260 350 0 1
;
218 0 288 106 286 156 284 205 280 271 324 169 249 163 333 221 336 289
240 213 224 277 296 272 290 407 299 350 264 270 263 407 259 346 0 1
;
219 0 286 106 285 156 283 205 279 271 321 169 248 163 332 220 334 289
239 213 223 276 295 272 290 407 299 351 264 270 263 407 258 346 0 1
;
220 0 282 106 282 156 281 205 278 271 318 169 245 164 329 220 332 289
237 214 221 275 294 272 290 407 298 351 263 270 263 406 258 347 0 0
;
221 0 281 106 281 156 280 205 278 271 317 169 244 164 328 220 331 290
236 214 220 275 294 272 290 408 297 352 262 270 263 406 257 347 0 0
;
222 0 279 106 279 156 279 205 277 271 315 169 242 164 325 220 328 289
235 214 220 275 293 271 289 408 297 352 262 270 263 406 257 347 4 0
;
223 0 278 106 278 156 278 205 277 271 313 169 241 164 324 220 326 289
234 214 220 276 293 271 288 408 297 353 261 270 263 406 257 347 4 0
;
224 0 276 106 277 156 276 205 276 271 312 169 239 164 322 220 323 288
231 214 218 278 292 271 287 409 296 353 261 271 262 405 256 345 0 0
;
225 0 275 106 276 156 276 205 276 271 311 169 238 164 322 220 322 287
231 214 218 279 291 271 288 410 296 353 260 271 262 405 256 346 4 0
;
226 0 274 106 275 156 275 205 275 271 310 169 237 164 321 220 321 287
230 214 217 279 291 271 287 409 295 353 260 271 262 404 255 345 4 1
;
227 0 273 106 274 156 274 205 274 271 309 168 236 164 319 220 320 287
229 214 216 279 290 271 287 409 295 353 259 271 262 405 255 346 4 1
;
228 0 273 106 274 156 274 205 274 271 309 168 236 164 319 220 320 286
228 214 216 279 289 271 288 409 295 353 258 271 262 405 254 345 4 1
;
229 0 272 106 273 156 273 205 273 271 308 168 235 164 318 220 319 287
228 214 215 278 289 271 288 410 294 353 258 271 262 405 254 346 0 1
;
230 0 271 106 272 156 272 205 273 271 307 168 234 164 317 220 319 288
227 214 214 278 288 271 287 409 294 353 257 271 262 405 254 346 4 1
;
231 0 271 106 272 156 272 205 273 271 307 168 234 164 317 220 319 288
227 214 214 279 288 271 288 409 294 353 257 271 262 405 254 346 4 1
;
232 0 270 106 272 156 272 205 272 271 306 168 234 164 317 220 319 288
226 214 214 278 288 271 288 409 294 353 257 271 262 405 254 346 0 1
;
233 0 270 106 272 156 272 205 272 271 306 168 234 164 317 220 319 288
226 214 213 278 288 271 288 409 294 353 257 271 262 405 254 346 4 1
;
234 0 270 106 272 156 272 205 272 271 306 168 234 164 317 220 319 288
226 214 213 278 288 271 288 410 294 353 257 271 262 405 253 345 0 1
;
235 0 270 106 271 156 272 205 272 271 306 168 234 164 317 220 319 289
226 214 214 278 288 271 288 410 293 353 257 271 262 405 253 345 0 0
;
236 0 270 106 271 156 272 205 272 271 306 168 234 164 317 220 319 288
226 214 214 278 288 271 286 410 293 353 257 270 262 405 253 345 0 0
;
237 0 270 106 271 156 272 205 272 271 306 168 234 164 317 220 319 288
226 214 215 278 288 271 286 410 293 353 256 270 262 405 253 345 0 0
;
238 0 270 106 271 156 272 205 272 271 306 168 234 164 317 220 319 289
226 214 215 278 287 271 287 410 293 353 256 270 262 405 253 345 0 0
;
239 0 270 106 271 156 272 205 272 271 306 168 234 164 317 220 319 288
226 214 215 278 287 271 287 409 293 354 256 270 262 405 253 344 0 0
;
240 0 270 106 272 156 272 205 272 271 306 168 234 164 316 220 319 288
226 214 215 278 287 271 287 409 293 354 256 270 262 404 253 344 0 0
;
241 0 270 106 272 156 272 205 272 271 307 168 234 164 317 220 319 288
226 214 215 278 287 271 287 409 293 354 256 270 262 405 253 344 0 0
;
242 0 270 106 272 156 272 205 272 271 307 168 234 164 316 220 318 289
226 214 215 278 287 271 288 410 293 354 256 270 262 405 253 344 0 0
;
243 0 270 106 272 156 272 205 271 271 307 168 234 164 316 220 318 289
226 214 215 277 287 271 288 410 293 353 256 270 262 405 253 344 0 1
;
244 0 271 106 272 156 272 205 271 271 307 168 234 164 316 220 318 289
226 214 214 277 287 271 287 410 293 354 256 270 262 405 253 344 0 1
;
245 0 271 106 272 156 272 205 271 271 307 168 234 164 316 220 318 290
226 214 214 277 287 271 287 410 293 354 256 270 262 405 253 344 0 1
;
246 0 271 106 272 156 272 205 271 271 307 168 234 164 316 220 318 289
226 214 214 277 287 271 287 411 293 354 256 270 263 406 253 346 0 1
;
247 0 270 107 271 156 271 205 271 271 306 169 234 164 316 220 318 290
226 214 213 278 287 271 287 411 293 354 256 270 263 407 254 348 0 1
;
248 0 269 108 270 157 271 206 272 271 303 170 232 166 316 221 319 291
225 215 213 279 287 271 287 412 292 358 256 271 263 410 255 355 0 0
;
249 0 267 110 269 159 270 208 271 273 302 171 231 168 315 222 319 292
225 218 213 281 286 272 288 411 289 359 255 273 263 409 254 353 0 0
;
250 0 263 114 266 162 267 210 269 275 299 173 229 172 313 223 320 293
224 221 214 283 285 274 289 411 290 357 254 275 264 412 253 356 4 0
;
251 0 262 115 265 163 267 211 269 275 298 174 228 173 313 224 320 293
224 222 214 283 285 274 293 410 292 356 253 276 264 412 253 357 4 0
;
252 0 259 115 263 163 265 211 268 275 296 174 227 174 311 223 321 289
224 222 217 282 284 274 294 406 295 344 252 276 264 412 252 357 0 1
;
253 0 258 115 263 162 265 210 268 274 295 173 226 173 310 222 322 286
223 222 218 280 283 273 294 402 296 338 252 276 264 410 252 355 0 1
;
254 0 257 112 261 159 264 207 267 271 295 169 225 172 309 218 325 280
223 220 222 278 283 269 295 387 297 322 252 272 263 407 253 348 0 1
;
255 0 257 111 261 158 264 205 267 269 295 167 225 171 309 216 327 278
223 219 223 277 283 267 295 381 297 315 251 271 263 407 254 346 0 1
;
256 0 256 111 261 158 263 205 266 269 295 167 225 170 310 215 329 276
223 219 223 277 282 267 295 369 298 300 250 270 263 407 255 345 0 1
;
257 0 256 111 261 158 263 205 266 269 295 167 225 170 310 215 331 277
222 219 223 278 282 267 295 368 298 299 250 270 263 407 255 345 0 1
;
258 0 255 113 260 160 263 207 266 270 294 169 225 174 311 216 333 281
221 221 220 282 282 269 295 366 298 297 249 272 263 410 256 348 3 1
;
259 0 255 114 260 161 262 208 265 271 294 170 226 175 312 217 333 281
221 223 219 284 282 269 295 367 298 298 249 272 263 410 256 348 3 1
;
260 0 255 114 261 161 263 208 267 271 294 170 226 175 312 217 331 281
222 223 219 284 283 269 297 369 298 300 250 272 263 409 256 348 0 1
;
261 0 255 114 261 161 264 207 268 270 295 170 227 175 312 217 331 280
222 223 219 283 284 268 297 370 299 303 251 272 263 409 256 347 0 1
;
262 0 257 113 262 160 265 206 269 269 296 169 227 174 312 216 330 278
223 222 222 282 285 267 299 378 302 316 253 271 263 408 257 344 0 1
;
263 0 257 113 263 160 266 206 270 269 297 168 227 173 312 215 330 278
223 221 223 281 286 267 300 389 302 324 254 270 263 408 257 343 0 1
;
264 0 259 112 264 159 267 206 271 268 298 168 228 172 313 215 330 278
225 220 222 281 287 266 300 397 301 332 255 270 263 408 256 343 0 1
;
265 0 260 112 265 159 268 206 271 268 299 168 229 172 314 215 332 278
225 220 223 281 287 266 300 402 301 337 256 270 263 408 256 343 0 1
;
266 0 263 111 267 158 270 205 273 268 301 168 231 170 316 215 333 280
227 218 223 280 288 266 304 408 301 345 257 270 263 408 255 343 0 1
;
267 0 266 111 271 158 272 206 274 269 304 168 234 169 319 216 334 283
229 217 224 280 290 268 305 409 302 351 259 270 263 407 254 343 0 1
;
268 0 268 111 272 159 273 206 275 270 306 169 235 169 321 216 334 284
230 217 223 280 290 269 304 408 302 350 260 270 262 407 254 344 0 1
;
269 0 270 111 273 159 275 207 276 270 307 169 237 169 322 217 335 286
231 217 223 280 292 270 303 407 302 349 261 271 262 407 255 346 0 1
;
270 0 272 112 275 160 276 207 278 271 308 170 238 169 323 219 336 288
233 217 223 279 293 271 303 408 303 351 263 272 260 407 257 350 4 1
;
271 0 272 112 275 160 276 207 278 271 308 170 238 169 323 219 336 288
233 217 224 279 293 271 303 408 303 351 263 272 260 408 257 351 4 1
;
272 0 272 112 275 160 276 207 278 271 308 170 238 169 323 219 335 286
233 217 224 279 293 271 302 408 303 352 263 272 261 409 257 353 4 1
;
273 0 270 112 274 160 275 208 276 272 307 171 237 169 323 219 334 286
232 218 221 280 291 272 302 409 300 353 261 272 259 409 256 353 0 0
;
274 0 269 113 272 160 274 208 275 273 305 171 236 170 322 219 334 286
231 219 220 281 291 272 301 410 298 354 260 273 259 409 255 353 4 0
;
275 0 265 115 268 162 270 210 272 274 301 173 232 173 320 220 335 286
228 222 219 283 287 273 300 409 294 354 256 274 258 412 253 355 4 0
;
276 0 263 116 266 163 268 211 270 274 299 174 230 175 319 220 335 285
226 224 219 285 286 273 300 409 293 353 255 275 259 421 252 356 4 0
;
277 0 260 117 263 164 266 211 269 274 297 174 227 176 317 220 336 282
223 225 219 286 285 273 297 404 292 347 253 276 260 423 251 357 4 0
;
278 0 258 117 261 163 265 210 268 274 295 173 227 176 315 218 336 280
222 225 219 286 284 272 296 399 291 335 253 275 260 423 251 356 0 0
;
279 0 255 114 259 161 262 208 267 271 293 170 224 174 313 214 336 275
220 223 219 284 283 269 296 389 292 318 251 272 259 408 251 348 4 4
;
280 0 254 113 258 159 262 206 266 269 292 168 224 173 312 212 336 273
220 222 219 282 282 267 297 388 293 314 250 271 259 408 251 346 4 0
;
281 0 253 112 257 158 260 205 265 268 291 166 223 172 312 210 337 271
219 221 219 281 281 266 296 371 295 291 248 270 259 408 252 343 4 4
;
282 0 253 112 257 158 260 205 264 268 291 166 223 172 312 210 337 271
219 221 218 282 280 266 297 366 296 286 248 270 259 408 252 343 0 4
;
283 0 251 113 256 159 259 206 263 269 290 167 222 174 311 211 337 273
218 221 218 285 280 267 295 351 296 268 247 271 258 407 252 343 0 1
;
284 0 251 114 256 159 259 206 263 270 290 168 222 175 311 211 337 275
218 222 217 286 280 268 295 351 296 268 247 272 258 408 252 343 0 1
;
285 0 250 114 256 159 259 206 263 270 289 169 222 176 310 213 334 275
217 223 217 288 280 268 298 363 297 283 247 273 259 408 252 343 4 0
;
286 0 250 114 255 160 259 206 263 271 289 169 224 176 310 213 333 275
217 223 217 287 280 268 300 363 297 285 247 273 259 408 253 344 0 0
;
287 0 250 114 255 159 259 206 264 270 289 168 223 175 310 213 330 272
218 223 217 285 281 267 300 376 297 304 248 272 259 408 252 343 0 0
;
288 0 250 113 256 159 259 206 265 269 290 168 222 175 309 213 329 272
218 222 217 284 281 267 300 381 297 312 248 271 259 408 252 344 0 0
;
289 0 251 112 256 158 260 205 265 268 290 167 222 173 309 212 330 273
218 221 217 283 281 266 299 392 295 326 249 271 259 408 252 343 0 4
;
290 0 251 111 256 158 260 205 265 268 290 166 222 173 310 212 330 274
218 221 216 283 281 266 298 395 294 332 249 270 259 408 251 343 0 4
;
291 0 252 110 258 157 261 204 266 268 292 166 223 172 311 212 330 276
219 221 216 282 281 266 297 404 293 343 250 270 258 408 249 343 0 0
;
292 0 253 110 259 157 262 204 266 268 293 166 223 171 311 212 330 276
220 220 216 282 282 266 295 410 292 347 251 270 258 408 249 343 0 0
;
293 0 256 109 262 156 264 204 267 269 296 166 225 169 313 213 330 279
221 219 216 281 283 267 292 410 291 353 251 270 258 407 249 343 0 0
;
294 0 258 109 264 156 265 204 267 269 297 166 226 169 315 214 330 280
222 218 216 281 283 268 291 412 291 354 252 270 258 407 249 343 0 0
;
295 0 262 108 267 156 268 205 269 269 300 166 230 167 317 215 330 283
224 216 216 280 284 269 289 413 292 353 254 270 258 407 249 343 4 0
;
296 0 264 107 268 156 269 204 270 269 301 166 231 166 318 215 330 283
226 216 217 279 285 269 289 412 293 352 255 270 258 407 249 343 4 0
;
297 0 268 107 271 156 271 204 271 269 304 167 234 165 319 216 331 284
228 214 219 278 287 269 289 412 293 352 256 270 258 407 251 343 4 1
;
298 0 269 106 272 156 272 204 272 270 306 167 235 165 320 217 332 285
229 214 221 278 287 269 289 412 294 352 257 270 258 407 251 343 4 1
;
299 0 272 106 274 156 273 205 273 270 308 167 237 165 322 217 333 285
231 214 223 278 288 270 289 410 295 351 258 270 258 407 253 344 4 1
;
300 0 274 106 274 156 274 205 273 270 309 167 237 164 323 218 333 285
232 214 224 279 289 270 290 411 295 351 258 270 259 407 253 345 4 1
;
301 0 276 106 276 156 275 205 274 270 311 168 239 164 324 218 335 286
233 214 226 279 290 270 290 410 295 351 259 270 259 408 254 346 4 1
;
302 0 277 106 277 156 276 205 275 270 312 168 240 164 325 218 335 286
234 214 226 279 291 270 289 409 296 351 259 270 259 409 254 346 4 1
;
303 0 278 106 278 156 277 205 276 270 314 168 241 164 327 218 336 287
235 214 228 279 291 271 289 409 296 351 260 270 259 409 255 347 4 0
;
304 0 279 106 279 156 278 205 276 271 315 168 242 164 327 218 337 287
236 214 228 279 292 271 289 409 296 352 261 270 260 411 255 349 4 0
;
305 0 281 107 281 157 280 206 278 271 317 168 244 164 329 219 338 288
237 215 228 278 294 271 289 410 296 354 263 271 259 412 257 353 0 0
;
306 0 282 108 282 158 281 207 280 272 318 169 245 165 330 219 339 290
238 215 227 279 296 272 288 410 297 355 264 271 259 410 258 355 4 0
;
307 0 284 112 285 162 284 210 282 274 321 173 248 170 334 223 342 294
241 219 226 280 298 275 288 410 299 355 266 273 254 410 256 354 4 0
;
308 0 285 114 285 163 284 211 282 275 321 175 249 171 335 225 343 297
243 221 225 281 299 277 288 410 299 355 267 274 253 407 254 351 4 0
;
309 0 286 115 287 164 285 212 283 276 322 176 251 172 336 226 345 298
245 221 227 280 299 278 288 410 299 355 267 275 254 398 252 336 0 0
;
310 0 287 115 287 164 285 212 283 276 322 176 251 172 337 226 344 298
246 221 228 280 299 278 288 409 299 355 267 274 252 390 252 328 4 0
;
311 0 288 113 289 162 287 209 286 273 323 174 254 170 337 225 341 294
248 217 240 243 302 275 289 411 297 352 270 271 249 375 249 300 4 0
;
312 0 288 112 290 161 288 208 287 272 324 173 254 168 337 224 340 293
249 216 231 260 303 274 289 410 297 346 271 270 250 363 248 285 4 1
;
313 0 289 111 291 160 290 207 290 270 324 171 255 167 337 223 339 292
250 214 224 253 306 272 289 409 297 344 274 269 251 349 248 268 4 0
;
314 0 289 111 291 159 291 207 291 271 324 171 255 167 337 223 339 292
250 214 223 253 307 272 289 409 297 344 276 270 250 348 248 267 4 0
;
315 0 290 112 292 160 292 207 293 272 325 172 256 168 338 223 340 294
250 214 222 252 309 273 289 409 297 343 278 271 251 348 248 267 4 0
;
316 0 290 112 292 160 292 207 291 272 325 172 256 168 338 224 341 294
250 215 225 255 308 273 289 409 297 343 275 271 250 350 247 269 4 1
;
317 0 290 112 292 160 292 207 290 272 326 172 256 169 338 224 341 294
250 216 240 241 307 273 290 409 297 345 273 270 248 366 245 289 4 1
;
318 0 291 112 292 160 291 207 289 272 326 172 256 169 338 224 341 293
250 216 240 247 306 273 290 409 297 346 273 270 246 380 245 307 4 1
;
319 0 291 111 292 159 291 206 288 271 326 171 256 168 338 223 341 291
250 215 230 272 304 273 290 410 298 348 272 269 250 385 247 323 4 1
;
320 0 291 110 292 159 290 206 287 271 325 171 256 167 338 222 341 290
250 215 231 275 304 273 290 410 298 349 271 269 251 390 250 332 4 1
;
321 0 291 109 291 158 289 206 286 270 325 170 255 166 338 221 342 290
248 214 230 275 302 273 290 410 299 349 270 268 253 399 256 339 4 1
;
322 0 291 109 291 157 289 205 285 270 325 169 254 165 338 221 342 289
247 214 229 276 301 272 290 409 299 349 270 268 253 401 257 342 4 1
;
323 0 290 108 290 156 288 205 285 270 325 169 252 165 337 220 343 289
245 214 228 277 301 272 290 409 300 351 269 268 256 408 260 349 4 1
;
324 0 289 107 289 156 287 205 284 270 324 168 251 164 337 220 343 289
244 213 227 277 300 272 290 409 300 352 268 269 257 408 260 348 4 1
;
325 0 287 106 287 155 285 205 283 270 323 168 249 164 336 219 342 289
242 213 225 277 299 271 290 409 300 352 267 269 259 410 259 354 4 1
;
326 0 285 106 284 155 283 205 281 271 321 168 247 164 335 219 341 289
240 213 223 278 297 271 291 409 300 352 266 270 262 407 258 350 4 1
;
327 0 283 106 283 155 282 205 280 271 319 167 246 164 334 218 341 289
238 214 222 278 296 271 291 408 300 351 264 270 263 405 258 346 4 1
;
328 0 280 105 280 155 279 205 278 271 316 167 243 164 331 218 339 288
236 214 220 279 294 271 291 408 299 351 262 271 263 405 258 344 4 1
;
329 0 279 105 279 155 278 205 277 271 315 167 241 164 329 218 338 288
234 214 220 279 293 271 291 408 299 351 261 271 263 405 257 345 4 0
;
330 0 277 105 278 155 277 205 275 271 313 167 240 164 328 218 336 287
233 214 219 279 292 271 291 408 298 352 260 271 263 405 256 345 4 0
;
331 0 273 106 275 156 275 205 274 271 310 168 237 165 325 218 333 287
231 215 216 279 290 272 291 409 295 354 258 271 264 406 255 347 0 4
;
332 0 271 107 273 157 273 206 273 272 308 168 236 166 323 218 332 288
230 216 215 280 289 272 290 408 293 354 257 272 263 406 254 349 0 0
;
333 0 267 110 270 159 270 208 271 273 303 171 232 168 320 220 331 289
226 218 213 282 287 273 292 411 291 354 255 273 263 407 252 353 4 0
;
334 0 264 113 266 161 267 210 269 275 300 173 228 172 316 223 332 291
223 222 212 285 285 274 295 410 295 353 253 276 263 407 251 353 0 0
;
335 0 263 113 265 162 267 210 269 275 299 173 227 172 314 223 331 290
222 222 212 286 285 274 298 406 297 346 253 276 263 407 251 353 0 0
;
336 0 260 112 263 160 265 209 268 274 298 172 226 172 312 222 330 285
220 222 212 284 284 273 300 396 302 336 252 275 262 407 252 350 0 0
;
337 0 260 110 262 159 265 207 268 272 297 170 225 170 311 220 330 284
219 220 212 283 284 271 302 387 305 324 252 274 263 407 253 344 0 1
;
338 0 259 108 261 156 264 204 268 269 296 168 224 168 310 218 335 282
218 218 212 281 284 268 305 371 308 302 251 271 263 407 253 342 0 1
;
339 0 258 108 261 156 264 204 267 269 296 167 224 168 310 217 335 276
218 218 213 281 284 268 307 366 309 295 251 270 263 408 254 341 0 1
;
340 0 258 109 261 157 264 204 268 268 296 168 223 169 311 217 339 284
217 219 212 284 285 266 309 363 309 288 251 270 263 408 255 341 0 1
;
341 0 257 111 260 159 264 205 268 269 295 170 223 171 311 219 339 285
217 221 212 287 286 266 309 363 308 287 251 271 263 408 255 342 0 0
;
342 0 257 113 259 160 263 207 267 271 294 171 223 173 311 220 338 285
217 223 212 289 284 270 311 368 309 291 250 273 263 408 255 342 0 0
;
343 0 257 113 259 161 263 207 267 271 294 171 223 173 311 220 337 281
217 223 212 288 284 270 311 373 308 297 250 273 263 408 255 342 0 0
;
344 0 257 112 260 160 263 207 267 271 294 171 223 172 312 219 338 279
217 223 214 285 284 269 306 383 307 310 250 273 263 408 254 342 0 0
;
345 0 257 111 260 159 263 207 267 271 295 170 223 171 312 218 339 278
218 222 215 284 284 269 303 384 306 316 250 272 263 409 254 343 0 1
;
346 0 257 110 260 158 263 206 267 270 295 169 223 170 313 216 343 277
219 220 215 283 283 268 300 392 300 330 250 272 263 409 253 343 0 1
;
347 0 258 110 260 158 263 206 267 270 295 169 223 169 314 215 344 278
219 220 214 283 283 268 298 396 299 333 251 272 263 408 253 343 0 1
;
348 0 259 109 261 157 264 205 268 270 297 168 225 169 315 215 345 278
219 219 213 284 284 268 296 403 295 344 251 271 263 408 252 344 0 1
;
349 0 259 109 262 157 264 205 268 270 297 168 226 169 315 215 345 279
219 219 212 284 284 268 297 406 293 350 251 271 263 408 251 344 0 1
;
350 0 261 108 264 156 265 205 268 270 300 167 227 168 317 214 344 280
220 218 212 283 284 268 294 412 290 356 252 271 263 408 251 347 4 1
;
351 0 263 107 265 156 266 205 268 270 301 167 228 167 317 214 344 281
221 217 212 283 284 269 292 414 289 357 252 271 263 408 251 347 0 1
;
352 0 266 107 268 156 268 205 269 270 303 167 229 166 319 215 343 284
223 217 213 283 286 269 288 414 289 356 253 271 263 408 252 346 4 1
;
353 0 268 106 269 156 269 205 270 270 305 167 231 166 320 216 344 284
224 216 214 282 286 270 288 415 289 356 254 271 263 408 252 345 4 1
;
354 0 271 105 271 156 271 205 272 271 307 167 233 165 322 216 345 285
226 215 216 281 288 270 288 414 291 355 256 271 263 407 253 345 0 1
;
355 0 273 105 272 156 272 205 272 271 307 167 234 164 323 216 345 285
227 215 217 280 289 271 288 413 291 355 256 271 263 407 254 346 0 1
;
356 0 276 105 275 156 274 205 274 271 311 168 237 163 326 217 348 287
229 214 220 279 290 271 288 413 292 355 258 271 263 407 255 346 0 1
;
357 0 277 105 276 156 275 205 275 271 312 168 238 163 327 218 349 289
230 214 221 279 291 271 289 412 293 355 258 271 264 411 257 354 0 1
;
358 0 279 106 278 156 277 206 276 272 315 168 241 163 329 218 351 289
233 214 222 279 293 272 289 412 293 356 260 271 265 413 257 356 4 1
;
359 0 281 106 280 156 279 206 278 272 316 168 242 164 331 219 351 289
234 214 223 280 294 272 288 412 294 356 262 272 265 412 258 358 0 1
;
360 0 282 107 282 158 281 207 280 273 319 169 245 165 333 220 352 291
237 216 225 281 297 273 288 412 296 358 263 272 262 409 259 355 4 1
;
361 0 283 109 284 159 282 208 281 274 320 171 246 167 335 221 353 293
239 217 226 282 298 275 287 412 297 358 264 273 261 407 259 356 4 1
;
362 0 285 112 285 162 284 210 282 275 322 173 249 170 336 224 354 295
242 220 227 285 299 277 287 411 298 358 265 274 260 405 258 347 0 1
;
363 0 285 113 286 162 284 210 282 276 322 173 249 171 337 224 354 296
243 221 228 286 299 278 287 411 298 358 266 274 260 402 257 343 4 1
;
364 0 285 113 287 162 285 210 284 276 323 173 251 171 338 225 352 295
245 221 230 283 301 277 287 410 298 356 267 274 259 386 255 328 4 1
;
365 0 285 112 288 161 287 209 286 274 323 172 252 170 338 224 351 293
247 220 232 273 303 275 287 410 298 354 270 273 258 393 255 322 4 1
;
366 0 285 109 289 158 290 206 291 272 323 169 253 167 339 221 350 289
249 216 231 267 307 273 288 408 298 344 276 272 259 361 253 281 4 1
;
367 0 285 109 290 157 290 205 292 272 324 168 253 167 339 220 350 289
250 216 231 266 308 272 288 408 298 344 276 272 259 358 253 279 4 1
;
368 0 285 109 290 157 291 205 292 272 324 168 254 166 340 219 353 288
250 215 231 265 308 272 288 408 298 343 276 271 259 357 253 278 4 1
;
369 0 286 109 291 157 291 205 292 272 325 168 254 167 341 220 355 288
250 216 231 266 308 272 288 408 298 346 276 272 257 359 253 279 4 1
;
370 0 287 111 291 159 292 206 293 273 326 170 255 168 341 222 357 289
250 217 232 274 309 273 288 408 297 349 277 272 252 391 253 317 4 1
;
371 0 287 111 292 159 292 207 293 273 326 170 255 168 341 222 356 290
250 217 231 279 309 273 288 408 298 349 277 273 252 393 253 322 4 1
;
372 0 288 110 292 159 291 206 288 271 326 170 255 168 341 222 353 289
250 217 232 278 305 273 288 409 298 350 271 269 257 388 257 328 4 1
;
373 0 288 110 292 158 291 205 288 271 326 170 255 167 341 221 352 289
250 216 232 277 305 273 289 408 299 347 271 269 257 392 257 332 4 1
;
374 0 289 109 292 157 290 205 287 270 326 169 255 166 340 221 349 289
249 215 231 275 304 272 289 408 300 347 271 268 254 398 260 339 4 1
;
375 0 289 108 292 157 290 205 287 270 326 168 255 166 340 221 349 289
249 215 230 275 304 272 289 407 300 346 271 268 253 400 260 340 4 1
;
376 0 289 108 292 157 290 205 287 270 326 169 255 166 339 221 349 290
249 214 229 275 303 272 290 407 301 347 271 268 252 403 260 348 4 1
;
377 0 289 108 291 156 290 204 287 270 326 169 255 165 339 221 348 290
248 214 229 276 303 272 290 407 302 348 271 268 252 403 260 350 4 1
;
378 0 289 107 291 156 289 204 286 270 326 168 254 165 338 220 347 290
248 214 228 276 302 271 290 407 302 349 270 269 251 408 259 354 4 1
;
379 0 288 107 290 156 289 204 285 270 325 168 254 165 338 220 346 290
247 214 228 276 301 271 290 407 302 349 269 269 252 410 258 354 0 1
;
380 0 287 106 289 156 287 205 283 271 324 168 253 164 337 220 345 291
246 213 228 276 299 271 290 407 302 348 268 270 256 406 258 346 4 1
;
381 0 286 106 288 156 286 205 282 271 323 168 252 164 336 220 343 292
246 213 227 276 298 272 290 407 302 348 267 270 258 405 258 344 4 1
;
382 0 284 106 286 156 284 205 280 271 321 168 250 164 334 220 341 293
244 214 227 276 296 272 290 407 301 347 265 270 259 406 257 342 4 1
;
383 0 283 106 286 156 283 206 280 271 320 168 250 164 333 220 339 292
243 213 227 276 295 272 290 407 301 347 265 271 259 405 257 342 4 1
;
384 0 281 106 284 156 281 206 278 271 319 169 248 164 331 222 334 292
242 213 225 276 294 272 290 407 300 348 263 271 259 405 257 342 4 1
;
385 0 279 106 282 156 280 206 278 271 316 168 246 164 328 222 329 293
240 213 224 276 293 272 289 407 299 349 263 271 258 405 256 342 4 1
;
386 0 278 106 281 156 280 206 277 271 314 168 245 164 326 222 327 293
239 213 223 276 292 272 289 407 298 350 263 271 258 405 256 342 4 1
;
387 0 275 106 279 156 278 206 276 271 312 168 243 164 323 222 323 291
238 213 221 276 291 272 289 408 297 351 261 271 258 405 255 343 4 1
;
388 0 274 106 278 156 277 206 275 271 311 168 242 164 322 222 321 290
237 213 221 276 290 272 289 408 296 351 261 271 258 405 255 343 4 1
;
389 0 272 106 276 156 275 206 273 271 309 168 240 164 320 221 318 288
235 213 219 277 288 272 289 409 295 352 259 271 258 405 254 343 4 1
;
390 0 270 106 274 156 274 206 272 271 307 168 238 164 319 221 317 288
233 213 217 277 287 272 288 410 294 353 258 271 258 405 254 343 4 1
;
391 0 266 107 272 156 272 205 271 271 304 167 236 165 316 221 314 288
231 214 215 277 286 272 288 411 293 354 256 271 258 405 253 343 0 1
;
392 0 264 107 271 156 270 205 269 271 303 167 235 165 314 221 312 288
230 214 213 277 284 272 288 411 293 354 255 271 258 406 252 343 0 1
;
393 0 260 107 268 156 268 205 267 271 299 167 233 166 310 220 309 289
229 214 211 276 281 272 287 411 292 354 253 271 257 406 251 343 4 1
;
394 0 258 108 267 156 266 205 265 271 298 167 232 166 309 221 307 289
228 214 211 276 280 272 287 411 292 354 251 271 257 406 251 343 4 1
;
395 0 254 108 264 156 264 206 264 272 294 167 230 166 307 220 304 287
227 215 210 276 278 272 288 412 290 355 250 271 257 406 250 343 0 1
;
396 0 252 108 262 156 263 206 263 271 292 167 229 167 306 220 304 287
226 215 211 277 278 272 288 412 289 355 249 271 257 406 250 343 0 1
;
397 0 249 109 259 157 261 206 262 271 289 168 225 168 305 219 304 287
224 216 212 278 277 271 293 409 288 351 248 271 257 406 248 343 4 1
;
398 0 248 110 257 159 259 207 262 271 287 169 223 169 304 220 306 286
223 218 213 280 277 271 295 407 290 351 248 272 257 406 247 344 4 1
;
399 0 245 113 254 161 258 208 261 272 286 171 219 174 304 220 319 281
221 222 215 282 276 271 293 405 291 339 247 273 256 406 245 346 0 1
;
400 0 244 114 253 162 257 209 261 273 285 171 219 175 304 220 322 280
220 222 216 284 276 271 292 398 292 331 246 274 256 406 245 346 0 1
;
401 0 243 114 252 161 256 208 260 272 285 170 218 175 304 218 325 276
218 223 217 284 275 271 290 388 292 314 244 274 257 407 245 346 0 1
;
402 0 243 113 252 161 255 208 258 271 285 169 218 175 304 217 326 275
218 223 217 283 274 270 290 379 292 300 242 273 257 407 245 345 0 1
;
403 0 243 113 251 160 254 207 257 271 284 168 217 174 304 216 326 278
217 222 216 281 272 269 286 368 292 285 241 272 257 408 246 343 0 1
;
404 0 243 113 251 160 253 207 256 271 284 168 217 174 304 216 325 278
217 222 214 281 272 269 286 354 290 271 240 272 257 408 246 342 0 1
;
405 0 242 113 251 160 253 207 255 271 283 168 216 174 303 216 322 278
216 222 212 281 271 270 286 353 290 270 239 272 257 408 246 342 0 1
;
406 0 242 113 250 160 252 207 254 271 283 168 216 174 302 216 320 278
215 222 211 281 270 270 288 363 290 283 239 272 257 408 246 342 0 1
;
407 0 241 113 249 160 251 207 254 271 282 168 215 174 300 216 316 282
213 223 210 282 270 270 290 372 289 299 238 272 257 408 245 342 0 4
;
408 0 241 113 249 159 251 206 254 271 282 168 215 174 300 216 314 279
213 222 209 282 270 269 289 378 287 308 239 272 257 408 244 343 0 4
;
409 0 240 112 248 159 251 206 254 270 281 167 214 174 299 216 313 277
212 222 207 282 270 268 290 385 284 324 239 272 256 408 244 344 0 0
;
410 0 240 112 248 159 250 206 254 270 281 167 214 174 299 215 314 277
212 222 207 282 270 268 291 388 282 328 238 272 256 408 243 345 0 0
;
411 0 239 112 247 158 250 206 254 270 279 166 213 174 299 214 315 276
211 222 206 283 269 268 291 402 281 338 238 272 256 409 242 348 0 0
;
412 0 238 112 246 158 250 206 254 270 279 166 213 174 299 214 315 276
211 222 206 283 269 268 291 403 281 344 238 272 256 409 242 348 4 0
;
413 0 238 111 246 158 249 206 253 270 278 166 212 173 299 214 314 276
211 222 206 283 269 268 292 407 280 350 238 272 256 409 241 348 4 0
;
414 0 237 111 246 158 249 206 253 270 278 166 212 173 298 214 313 277
211 222 206 284 269 268 291 410 280 352 238 272 256 408 241 348 4 0
;
415 0 237 111 245 158 249 206 254 271 278 166 212 173 298 214 311 278
211 222 205 284 269 269 291 412 279 355 239 272 256 410 241 350 0 0
;
416 0 237 110 246 158 249 206 254 271 278 166 212 173 298 214 310 278
211 222 205 284 270 270 285 416 279 358 239 273 256 411 241 350 4 0
;
417 0 237 110 246 157 250 206 255 272 278 166 212 172 298 215 307 280
211 221 205 284 270 270 285 416 279 358 240 273 257 411 241 351 0 0
;
418 0 237 109 247 157 250 206 255 272 279 166 212 172 298 216 305 281
211 221 205 284 270 271 285 416 279 358 240 273 256 411 241 351 0 0
;
419 0 237 109 247 157 250 206 255 272 279 166 212 171 297 217 299 281
211 220 205 284 270 271 285 416 280 358 240 273 256 411 242 350 0 0
;
420 0 237 109 247 157 250 206 255 272 279 166 212 171 296 217 293 285
211 220 205 284 270 271 285 416 280 358 240 273 256 410 242 349 0 0
;
421 0 236 110 247 158 250 207 254 273 279 167 212 171 295 218 279 286
212 220 205 284 269 272 285 415 280 357 239 273 256 410 242 349 0 0
;
422 0 235 110 247 158 250 207 254 273 278 167 212 171 293 218 273 284
212 220 205 283 269 272 285 415 280 358 239 273 256 411 242 350 0 0
;
423 0 233 111 247 159 250 208 254 273 277 167 214 172 288 217 256 283
213 221 205 281 269 273 285 415 280 358 240 273 256 410 242 349 0 0
;
424 0 232 112 247 160 250 208 255 273 276 168 215 172 285 217 248 281
214 221 206 280 269 273 286 415 280 358 241 274 257 415 242 354 0 0
;
425 0 229 114 246 161 250 209 255 274 272 169 216 171 276 217 230 282
217 219 208 277 268 273 286 414 279 357 243 275 258 416 243 355 0 0
;
426 0 227 115 246 161 250 210 255 274 271 169 217 170 272 218 220 286
218 218 210 273 267 273 286 414 279 357 243 275 257 415 243 354 0 0
;
427 0 224 116 244 162 249 211 254 274 270 170 219 170 263 218 210 284
220 217 211 266 266 274 286 414 279 357 243 275 258 415 243 353 0 0
;
428 0 223 117 243 163 248 211 254 275 265 173 219 171 257 220 203 285
221 218 218 281 266 274 286 414 279 357 244 275 257 415 243 353 0 0
;
429 0 220 118 241 164 247 213 255 276 264 174 220 172 248 222 195 288
223 216 219 281 265 276 286 415 279 359 245 276 259 422 244 353 0 1
;
430 0 220 119 240 164 247 213 255 277 262 174 221 173 245 223 191 290
224 217 221 279 265 277 287 421 279 359 246 276 259 423 245 353 0 1
;
431 0 218 119 238 165 246 215 255 278 260 175 222 175 237 228 185 296
226 217 224 274 265 278 287 422 279 361 246 278 259 424 246 358 0 1
;
