0 0 208 116 218 169 223 220 229 285 242 180 193 174 232 237 184 306
193 223 179 286 241 286 249 458 234 364 219 283 217 406 222 358 0 0
;
1 0 209 116 219 169 224 220 230 284 242 180 194 174 232 237 184 307
194 223 179 279 241 286 249 458 234 364 219 283 217 406 222 357 0 0
;
2 0 211 116 220 168 225 219 230 283 243 180 197 174 231 237 183 307
197 223 182 277 241 285 249 458 235 363 220 282 217 404 222 356 0 0
;
3 0 211 116 221 168 225 219 230 283 243 180 198 173 231 237 183 306
198 222 182 277 241 285 249 458 235 362 220 281 218 402 223 355 0 0
;
4 0 213 116 222 167 226 218 230 282 244 179 199 173 231 236 183 305
199 221 186 275 240 284 248 457 237 361 220 280 219 400 224 353 0 0
;
5 0 214 116 223 167 226 218 230 282 245 179 200 173 231 236 184 304
200 220 188 274 241 284 249 456 237 360 221 280 219 400 224 353 0 0
;
6 0 217 116 225 166 228 217 232 281 247 178 201 172 237 230 191 298
201 219 189 276 242 282 256 445 239 358 222 279 238 438 218 359 0 1
;
7 0 219 115 226 166 229 216 232 281 248 177 202 172 239 229 194 297
201 218 192 273 243 282 261 434 242 358 222 279 238 430 218 345 0 0
;
8 0 221 114 228 164 231 215 234 280 251 176 202 170 253 227 205 293
202 217 194 273 245 281 265 424 249 355 223 279 240 430 221 350 0 1
;
9 0 223 114 230 164 232 214 236 279 253 175 202 170 253 227 210 293
202 217 196 273 247 280 265 411 252 353 225 279 241 429 225 359 0 1
;
10 0 226 113 232 163 235 213 238 277 257 174 203 170 259 225 228 289
203 216 196 278 252 276 268 407 262 359 226 277 243 426 227 356 0 1
;
11 0 228 113 234 163 236 212 240 276 260 174 203 170 265 224 234 293
203 216 196 278 253 276 268 406 264 354 227 276 242 426 228 347 0 1
;
12 0 233 113 237 162 239 211 243 274 265 172 204 169 272 223 251 293
203 216 198 277 257 274 270 399 268 348 229 274 242 424 229 345 2 1
;
13 0 235 113 239 162 241 210 244 273 268 171 204 169 276 222 259 295
203 216 198 277 259 274 272 397 270 346 230 273 242 423 230 344 3 1
;
14 0 239 113 243 162 244 209 246 272 275 171 207 169 284 220 275 294
203 216 199 277 261 273 274 394 273 344 231 271 242 422 231 341 0 1
;
15 0 245 114 248 162 249 209 252 270 280 171 211 169 291 219 289 287
205 216 201 276 267 270 274 393 275 341 237 269 240 407 234 340 0 1
;
16 0 247 115 250 162 252 208 255 268 282 171 214 168 295 219 295 289
206 215 202 274 269 269 273 392 277 340 240 268 241 421 236 340 0 0
;
17 0 253 115 254 162 256 208 259 266 287 171 219 168 300 219 305 287
210 215 206 270 273 267 274 392 278 339 244 266 240 407 237 339 0 4
;
18 0 255 115 256 162 258 207 259 265 288 171 221 167 303 218 308 284
213 214 209 270 274 266 274 391 279 337 245 265 238 406 238 339 0 4
;
19 0 259 115 259 161 260 206 260 264 291 170 225 167 305 216 313 280
216 213 215 268 275 264 275 390 280 333 246 264 236 405 237 340 0 0
;
20 0 260 115 260 161 260 205 261 263 291 170 226 166 307 214 315 279
219 212 218 268 275 263 275 389 281 331 247 263 236 403 237 339 0 4
;
21 0 262 115 262 160 262 205 262 262 294 169 228 166 308 213 316 275
222 212 223 267 276 262 275 389 281 330 248 262 239 400 238 338 0 0
;
22 0 263 115 262 160 262 204 262 262 295 169 229 166 308 213 315 274
223 212 224 267 276 262 276 389 281 329 248 262 240 395 239 336 0 0
;
23 0 264 115 263 160 263 204 263 261 295 169 229 166 308 212 314 273
224 212 226 267 277 261 276 388 282 328 249 262 242 392 242 333 0 0
;
24 0 265 115 264 160 264 204 264 261 295 169 230 166 307 212 314 272
224 211 227 268 278 261 276 388 282 328 249 261 242 391 242 333 0 1
;
25 0 265 115 264 159 264 203 264 261 296 169 230 166 306 212 311 270
224 211 227 268 278 261 276 388 282 329 250 261 243 391 242 333 0 1
;
26 0 265 115 264 159 264 203 264 261 296 169 230 166 305 212 310 270
224 210 226 268 278 261 276 388 282 329 250 261 243 391 242 333 0 1
;
27 0 265 114 263 159 264 203 264 260 295 169 230 165 304 212 305 269
224 210 224 268 277 260 276 388 282 329 250 260 243 391 242 333 1 1
;
28 0 265 115 263 159 263 203 264 260 295 169 230 165 303 212 304 269
223 210 223 268 277 260 276 388 282 329 250 260 243 390 242 332 1 1
;
29 0 264 115 263 159 263 203 264 260 295 169 230 165 303 212 303 270
223 210 220 268 277 260 276 388 282 329 250 260 243 390 242 332 1 1
;
30 0 264 115 263 159 263 203 264 260 295 169 230 165 302 212 302 270
222 210 219 268 278 260 276 388 282 329 250 260 243 390 242 332 1 1
;
31 0 264 115 263 159 263 202 264 260 295 169 230 165 302 212 302 270
222 210 219 268 278 260 276 388 282 329 250 260 243 390 242 332 1 1
;
32 0 264 115 263 159 263 202 264 260 295 169 230 165 302 213 302 269
222 210 219 268 278 260 276 388 282 330 250 260 243 390 242 332 1 1
;
33 0 264 115 263 159 263 202 264 260 294 169 230 165 302 213 302 269
222 210 220 268 278 260 277 388 282 330 250 260 243 390 242 331 1 1
;
34 0 264 115 263 159 263 202 264 260 294 169 230 165 301 213 302 269
222 210 220 268 277 260 277 389 283 331 250 260 242 390 242 331 1 1
;
35 0 264 115 263 159 263 202 264 260 295 169 230 166 302 213 304 269
222 210 221 269 277 260 279 391 286 331 250 260 242 391 241 331 0 1
;
36 0 264 115 263 159 264 202 264 260 295 169 230 166 302 214 305 270
222 211 222 269 278 260 285 394 287 333 250 260 242 391 242 330 0 1
;
37 0 267 114 266 159 265 203 265 261 298 169 232 165 304 214 307 270
224 211 223 269 279 261 292 398 290 334 251 261 242 391 242 330 0 1
;
38 0 270 114 268 159 267 203 266 261 300 169 234 165 306 214 309 271
225 211 224 269 280 261 295 400 291 334 252 261 242 391 242 330 0 1
;
39 0 274 114 271 159 271 203 269 262 304 170 238 165 310 216 314 274
228 211 226 269 283 262 297 401 295 335 255 262 242 391 244 330 0 1
;
40 0 277 114 274 159 273 204 272 263 307 170 240 165 313 216 317 275
230 211 227 270 286 263 297 401 296 335 257 263 243 390 245 330 0 1
;
41 0 281 113 278 159 277 204 275 264 311 170 244 165 319 216 322 277
233 211 230 269 289 264 297 401 298 336 260 263 243 390 248 334 1 1
;
42 0 283 113 280 159 278 204 276 264 314 170 246 165 321 216 326 278
235 211 232 269 290 264 297 401 298 335 261 263 244 391 249 335 0 1
;
43 0 286 112 282 158 280 204 277 264 316 170 248 164 325 216 331 279
239 210 235 268 292 264 297 401 299 336 263 263 247 398 251 337 0 0
;
44 0 287 111 283 158 281 203 278 264 317 170 249 164 327 216 332 279
240 210 237 268 293 264 297 401 299 336 264 263 247 400 251 337 0 0
;
45 0 288 111 285 158 282 204 279 264 319 169 250 164 328 216 334 280
242 210 239 267 294 264 297 401 300 335 265 264 248 402 252 337 0 0
;
46 0 289 111 285 158 283 204 280 264 319 169 250 164 329 216 335 279
242 211 240 268 294 265 297 401 301 335 265 264 248 402 253 337 4 0
;
47 0 289 111 285 158 283 204 281 265 320 169 250 164 329 216 334 280
243 211 240 269 295 265 297 401 301 335 266 264 248 402 253 337 4 0
;
48 0 289 111 285 158 283 204 281 265 320 169 250 164 329 217 333 279
243 211 240 270 295 265 297 401 301 335 266 265 248 402 254 336 4 0
;
49 0 289 110 285 158 283 204 281 265 320 169 250 164 328 217 331 279
243 212 239 271 296 266 297 401 302 335 266 265 248 401 254 336 0 0
;
50 0 288 110 285 158 283 204 281 265 319 169 250 164 328 217 329 279
242 212 239 271 296 266 297 401 302 335 266 265 248 401 254 336 0 0
;
51 0 287 110 284 157 283 204 281 266 319 169 249 164 326 217 327 280
242 212 237 272 296 266 297 400 302 336 266 265 248 401 254 336 0 0
;
52 0 287 110 284 157 282 204 281 266 318 169 248 164 326 217 326 280
241 212 236 272 296 266 297 400 302 336 266 265 248 401 254 336 0 0
;
53 0 285 110 283 157 282 204 280 266 317 169 248 164 324 217 324 281
240 212 235 272 295 266 297 400 302 336 265 266 248 401 254 336 0 0
;
54 0 285 110 282 157 281 204 280 266 317 169 247 164 324 217 323 281
240 212 235 273 295 266 297 400 302 336 265 266 248 401 254 336 0 0
;
55 0 284 110 281 157 281 204 280 266 316 169 246 164 323 217 322 281
239 212 234 273 294 266 297 399 301 336 265 266 248 401 254 336 1 0
;
56 0 283 110 281 157 280 204 279 266 316 169 246 164 323 217 322 281
239 212 234 273 294 266 297 400 301 336 264 266 248 401 254 336 1 0
;
57 0 282 110 280 157 280 204 279 266 315 168 245 164 322 217 322 281
238 212 233 273 294 267 297 399 301 337 264 266 248 402 253 336 1 0
;
58 0 281 110 280 157 279 204 278 266 315 168 244 164 322 217 322 281
238 213 233 273 293 267 297 399 301 337 264 266 248 402 253 336 1 0
;
59 0 280 110 279 157 279 204 278 267 314 168 244 165 322 217 323 281
237 213 233 273 293 267 297 399 300 337 263 266 249 402 253 336 1 0
;
60 0 279 109 279 157 278 204 277 267 313 168 243 165 322 217 324 281
237 213 232 274 292 267 296 400 300 336 263 267 249 402 253 336 1 0
;
61 0 279 109 278 157 278 204 277 267 313 168 242 165 322 216 324 281
236 213 232 274 292 267 296 400 300 336 262 267 249 402 252 336 1 0
;
62 0 279 109 278 157 277 204 277 267 313 168 242 165 322 216 324 280
236 213 232 274 292 267 296 400 300 336 262 267 249 402 252 336 1 0
;
63 0 278 109 277 157 277 204 277 267 312 168 242 165 321 216 323 281
235 213 231 274 291 267 296 400 299 336 262 267 249 402 252 336 1 4
;
64 0 278 109 277 157 277 204 276 267 312 168 241 165 321 216 323 281
235 213 231 274 291 267 296 400 299 336 262 267 249 402 252 336 1 0
;
65 0 277 109 277 157 276 204 276 267 311 168 241 165 321 216 322 281
235 213 230 274 291 267 296 401 299 336 261 267 249 401 252 335 1 0
;
66 0 277 109 276 157 276 204 276 267 311 168 240 165 320 216 321 281
234 213 230 274 291 267 296 400 299 336 261 267 249 401 252 335 1 0
;
67 0 277 109 276 157 276 204 276 267 311 168 240 165 320 216 320 280
234 213 229 274 291 267 296 400 299 336 261 267 249 401 252 335 1 0
;
68 0 276 109 276 157 276 204 276 267 311 168 240 165 320 216 320 280
234 213 229 274 290 267 296 400 299 336 261 267 249 401 252 335 1 4
;
69 0 276 109 276 157 276 204 275 267 310 168 240 165 320 216 320 281
233 213 229 275 290 267 296 400 299 336 261 267 249 400 252 335 1 0
;
70 0 276 109 276 157 275 204 275 267 310 168 240 165 320 216 320 281
233 213 230 275 290 267 296 400 299 336 260 267 249 401 252 335 1 0
;
71 0 276 109 276 157 275 204 275 267 310 168 240 165 319 217 320 281
233 213 230 274 290 267 296 400 299 336 260 267 249 401 251 335 1 0
;
72 0 276 109 276 157 275 204 275 267 310 168 240 165 319 217 320 281
233 213 230 274 290 267 296 400 299 336 260 267 249 401 251 335 1 0
;
73 0 276 109 276 157 275 204 275 267 310 168 240 165 319 217 320 281
233 213 230 275 290 267 296 400 299 336 260 267 249 401 251 335 1 0
;
74 0 276 109 276 157 275 204 275 267 310 168 240 165 319 217 321 281
233 213 231 274 290 267 296 400 299 336 260 267 249 402 251 335 1 0
;
75 0 276 109 276 157 275 204 275 267 310 168 240 165 319 217 321 281
233 213 231 274 290 267 296 400 299 336 260 267 249 401 251 335 1 0
;
76 0 276 109 276 157 275 204 275 267 311 168 240 165 319 217 320 281
234 213 231 274 290 267 296 400 299 336 260 267 249 402 251 335 1 0
;
77 0 276 109 276 157 276 204 275 267 311 168 240 165 319 217 321 281
234 213 231 275 290 267 296 400 299 336 260 267 249 402 251 335 1 0
;
78 0 277 109 276 157 276 204 275 267 311 168 240 165 320 217 321 282
234 213 231 274 290 267 296 401 299 336 260 267 249 402 251 335 1 0
;
79 0 277 109 276 157 276 204 275 267 311 168 240 165 320 217 321 282
234 213 231 274 290 267 296 401 299 336 260 267 249 402 251 335 1 0
;
80 0 277 109 277 157 276 204 276 267 311 168 240 165 320 217 321 282
234 213 231 275 291 267 296 401 299 336 261 267 249 402 252 335 1 0
;
81 0 278 109 277 157 276 204 276 267 312 168 241 165 320 217 321 282
234 213 231 274 291 267 296 401 299 337 261 267 249 402 252 335 1 4
;
82 0 279 109 277 157 277 205 276 267 312 168 241 165 320 217 321 282
235 213 232 275 291 267 296 401 299 337 261 267 249 402 252 336 1 0
;
83 0 279 109 278 157 277 205 276 267 313 169 242 165 320 217 321 282
235 213 232 275 291 268 296 401 299 337 261 267 249 402 252 336 1 0
;
84 0 281 109 279 157 278 205 277 268 314 169 243 165 321 218 321 281
236 213 232 274 292 268 296 401 300 338 262 267 249 402 252 338 1 0
;
85 0 283 109 280 158 279 205 278 267 316 169 245 164 322 218 321 281
236 213 232 274 293 268 296 401 300 340 263 267 248 402 253 339 1 1
;
86 0 286 110 284 158 282 205 280 267 320 170 248 164 325 219 323 282
238 212 231 274 295 268 296 402 301 341 265 267 247 402 253 341 1 1
;
87 0 288 111 286 159 284 205 282 267 322 170 251 165 327 219 324 282
239 212 231 274 297 268 296 402 302 341 267 267 245 403 251 340 1 1
;
88 0 291 112 290 160 287 206 284 268 325 172 254 166 331 220 328 284
243 213 230 274 299 269 296 403 303 341 269 267 246 401 250 335 1 0
;
89 0 292 113 290 160 288 207 285 268 325 172 255 167 332 220 329 286
245 213 231 274 300 270 296 403 303 341 270 267 247 393 248 331 1 1
;
90 0 293 112 292 160 290 206 287 267 326 171 257 166 334 220 333 287
249 212 235 264 302 269 296 403 303 341 273 266 253 368 245 312 1 1
;
91 0 294 112 293 159 291 205 289 266 327 170 258 165 335 219 334 286
250 211 237 258 304 268 296 403 302 340 274 265 255 357 246 305 1 1
;
92 0 294 111 294 158 292 204 290 265 328 169 259 164 336 218 334 285
252 210 245 238 306 267 296 403 302 338 275 264 257 345 247 291 1 1
;
93 0 294 111 294 158 292 204 291 265 328 169 259 164 336 218 334 285
252 210 246 238 306 267 296 403 302 338 276 263 258 344 247 288 1 1
;
94 0 295 111 295 159 293 205 292 265 328 170 260 165 337 219 335 287
253 210 247 240 307 267 296 403 302 339 276 264 254 349 248 289 1 1
;
95 0 295 112 295 159 293 205 292 266 329 170 260 165 337 219 336 287
254 211 246 245 307 267 296 403 302 340 276 264 254 356 249 297 1 1
;
96 0 295 113 295 160 294 205 292 266 329 171 260 166 338 220 336 287
254 211 244 259 307 268 296 404 303 341 276 264 255 366 250 310 1 1
;
97 0 295 113 295 160 294 205 292 266 329 171 261 166 338 220 336 286
254 211 241 267 307 268 296 404 303 341 276 264 253 376 253 319 1 1
;
98 0 295 112 295 159 293 205 291 266 329 170 260 165 338 219 336 285
254 211 241 268 306 267 296 404 303 340 275 264 252 394 256 328 1 1
;
99 0 295 112 295 159 293 205 290 265 329 170 260 165 337 219 336 284
253 211 241 269 305 267 296 404 304 340 275 264 253 397 258 333 1 1
;
100 0 295 112 294 158 292 204 289 265 327 170 259 165 337 218 336 283
252 210 238 271 304 267 296 403 305 340 274 264 254 401 258 339 1 1
;
101 0 294 111 293 158 291 204 289 265 327 170 258 164 337 218 337 283
250 210 237 272 304 267 296 403 305 340 274 264 253 404 258 340 1 1
;
102 0 292 110 291 158 289 204 287 266 326 169 255 164 336 217 337 283
247 211 233 273 302 267 296 404 305 340 272 265 255 405 259 340 1 1
;
103 0 290 110 289 158 287 204 285 266 324 169 253 164 335 216 336 282
245 211 232 273 301 267 296 404 305 340 270 265 257 406 259 341 0 1
;
104 0 286 110 285 157 284 204 282 266 319 168 250 164 332 215 335 282
242 211 229 274 297 267 296 404 304 340 268 266 258 406 259 341 0 1
;
105 0 284 109 283 157 282 204 281 266 318 168 248 164 330 215 333 281
241 211 227 274 296 267 296 404 303 340 266 266 258 406 258 341 0 1
;
106 0 279 109 279 157 280 204 280 267 314 168 244 165 326 215 329 281
237 212 225 273 295 267 296 403 302 340 265 266 258 406 257 341 0 1
;
107 0 277 109 278 157 278 204 279 267 312 167 242 165 325 215 327 281
236 212 223 273 294 267 296 403 302 340 264 266 258 406 257 341 0 1
;
108 0 273 109 275 157 276 204 278 267 309 167 239 165 321 215 324 282
233 213 221 274 292 267 296 403 301 340 263 267 258 406 256 341 0 4
;
109 0 271 110 274 157 275 204 277 267 307 167 238 165 319 215 321 282
231 213 221 274 292 267 296 403 300 340 262 267 258 406 256 341 0 0
;
110 0 268 110 271 157 273 204 276 267 304 167 235 166 317 215 319 282
229 213 219 275 290 267 296 403 299 341 261 267 258 406 255 341 1 0
;
111 0 267 110 270 157 272 204 275 267 303 167 234 166 315 215 318 281
228 214 218 276 289 267 295 402 299 340 260 267 258 406 255 341 1 0
;
112 0 264 110 268 157 270 204 273 267 301 167 231 166 313 215 315 280
226 214 217 276 288 267 295 402 298 341 258 267 258 406 254 341 1 0
;
113 0 263 110 267 157 269 204 272 267 300 167 230 167 313 215 315 280
226 214 216 277 287 267 295 402 297 341 257 267 258 406 253 341 1 1
;
114 0 261 110 265 157 268 204 271 267 298 167 229 167 311 215 314 279
224 215 215 277 286 267 295 402 296 341 256 267 258 405 253 341 1 1
;
115 0 260 110 265 157 267 204 270 267 297 167 228 167 311 215 314 279
224 215 215 277 285 267 295 402 296 341 256 267 258 405 252 341 1 1
;
116 0 259 110 264 157 266 204 270 267 296 166 227 167 310 214 314 279
223 215 214 277 285 267 295 402 296 341 255 267 258 405 252 341 1 1
;
117 0 258 110 263 157 266 204 270 267 296 166 227 167 310 214 314 279
222 215 214 277 285 267 295 402 296 341 255 267 258 405 251 341 1 1
;
118 0 258 110 263 157 265 204 269 267 296 166 226 167 309 214 314 279
222 215 214 278 284 267 295 402 295 341 254 267 258 405 251 341 1 1
;
119 0 257 110 262 157 265 204 269 267 295 166 226 167 309 214 314 279
222 215 214 278 284 267 295 402 295 341 254 267 258 404 251 340 1 1
;
120 0 257 110 262 157 265 204 269 267 295 166 226 167 309 214 314 279
222 215 214 278 284 267 295 402 295 341 254 267 258 404 251 340 1 1
;
121 0 257 110 262 157 265 204 269 267 295 166 226 167 309 214 315 279
222 215 215 278 284 267 295 402 295 341 254 267 258 404 251 340 1 1
;
122 0 257 110 262 157 265 204 269 267 295 166 226 167 309 214 315 279
222 215 215 278 284 267 295 402 295 341 254 267 258 404 251 340 1 0
;
123 0 257 110 262 157 265 204 269 267 295 166 226 167 309 214 315 279
222 215 215 278 284 267 295 402 295 341 254 267 258 405 251 340 0 0
;
124 0 256 111 262 158 265 205 269 267 294 166 225 168 309 214 317 278
222 216 216 279 284 267 295 402 295 341 254 268 259 405 251 341 0 0
;
125 0 256 111 261 158 264 205 268 268 294 167 224 168 309 214 317 279
222 216 217 280 283 267 295 402 295 344 254 268 259 406 251 342 0 0
;
126 0 254 113 259 160 263 206 268 268 292 168 223 170 308 215 320 279
221 218 218 281 283 267 298 405 295 343 253 270 259 407 251 345 0 0
;
127 0 253 113 258 161 262 207 267 269 291 169 222 171 308 215 321 279
221 219 219 282 282 268 298 404 297 341 252 270 260 407 251 345 4 0
;
128 0 253 114 258 161 262 207 267 269 290 170 222 172 307 216 322 277
220 219 220 282 282 267 296 394 299 334 252 271 260 408 251 344 0 4
;
129 0 252 114 257 161 261 207 266 268 290 169 222 172 306 214 322 272
220 220 219 281 281 266 294 383 301 327 251 270 260 407 251 343 0 0
;
130 0 252 113 257 160 261 206 266 267 290 168 222 170 306 213 322 272
220 218 219 280 281 265 294 377 302 318 251 269 260 407 251 341 0 1
;
131 0 253 112 257 159 261 205 265 266 290 167 222 169 305 212 324 270
219 217 219 278 280 264 294 371 302 305 250 268 260 406 252 340 0 1
;
132 0 253 112 257 159 260 204 265 265 290 167 222 168 305 212 324 270
218 216 219 278 280 263 294 370 301 303 250 267 259 406 252 339 0 1
;
133 0 253 112 257 159 260 204 265 265 290 167 222 168 305 212 324 270
218 216 219 278 280 263 293 369 300 300 249 267 259 406 252 339 0 1
;
134 0 254 112 257 159 260 204 264 265 291 167 222 168 305 212 324 271
218 216 218 280 280 263 292 369 299 298 249 267 259 406 252 341 0 0
;
135 0 255 113 257 159 260 205 264 266 291 168 222 169 305 213 323 272
218 217 217 281 280 264 292 370 298 299 249 268 260 406 252 342 0 0
;
136 0 255 113 257 160 260 205 264 266 291 168 222 169 305 213 322 272
218 217 216 281 280 264 291 371 297 301 249 268 260 406 252 343 0 0
;
137 0 255 113 257 160 260 205 264 266 291 168 222 169 304 214 321 272
218 217 216 280 280 264 292 373 297 306 249 268 260 406 252 343 0 4
;
138 0 255 113 257 160 260 205 264 266 291 168 222 169 304 214 320 272
218 217 217 280 280 264 292 375 298 313 249 268 260 406 252 343 0 1
;
139 0 256 112 258 159 260 205 264 265 291 168 222 168 304 214 319 272
218 217 216 279 280 263 295 388 296 324 249 268 260 406 252 342 0 1
;
140 0 256 112 258 159 261 205 265 266 291 168 222 168 304 214 319 274
218 217 216 280 280 263 296 391 296 327 249 268 260 406 252 342 4 1
;
141 0 256 112 258 159 261 205 265 266 291 168 222 168 305 214 320 274
218 217 215 280 280 264 298 396 295 334 249 268 260 406 251 341 0 1
;
142 0 256 112 258 159 261 205 265 266 292 168 222 168 305 214 321 274
218 217 215 280 281 264 298 399 294 337 249 268 260 406 250 341 0 1
;
143 0 256 111 259 158 261 205 265 266 293 167 222 168 306 213 323 275
218 217 215 280 281 264 299 402 293 344 250 268 260 406 250 342 0 1
;
144 0 256 111 259 158 262 205 265 266 293 167 222 168 307 213 323 276
218 217 215 280 281 265 298 405 293 346 250 268 260 406 250 342 0 1
;
145 0 257 111 260 158 263 205 266 267 294 167 223 168 309 213 324 277
219 216 215 279 282 266 297 405 293 351 251 268 260 406 250 342 0 1
;
146 0 258 110 261 158 263 205 267 267 295 167 224 168 310 214 325 278
219 216 215 279 282 266 296 406 292 350 251 268 260 406 250 342 0 0
;
147 0 260 110 263 158 265 205 268 268 297 167 226 167 312 214 326 279
220 216 216 279 283 267 294 406 293 350 253 269 260 406 250 342 4 0
;
148 0 261 110 264 157 266 205 269 268 297 167 227 167 313 214 327 279
221 216 217 279 284 267 294 405 293 345 253 269 260 406 250 342 4 0
;
149 0 263 109 266 157 268 205 270 268 300 167 229 166 315 215 328 280
223 215 219 278 285 268 293 406 294 347 255 269 259 406 251 342 0 0
;
150 0 265 109 267 157 269 205 270 268 301 167 230 166 315 215 328 280
224 215 220 277 286 268 293 405 294 344 255 268 259 406 252 342 0 0
;
151 0 267 109 269 157 270 205 271 268 303 167 232 166 317 215 329 280
226 215 222 277 287 268 293 405 294 343 256 268 259 405 252 341 0 0
;
152 0 268 109 270 157 271 205 272 268 303 167 233 166 318 215 330 280
227 214 223 277 287 268 293 405 295 343 257 268 259 405 253 341 4 0
;
153 0 270 109 271 157 272 204 272 268 305 167 235 166 319 215 330 281
229 214 225 277 288 268 293 405 295 342 257 268 259 405 253 341 0 0
;
154 0 271 109 272 157 272 205 273 268 306 167 235 166 320 215 330 281
230 214 226 277 288 268 293 405 295 342 258 268 259 405 254 341 0 0
;
155 0 272 109 273 157 273 205 274 268 307 167 237 165 321 215 330 282
231 214 227 276 289 268 293 405 295 342 259 268 259 405 254 341 0 0
;
156 0 273 109 274 157 274 205 274 268 308 167 238 165 321 216 331 282
232 214 228 276 289 268 293 405 296 342 259 268 259 405 254 341 0 0
;
157 0 275 109 275 157 275 205 275 268 309 167 239 165 322 216 331 282
233 214 229 276 290 268 293 404 296 342 260 268 260 405 255 341 0 0
;
158 0 275 109 275 157 275 205 275 268 310 168 240 165 322 216 332 282
234 214 229 276 290 268 293 404 296 342 260 268 260 405 255 341 0 1
;
159 0 277 109 277 157 276 205 276 268 311 168 241 165 323 216 333 283
234 213 229 276 291 268 293 404 296 342 260 267 260 406 255 341 0 1
;
160 0 278 109 277 157 277 205 276 268 312 168 241 165 324 216 333 283
235 213 229 275 291 268 293 404 297 342 261 267 260 406 255 341 0 1
;
161 0 280 109 279 157 278 205 277 268 313 168 243 165 326 216 335 283
235 213 229 275 292 268 293 404 297 343 262 267 260 406 256 341 0 1
;
162 0 281 109 280 158 279 205 277 268 314 168 244 165 326 217 335 283
236 213 229 275 293 268 293 404 298 344 262 268 260 406 256 341 0 1
;
163 0 284 110 282 158 281 205 279 268 318 169 246 165 329 218 337 284
237 213 229 275 295 269 293 405 298 347 264 268 260 406 257 343 4 1
;
164 0 286 110 284 159 283 206 281 269 319 170 248 165 330 218 337 285
238 213 229 275 296 269 293 405 299 347 265 268 260 406 258 344 0 1
;
165 0 290 112 288 160 286 207 283 269 323 171 252 166 333 220 338 287
242 213 229 275 299 271 293 406 300 347 268 268 256 406 257 343 0 1
;
166 0 291 113 290 161 287 208 284 270 325 173 254 167 335 222 339 290
244 214 229 275 299 271 293 407 301 348 269 269 256 406 255 341 0 1
;
167 0 294 114 293 162 289 208 285 270 326 174 257 168 337 222 340 291
247 214 231 274 301 272 293 407 301 348 270 269 256 395 251 334 0 1
;
168 0 295 114 294 161 290 208 286 270 327 174 258 167 338 222 340 291
248 213 233 271 301 272 293 407 301 347 271 268 256 387 248 328 0 1
;
169 0 297 112 296 159 292 205 287 267 329 171 260 165 339 221 339 288
251 211 236 260 302 270 293 406 300 343 272 265 255 366 246 308 0 1
;
170 0 298 111 297 158 293 204 288 266 330 170 261 164 340 220 339 287
252 210 238 251 303 269 293 405 300 341 273 263 255 360 246 297 0 1
;
171 0 299 110 298 158 294 204 289 265 331 170 262 163 340 220 338 287
253 209 235 256 304 268 293 405 300 340 273 263 255 349 245 280 0 1
;
172 0 299 110 298 158 295 204 290 265 331 170 263 163 341 220 339 288
254 209 235 256 305 268 293 405 300 339 274 263 255 347 245 276 0 1
;
173 0 300 111 299 158 296 204 291 266 332 170 263 164 341 220 339 289
254 209 234 256 307 268 293 404 300 339 276 263 256 344 246 274 0 1
;
174 0 300 111 300 158 296 204 292 266 332 171 264 164 341 221 339 289
255 210 234 256 308 268 293 404 300 339 277 263 256 344 246 274 0 1
;
175 0 301 112 300 159 296 205 292 266 331 172 264 165 341 222 339 290
255 210 236 256 308 268 293 404 300 339 277 263 255 348 246 276 0 1
;
176 0 301 112 300 159 296 205 292 266 331 172 265 165 342 222 339 290
255 210 244 244 308 268 293 404 300 339 277 263 254 354 246 280 0 1
;
177 0 301 112 301 159 297 204 292 266 331 172 265 165 342 222 339 289
256 210 242 254 308 268 293 404 301 338 277 263 252 364 248 298 0 1
;
178 0 302 112 301 159 297 204 292 266 331 172 265 165 342 222 340 288
256 210 240 258 307 268 293 404 301 339 277 263 251 372 249 308 0 1
;
179 0 302 111 301 159 297 204 292 266 331 172 265 164 343 221 341 288
256 210 240 266 307 268 294 404 302 340 277 263 249 384 253 322 0 1
;
180 0 302 111 301 158 297 204 292 266 331 172 265 164 343 221 341 288
256 210 239 267 307 269 294 404 302 340 277 263 249 391 255 325 0 1
;
181 0 302 111 301 158 297 204 291 266 332 171 265 164 342 221 343 287
256 210 239 269 307 268 294 405 303 340 276 263 250 399 258 336 0 1
;
182 0 302 111 301 158 296 204 291 266 332 171 265 164 342 221 343 287
256 210 239 269 306 269 294 405 303 340 276 264 250 399 259 339 0 1
;
183 0 302 111 300 158 296 204 291 266 331 172 263 164 342 221 343 286
254 210 238 270 306 269 294 404 304 340 275 264 252 404 259 343 0 1
;
184 0 301 111 299 158 295 204 290 267 331 172 262 164 341 221 344 285
253 210 237 271 305 268 294 404 304 340 274 265 254 406 260 342 0 1
;
185 0 300 111 297 158 294 204 289 267 330 171 261 164 340 220 344 285
251 210 236 271 304 268 294 404 304 340 274 265 255 406 261 341 4 1
;
186 0 299 111 296 158 293 204 288 267 330 170 259 164 340 219 343 284
250 210 235 272 304 268 294 404 304 340 273 265 256 405 261 340 4 1
;
187 0 296 110 293 158 290 204 287 267 328 170 257 164 338 219 342 284
248 211 234 273 302 268 294 404 304 340 271 266 258 405 261 339 0 1
;
188 0 292 110 290 157 288 204 285 267 325 169 254 164 336 218 341 283
246 211 232 273 300 268 293 404 304 340 270 266 258 405 260 338 4 1
;
189 0 291 110 288 157 286 204 284 267 323 169 253 164 335 217 339 282
244 212 231 273 299 268 294 404 304 340 269 266 258 405 260 338 4 1
;
190 0 287 109 286 157 284 204 283 267 321 168 250 164 332 217 337 282
242 212 230 273 298 268 294 404 303 339 268 266 258 405 260 338 0 0
;
191 0 286 109 284 157 284 204 282 267 319 168 249 164 331 216 336 282
241 212 229 274 298 268 294 404 303 339 267 266 258 405 260 338 0 0
;
192 0 283 109 282 157 282 204 281 267 317 168 247 165 329 216 334 281
239 213 228 274 297 268 294 404 303 339 266 267 258 405 259 338 0 4
;
193 0 282 109 281 157 281 204 281 267 316 168 246 165 328 216 333 281
238 213 228 274 296 268 294 404 302 339 266 267 258 405 259 338 0 4
;
194 0 279 109 279 157 280 204 280 267 314 168 243 165 326 216 332 281
237 213 227 276 295 268 294 404 302 340 265 267 258 405 258 338 0 0
;
195 0 278 109 278 157 279 204 279 267 313 167 243 165 325 216 331 281
236 214 226 277 295 268 294 404 301 340 264 267 258 405 258 338 0 0
;
196 0 276 109 277 157 278 205 278 268 312 167 241 166 324 215 331 280
234 214 226 278 294 268 294 404 300 340 263 267 258 405 257 339 0 1
;
197 0 275 109 276 157 277 205 278 268 311 167 240 166 324 215 330 280
234 214 226 278 293 268 294 404 300 340 263 268 258 405 257 339 0 1
;
198 0 274 109 275 157 276 205 277 268 309 167 239 166 322 215 330 280
233 215 225 278 292 268 294 404 300 340 262 268 258 405 256 339 0 1
;
199 0 273 109 274 157 275 205 276 268 309 167 238 166 322 215 329 280
232 215 224 278 292 268 294 404 299 340 261 268 258 405 256 339 0 1
;
200 0 271 109 273 157 274 205 276 268 307 167 237 166 321 215 329 280
231 215 223 279 291 268 294 404 299 340 261 268 258 405 255 339 0 1
;
201 0 271 109 273 157 274 205 275 268 307 167 236 166 320 215 328 280
231 215 222 279 290 268 294 404 298 340 260 268 258 405 255 340 0 1
;
202 0 269 109 271 157 273 205 274 268 305 167 234 166 319 214 328 280
229 215 221 279 289 268 293 404 297 344 259 268 258 405 254 340 0 1
;
203 0 267 109 270 157 272 205 274 268 304 167 233 167 319 215 328 280
228 216 221 280 289 268 293 404 296 347 258 269 258 405 254 340 0 1
;
204 0 264 111 267 159 269 206 272 269 301 168 230 168 317 215 329 279
226 217 220 281 288 268 294 408 296 349 257 269 258 405 253 341 4 1
;
205 0 263 112 266 160 268 206 271 269 300 169 229 170 316 216 329 280
225 219 220 282 287 268 297 407 298 345 256 270 258 406 252 342 0 1
;
206 0 260 114 263 161 266 208 270 270 297 171 227 172 314 217 330 279
223 220 221 283 285 269 298 405 303 337 255 271 258 406 252 344 0 1
;
207 0 259 114 263 161 266 208 270 270 297 171 226 172 313 217 329 277
223 220 221 283 285 269 297 398 306 332 254 271 258 406 252 344 0 1
;
208 0 258 113 261 160 265 207 269 269 295 169 225 171 312 215 328 274
222 220 221 281 284 267 300 386 309 320 254 271 258 407 252 342 0 1
;
209 0 257 113 261 160 264 206 269 269 295 169 225 171 311 215 329 273
222 220 221 281 284 267 300 375 310 310 253 270 258 407 253 341 0 1
;
210 0 257 112 261 159 264 205 267 267 294 168 225 170 310 214 332 273
222 219 221 281 283 266 302 369 311 299 252 269 258 407 253 340 0 1
;
211 0 257 112 261 159 264 205 267 267 294 168 224 170 310 214 333 277
222 219 221 281 283 266 302 366 311 296 252 269 258 407 254 340 0 1
;
212 0 257 112 261 159 263 205 267 267 294 168 224 170 310 214 331 266
222 219 220 282 283 266 303 364 310 293 252 268 258 407 254 340 0 1
;
213 0 257 112 261 159 264 205 267 267 294 168 225 170 310 214 332 271
222 219 220 282 283 266 303 364 310 293 252 269 259 407 254 340 0 1
;
214 0 258 113 261 159 264 205 268 267 295 168 225 170 310 214 331 269
222 219 220 283 284 266 303 366 310 295 252 269 259 407 254 341 0 1
;
215 0 258 113 261 159 264 205 268 267 295 168 225 170 310 214 331 271
222 219 220 283 284 266 303 371 310 302 252 269 259 407 254 341 0 1
;
216 0 259 112 262 159 265 205 268 267 296 168 226 170 311 214 331 272
222 219 221 282 284 265 302 374 310 311 252 269 259 407 254 341 0 1
;
217 0 260 112 262 159 265 205 269 267 296 168 226 169 312 214 332 273
222 219 221 282 285 265 303 382 310 317 253 269 259 407 254 341 0 1
;
218 0 262 111 264 158 266 205 270 267 298 168 228 169 313 214 334 274
223 218 222 282 286 265 303 394 309 325 254 269 259 407 254 341 0 1
;
219 0 263 111 265 158 268 204 271 267 299 168 228 169 314 214 335 275
224 218 222 281 286 265 303 397 307 332 255 269 259 407 254 341 0 1
;
220 0 266 110 268 158 270 204 273 267 302 168 231 168 317 214 337 277
225 217 223 281 288 266 304 404 305 338 257 269 259 407 254 341 0 1
;
221 0 268 110 269 158 271 204 273 268 303 168 232 167 318 214 338 278
226 217 224 281 289 266 307 407 304 344 258 269 259 407 254 341 4 1
;
222 0 272 109 273 158 274 205 276 269 307 168 236 167 322 215 341 280
229 216 225 281 292 268 304 410 304 350 261 270 259 407 254 343 4 1
;
223 0 274 109 275 158 276 205 278 269 309 168 238 167 325 215 342 281
230 216 226 281 294 269 303 410 303 350 262 270 259 407 255 343 4 1
;
224 0 279 108 279 157 280 205 281 270 314 167 242 166 328 215 344 282
234 215 228 280 296 269 301 408 303 349 265 270 259 407 257 344 4 0
;
225 0 281 108 281 157 281 205 282 270 316 167 244 165 330 216 346 282
236 215 230 279 298 269 301 408 304 349 266 270 259 407 258 344 0 0
;
226 0 285 107 284 156 284 205 284 269 319 167 247 165 332 216 348 283
238 215 234 278 300 269 300 406 306 344 268 270 259 407 260 344 0 0
;
227 0 286 107 285 156 285 205 285 269 320 167 248 165 334 216 349 283
240 214 235 278 300 269 300 406 306 343 269 270 259 407 260 344 0 4
;
228 0 289 107 287 156 286 205 285 270 323 167 250 164 335 216 349 284
242 214 237 278 301 269 301 405 307 342 270 270 259 407 261 344 4 4
;
229 0 290 107 288 156 287 205 286 270 324 167 251 164 336 217 349 285
243 214 237 277 302 269 301 405 307 342 270 270 259 407 261 343 4 4
;
230 0 291 107 289 156 288 205 286 270 325 167 252 164 337 217 349 285
244 214 238 277 302 270 301 405 308 341 271 270 259 406 261 343 0 4
;
231 0 292 107 290 156 288 205 287 270 326 167 252 164 337 217 349 285
244 214 238 277 302 270 301 405 308 341 271 270 259 406 261 343 0 0
;
232 0 293 107 291 156 289 205 287 270 327 168 253 164 337 218 348 286
245 214 237 277 303 270 301 405 308 341 271 270 259 406 262 342 4 0
;
233 0 293 107 291 156 289 205 287 270 327 168 254 164 338 218 347 287
245 214 237 277 303 270 301 405 308 341 271 270 259 406 262 342 4 0
;
234 0 294 107 292 156 290 205 287 270 328 168 254 164 338 218 347 287
246 214 236 277 303 270 301 404 308 341 272 270 259 406 262 341 4 0
;
235 0 294 107 292 157 290 205 287 270 328 168 255 164 338 218 347 288
246 214 236 277 303 270 301 404 308 341 272 270 259 406 262 341 4 4
;
236 0 295 107 293 157 290 205 287 270 329 168 255 164 339 219 346 288
247 213 235 276 303 270 301 404 308 341 272 270 259 406 262 341 0 0
;
237 0 295 107 294 157 291 205 287 270 330 169 256 164 339 219 346 289
247 213 235 276 303 270 301 404 308 341 272 270 259 406 262 340 4 0
;
238 0 295 107 294 157 291 205 287 270 330 168 256 163 340 219 346 289
248 213 235 276 303 270 301 404 308 341 272 269 259 405 262 340 4 0
;
239 0 296 107 294 157 291 205 288 270 330 168 256 163 340 219 346 289
248 213 235 275 303 270 301 404 308 342 272 269 259 405 262 340 4 0
;
240 0 297 107 296 157 292 205 288 270 331 168 258 163 341 220 346 290
249 212 235 274 304 270 300 405 307 346 272 269 258 406 262 340 0 0
;
241 0 298 107 297 157 293 205 288 270 332 169 259 163 341 220 345 291
250 212 235 273 304 270 300 405 307 346 273 269 258 405 262 341 0 0
;
242 0 300 107 300 158 295 206 289 270 333 169 262 163 343 220 344 292
253 211 235 272 305 271 299 407 307 348 274 269 257 406 260 342 4 1
;
243 0 304 109 303 159 298 207 291 270 338 172 266 164 345 224 342 296
256 211 236 271 306 272 299 407 307 348 276 269 254 406 256 339 0 1
;
244 0 305 110 304 160 299 208 292 271 339 173 268 164 346 225 341 297
258 212 237 271 307 272 299 407 307 348 277 269 254 404 252 338 0 1
;
245 0 306 110 305 160 300 208 292 271 339 173 269 164 347 225 341 298
259 211 238 270 307 273 300 407 307 347 278 269 253 401 248 333 0 1
;
246 0 307 110 307 160 302 208 295 270 339 173 271 164 348 225 339 297
262 210 244 261 309 273 300 407 307 344 280 268 250 389 239 321 0 1
;
247 0 308 110 308 159 302 207 296 270 339 173 272 163 348 224 337 297
264 210 247 255 310 273 300 406 307 343 281 267 249 379 249 326 0 1
;
248 0 309 108 309 158 304 206 298 268 340 171 273 163 348 222 335 294
265 209 253 241 313 271 300 406 307 340 284 265 248 362 234 297 0 1
;
249 0 309 108 310 157 305 205 299 267 341 170 274 162 348 221 334 293
266 208 248 252 314 270 300 406 307 339 285 264 247 349 235 282 0 1
;
250 0 309 108 310 157 305 205 300 267 341 170 275 162 348 220 334 293
266 208 249 252 315 270 300 406 307 338 285 264 248 346 235 277 0 1
;
251 0 309 108 310 157 306 204 300 267 341 170 275 162 348 220 334 296
267 208 249 252 315 270 300 406 307 338 286 264 248 344 236 273 0 1
;
252 0 309 108 310 157 306 204 301 267 341 170 275 162 348 221 334 297
267 208 249 252 316 270 300 406 307 338 286 264 249 344 236 273 0 1
;
253 0 309 108 310 157 306 204 301 267 341 170 275 162 348 221 335 297
267 208 253 238 316 270 300 406 307 338 287 264 249 351 236 281 0 1
;
254 0 309 108 310 157 306 204 301 267 341 170 275 162 348 221 335 297
267 208 253 240 316 270 300 406 307 338 287 264 248 359 237 288 0 1
;
255 0 309 108 310 157 306 204 301 267 341 170 275 162 348 221 336 297
267 208 253 243 316 270 300 406 307 338 286 264 240 386 251 318 0 1
;
256 0 309 108 310 157 306 204 299 267 340 170 275 162 348 221 338 294
266 208 246 257 314 270 300 406 307 339 284 264 245 385 242 314 0 1
;
257 0 309 108 310 157 305 205 297 268 339 170 274 162 348 222 340 295
264 209 243 265 312 271 300 406 308 340 282 265 243 395 249 331 0 1
;
258 0 309 108 309 157 304 205 296 268 338 170 273 162 348 222 341 295
263 209 242 268 312 271 300 406 308 340 281 266 243 399 252 337 0 1
;
259 0 309 108 308 157 302 205 295 269 338 170 270 163 348 223 344 294
261 209 240 270 310 271 300 406 308 343 279 267 244 406 256 342 4 1
;
260 0 308 108 307 157 301 205 294 269 337 170 269 162 347 223 345 294
259 209 239 271 309 272 300 406 308 344 278 267 244 406 257 343 4 1
;
261 0 305 108 303 157 299 206 292 270 337 170 265 163 346 222 347 293
256 210 237 273 307 272 300 406 308 345 277 268 246 406 257 344 4 1
;
262 0 303 108 301 157 297 206 291 270 336 170 263 163 345 222 348 292
254 211 235 274 307 272 300 406 309 346 276 269 248 405 258 343 4 1
;
263 0 298 108 296 158 293 206 289 271 334 170 259 164 343 222 348 291
250 212 233 276 304 272 300 406 309 346 274 269 249 403 258 341 0 1
;
264 0 296 108 294 157 291 206 288 271 330 169 257 164 341 220 348 290
248 213 232 277 303 272 300 406 308 346 272 270 249 403 258 341 0 1
;
265 0 291 108 290 157 288 206 286 271 326 168 253 164 338 219 345 288
244 213 230 278 301 271 300 406 308 345 270 270 249 404 257 341 4 1
;
266 0 288 108 288 157 287 206 285 271 324 168 251 165 336 219 343 287
242 214 229 277 300 271 300 406 307 345 270 270 250 404 256 341 4 1
;
267 0 284 108 285 157 284 205 283 270 320 168 248 165 333 218 339 285
239 214 227 278 299 271 300 405 306 343 268 270 249 404 255 341 0 0
;
268 0 282 108 283 157 283 205 283 270 319 168 246 165 331 217 338 285
238 215 227 278 298 271 300 405 306 343 267 270 249 404 255 341 0 0
;
269 0 279 108 281 157 281 205 281 270 316 167 243 165 328 217 334 284
236 215 226 279 297 270 300 405 305 342 266 270 249 404 254 340 4 4
;
270 0 278 108 279 157 280 205 280 270 315 167 242 165 326 217 333 284
235 215 226 279 296 270 300 405 305 342 265 270 249 404 254 340 0 4
;
271 0 275 108 277 157 278 205 279 270 312 167 240 166 323 217 330 283
233 216 225 280 295 270 300 405 304 342 264 270 249 404 253 340 1 0
;
272 0 274 108 276 157 277 205 278 270 311 167 239 166 322 217 329 283
232 216 225 280 294 270 300 405 303 342 263 270 249 405 252 340 1 0
;
273 0 273 108 275 157 276 205 277 270 310 167 237 166 321 216 328 282
231 216 223 281 292 270 300 404 302 342 262 270 249 405 251 339 1 0
;
274 0 272 108 274 157 275 205 277 270 309 167 236 166 320 216 327 282
230 216 223 281 292 270 300 404 302 342 261 270 249 405 251 339 1 0
;
275 0 270 108 273 157 274 205 275 270 307 167 235 166 319 216 326 283
228 216 221 281 291 270 300 404 301 342 260 270 249 405 250 339 1 4
;
276 0 270 108 272 157 273 205 275 270 308 167 234 166 319 216 326 283
228 216 221 281 290 270 300 404 301 342 259 270 249 405 250 339 1 0
;
277 0 268 108 271 157 272 205 274 270 306 167 233 166 318 216 325 283
227 216 219 281 289 270 300 404 300 342 258 270 249 405 249 339 1 0
;
278 0 268 108 271 157 272 205 273 270 305 167 232 166 317 216 324 282
226 216 218 281 289 270 300 404 300 342 258 270 249 405 249 339 1 0
;
279 0 266 108 269 157 270 205 272 270 305 167 231 166 316 216 323 282
225 216 217 281 287 270 300 404 299 343 256 270 249 406 248 340 1 4
;
280 0 265 108 268 157 269 206 271 270 302 167 230 166 315 216 322 282
224 216 217 281 287 270 300 404 298 344 256 270 249 406 248 343 1 4
;
281 0 261 109 264 158 266 206 269 271 298 168 226 168 312 217 322 283
222 217 216 282 285 270 300 406 296 350 254 271 249 407 247 348 0 4
;
282 0 259 110 262 159 265 207 268 271 296 168 225 168 310 217 322 283
221 218 216 282 284 270 300 407 296 351 253 271 249 408 247 349 0 4
;
283 0 254 110 258 159 262 207 267 271 293 169 221 169 307 217 322 281
218 219 217 283 282 270 303 408 298 346 251 272 249 408 246 347 0 0
;
284 0 253 110 257 159 261 206 266 270 291 168 219 169 306 217 321 280
217 219 217 282 281 269 302 407 300 342 250 271 248 408 245 346 0 0
;
285 0 250 110 254 158 259 206 264 269 288 167 217 169 303 215 321 275
214 218 216 282 279 268 301 401 307 333 249 271 248 406 245 341 0 0
;
286 0 249 109 253 158 258 205 264 269 287 167 217 168 303 214 321 272
213 218 216 282 279 267 301 394 311 327 249 271 247 406 246 340 0 0
;
287 0 248 109 252 157 257 205 263 268 286 166 215 168 302 213 324 270
212 218 215 282 278 266 302 380 315 312 248 270 248 406 246 338 0 0
;
288 0 247 109 252 157 257 205 263 268 285 166 215 168 302 213 325 268
211 218 215 282 278 265 302 377 315 307 248 270 248 406 246 338 0 4
;
289 0 247 109 251 157 255 204 260 267 285 166 215 168 301 212 327 264
210 219 214 283 275 264 300 369 315 297 244 269 248 407 245 337 0 0
;
290 0 247 109 251 157 254 204 259 267 285 166 215 168 301 212 322 254
210 219 213 283 275 264 300 368 315 292 242 269 248 407 245 337 0 0
;
291 0 247 109 251 158 254 205 257 267 284 166 214 169 300 213 314 244
209 219 213 284 273 265 300 366 314 290 241 270 249 408 245 338 0 0
;
292 0 247 109 250 158 253 205 256 267 284 167 214 169 299 213 313 245
209 220 213 284 271 265 299 366 314 290 240 270 249 408 245 338 0 4
;
293 0 247 110 250 158 253 205 256 268 284 167 214 169 298 213 310 247
209 220 213 285 271 265 298 370 313 294 240 270 249 408 245 339 0 1
;
294 0 247 110 250 159 253 205 256 268 284 167 214 169 297 213 310 249
209 220 214 285 271 265 298 373 312 298 240 270 250 409 245 339 0 1
;
295 0 247 110 250 159 253 205 257 268 284 167 214 169 296 214 316 270
209 220 214 284 273 265 300 384 309 311 242 270 250 409 245 339 0 1
;
296 0 247 110 250 159 253 205 258 268 284 167 214 169 296 214 314 270
209 220 214 284 273 265 301 389 306 319 242 270 249 408 245 339 0 1
;
297 0 248 110 251 158 254 205 259 268 285 167 214 169 296 214 315 274
209 219 213 283 275 265 303 396 301 331 244 270 249 408 245 339 0 1
;
298 0 248 110 251 158 255 205 260 268 285 167 214 168 297 214 316 275
210 219 213 283 275 265 303 399 299 334 244 270 249 408 245 340 0 1
;
299 0 249 109 252 158 256 205 260 268 287 167 215 168 299 214 320 276
210 219 212 283 276 266 303 404 297 343 245 270 248 407 243 340 0 1
;
300 0 250 109 253 158 256 205 261 268 288 167 215 168 301 214 322 277
211 218 212 283 277 266 303 406 295 346 245 270 248 406 243 341 0 0
;
301 0 252 108 256 157 258 205 262 269 290 167 217 167 304 214 325 279
212 218 211 282 278 268 302 408 294 349 246 270 247 406 243 344 0 4
;
302 0 254 108 257 157 260 205 263 269 290 167 219 167 305 214 326 280
213 217 212 282 279 268 302 408 294 350 247 271 248 406 243 344 4 4
;
303 0 258 107 260 157 262 205 265 270 296 167 222 166 310 216 329 282
215 217 212 282 281 269 300 409 294 351 249 271 248 406 243 345 0 1
;
304 0 260 107 262 157 264 205 267 270 297 167 223 166 312 216 330 283
216 216 213 282 282 270 299 408 294 351 251 271 248 406 244 345 0 0
;
305 0 264 107 266 156 267 205 269 270 301 167 227 165 315 217 331 285
220 216 215 281 285 270 299 408 295 350 253 271 248 406 246 344 0 0
;
306 0 269 106 269 156 270 205 271 270 304 167 231 164 317 217 333 286
223 215 218 279 287 270 299 407 296 344 255 271 248 406 247 343 4 0
;
307 0 271 106 270 156 271 205 271 271 306 167 232 164 319 218 333 287
224 215 220 279 287 270 299 407 297 344 256 271 249 406 248 343 4 0
;
308 0 272 106 272 156 272 205 272 271 307 167 234 164 320 218 334 287
226 214 222 279 288 271 299 407 297 345 256 271 249 406 249 343 4 0
;
309 0 275 105 275 156 274 205 273 271 310 167 236 164 322 218 335 288
229 214 225 279 289 271 299 407 298 344 257 271 249 406 250 342 4 0
;
310 0 278 105 277 156 276 205 274 271 313 168 238 163 325 219 336 289
232 214 227 279 290 271 299 406 299 344 258 271 249 406 250 341 4 0
;
311 0 279 105 278 156 276 205 275 271 314 168 239 163 326 219 336 289
233 214 228 279 291 271 299 406 300 345 259 271 249 406 250 341 4 0
;
312 0 281 105 280 156 278 205 276 271 316 168 242 163 327 220 337 290
235 214 230 278 292 272 299 406 300 345 260 271 249 406 251 341 4 0
;
313 0 282 105 281 156 279 206 276 271 317 168 242 163 328 220 337 291
236 214 230 278 293 272 299 406 301 344 260 271 249 406 251 341 4 0
;
314 0 284 105 282 156 280 206 278 272 319 168 244 163 329 220 338 291
237 214 230 279 294 272 299 406 302 344 262 271 250 406 252 341 4 0
;
315 0 284 105 283 156 281 206 278 272 319 169 245 163 329 220 338 292
237 214 230 279 295 272 299 406 302 344 262 271 250 406 252 341 0 0
;
316 0 286 105 284 156 282 206 280 272 321 169 246 163 331 221 339 292
239 214 230 279 296 272 299 406 303 346 264 271 250 406 253 342 4 0
;
317 0 286 105 285 156 283 206 280 272 322 169 247 163 331 221 339 292
239 214 231 279 297 273 299 406 303 347 265 271 250 406 253 342 4 1
;
318 0 288 105 287 156 285 206 282 272 323 169 248 163 332 221 340 292
240 213 231 279 298 273 299 407 304 349 266 271 250 406 254 342 4 1
;
319 0 289 105 288 157 286 206 283 272 324 169 249 163 333 221 341 293
240 213 231 279 299 273 298 408 304 351 267 272 250 406 255 343 4 1
;
320 0 293 106 291 157 289 207 285 273 328 170 253 163 335 223 341 294
242 213 231 278 302 274 298 409 304 352 269 272 250 407 256 349 4 1
;
321 0 295 106 294 158 291 208 287 273 331 170 255 163 337 223 341 295
244 213 231 277 303 274 298 409 305 352 271 272 249 407 257 350 4 1
;
322 0 300 107 298 159 295 208 290 273 335 172 260 163 339 225 341 295
248 212 232 276 306 275 298 409 306 352 274 272 247 409 258 348 4 1
;
323 0 302 108 300 159 296 209 291 273 337 172 262 163 341 226 342 297
250 212 233 275 307 275 298 409 306 352 275 272 247 408 257 344 4 1
;
324 0 306 109 303 160 299 209 293 274 339 174 265 164 343 226 342 298
254 212 236 273 309 276 299 408 308 351 277 272 249 404 254 341 4 1
;
325 0 308 109 305 160 300 209 293 273 340 174 267 164 343 226 342 299
255 212 238 272 309 276 299 408 308 350 278 271 250 402 253 339 4 1
;
326 0 310 109 307 160 301 208 295 273 341 174 269 164 344 226 341 298
258 211 241 266 311 275 299 408 307 347 279 270 249 393 245 324 0 1
;
327 0 311 109 307 159 302 208 295 272 342 174 270 163 345 226 341 298
259 211 243 259 311 275 299 408 307 346 280 269 250 386 243 318 0 1
;
328 0 312 108 309 159 304 207 298 271 343 174 271 163 345 226 340 298
260 210 249 244 314 273 299 408 307 343 282 268 251 369 240 296 0 1
;
329 0 313 108 309 158 305 206 300 270 343 174 272 163 346 225 340 298
261 210 244 255 316 273 299 408 307 342 284 267 251 363 240 289 0 1
;
330 0 313 108 310 158 306 206 301 269 343 173 273 163 347 225 339 298
262 210 273 259 318 272 299 407 307 341 286 266 252 353 241 273 0 0
;
331 0 313 108 310 158 306 206 302 269 341 172 273 162 347 225 339 298
263 209 275 254 318 272 299 407 307 340 286 266 252 351 241 272 0 0
;
332 0 313 108 310 158 307 205 302 269 340 172 274 162 347 225 339 298
263 209 275 254 319 272 299 407 307 340 287 266 252 350 242 270 0 0
;
333 0 313 108 311 158 307 205 303 269 339 172 274 162 347 225 340 298
264 209 274 257 319 272 299 407 307 340 287 266 252 352 241 272 0 0
;
334 0 312 108 311 157 307 205 303 269 339 172 274 162 347 225 339 298
264 209 272 259 319 272 299 407 307 340 287 266 250 360 240 282 0 0
;
335 0 312 108 311 157 307 205 302 269 339 172 274 162 347 224 339 299
264 209 270 258 318 272 299 407 307 340 287 266 251 364 240 288 0 0
;
336 0 312 108 310 157 306 205 300 269 339 171 273 162 347 224 339 298
264 210 250 247 316 272 300 407 307 341 285 267 249 377 241 303 0 1
;
337 0 312 108 310 157 306 205 299 270 339 171 273 162 347 224 339 298
264 210 245 260 315 273 300 407 307 341 284 267 248 385 244 313 0 1
;
338 0 311 107 309 157 304 205 297 270 338 171 272 162 347 224 340 297
263 210 245 265 313 273 300 407 307 342 282 267 245 396 251 331 0 1
;
339 0 310 107 309 157 304 205 297 270 338 171 272 162 347 224 340 297
263 210 244 269 313 273 300 407 307 342 281 267 245 398 253 337 0 1
;
340 0 309 107 307 157 302 206 295 271 338 171 270 163 346 224 341 297
261 210 243 272 311 274 300 407 307 344 279 268 244 405 257 348 0 1
;
341 0 308 107 306 157 301 206 294 271 337 171 268 163 346 224 342 297
260 210 242 270 310 274 300 407 308 347 279 268 245 407 258 347 0 1
;
342 0 305 107 303 157 299 206 293 271 336 171 265 163 345 225 344 296
257 211 240 274 309 274 299 408 308 349 277 269 246 409 258 350 0 1
;
343 0 304 107 302 157 298 206 292 271 336 171 263 163 343 224 345 296
255 211 239 275 308 274 299 408 308 349 277 269 246 408 257 349 0 1
;
344 0 300 107 297 157 294 206 290 272 334 170 259 163 342 223 346 294
252 212 236 276 306 273 299 408 308 350 274 270 248 406 257 346 0 1
;
345 0 298 107 295 157 292 206 288 272 332 170 257 163 340 223 346 293
249 212 234 277 304 273 299 408 308 349 273 271 248 405 256 345 0 1
;
346 0 293 107 291 157 289 207 286 272 327 169 253 164 338 222 346 292
245 213 230 279 302 273 299 407 308 349 270 272 248 406 256 344 4 1
;
347 0 290 107 289 157 287 207 285 272 325 169 251 164 336 221 345 292
243 214 228 280 300 273 299 407 307 348 269 272 248 406 255 343 4 1
;
348 0 286 106 285 157 283 206 282 272 321 168 247 164 334 220 343 290
239 214 224 279 298 273 300 407 306 347 266 272 248 406 254 342 4 1
;
349 0 283 106 283 157 282 206 281 272 319 168 245 164 332 219 342 290
237 214 222 279 297 272 300 407 306 347 265 272 248 406 254 342 4 4
;
350 0 279 106 280 156 279 206 279 272 316 167 242 164 329 218 339 288
233 214 218 278 295 272 300 407 304 347 263 272 248 406 253 342 4 0
;
351 0 277 106 278 156 278 206 278 272 314 167 240 164 327 218 338 288
231 214 216 278 294 272 299 407 304 346 263 272 248 406 252 342 4 0
;
352 0 275 106 276 156 276 206 277 272 311 167 238 164 325 218 336 287
229 214 212 278 292 272 299 407 303 346 261 272 248 406 251 342 4 4
;
353 0 273 106 275 156 275 206 276 272 310 167 236 164 324 218 336 287
228 214 210 278 292 272 299 407 302 345 260 272 247 406 251 341 4 4
;
354 0 271 106 273 156 273 206 274 272 308 167 234 164 322 218 335 287
225 214 207 278 290 272 299 406 301 345 258 272 247 405 249 341 4 4
;
355 0 270 106 272 156 273 206 273 272 307 167 234 164 321 217 335 288
224 214 205 278 289 272 299 406 300 344 258 272 247 405 249 341 4 4
;
356 0 268 106 271 156 271 206 272 272 306 167 232 164 320 217 335 287
223 214 203 278 288 272 299 406 299 344 256 272 247 405 248 341 0 4
;
357 0 267 106 270 156 270 206 271 272 305 167 231 164 320 217 335 287
222 214 202 278 287 272 299 406 299 343 255 272 247 405 248 341 0 1
;
358 0 265 106 268 156 269 206 270 272 303 167 229 164 318 217 334 287
220 214 200 277 286 272 299 406 298 345 254 272 247 405 247 341 4 1
;
359 0 262 106 265 156 266 206 268 272 300 167 227 164 316 216 334 286
217 214 197 277 284 272 299 407 296 349 252 272 247 405 246 341 4 1
;
360 0 260 106 263 157 265 206 267 272 298 167 225 165 315 216 334 285
216 214 196 276 283 272 299 408 295 349 251 272 247 405 245 342 4 1
;
361 0 256 107 259 157 262 206 265 272 294 167 221 166 311 216 333 283
213 215 193 276 280 271 302 407 295 346 249 272 247 405 244 341 4 1
;
362 0 254 108 257 158 260 207 264 271 292 167 219 166 310 216 333 281
211 215 192 275 279 271 303 407 297 345 248 272 247 405 243 340 4 1
;
363 0 252 109 256 158 259 207 263 271 291 168 218 167 309 216 333 279
210 216 187 281 279 270 302 406 301 341 248 272 246 404 242 340 4 1
;
364 0 250 109 254 159 258 207 262 271 288 168 216 167 307 215 332 276
208 216 186 280 278 269 296 401 309 334 247 272 246 403 242 338 4 1
;
365 0 249 109 253 158 257 207 262 271 288 167 215 167 306 215 331 274
207 216 186 280 277 269 296 394 312 329 247 272 246 403 242 338 4 1
;
366 0 249 109 252 158 256 206 262 270 287 167 215 166 305 214 330 272
206 215 186 279 277 268 298 379 318 312 246 271 246 404 242 335 0 1
;
367 0 249 109 252 158 256 206 261 268 286 167 214 166 303 213 324 256
205 214 185 279 277 266 299 367 320 298 245 270 247 405 242 334 0 1
;
368 0 249 108 252 158 256 205 260 268 286 167 214 166 303 213 319 246
205 214 186 278 276 265 300 360 321 291 244 270 247 406 242 333 0 1
;
369 0 249 108 252 158 256 205 260 267 286 167 214 165 303 213 321 247
205 214 185 278 277 265 299 358 321 286 244 269 247 406 242 333 0 1
;
370 0 250 108 252 158 256 205 260 267 287 167 215 165 303 213 321 247
205 214 185 279 277 264 300 355 321 284 244 269 247 406 243 332 0 4
;
371 0 252 108 253 158 256 205 260 267 288 167 216 165 303 213 333 267
205 213 186 278 277 264 301 359 321 289 244 269 247 407 243 332 0 0
;
372 0 253 108 254 158 257 205 261 267 289 167 218 165 303 213 330 265
205 213 186 279 277 265 302 365 320 296 244 269 247 407 243 332 0 0
;
373 0 255 108 255 157 258 205 262 267 290 167 219 164 304 213 335 274
206 213 187 280 278 266 307 384 317 313 245 269 247 406 243 333 0 0
;
374 0 256 108 257 157 259 205 262 268 291 167 219 164 306 213 336 274
207 213 188 280 278 266 307 391 314 321 246 269 247 406 243 333 0 0
;
375 0 260 107 260 157 262 205 264 269 294 167 222 164 309 214 340 276
209 212 190 279 280 267 308 402 308 334 248 270 247 406 243 335 0 4
;
376 0 262 107 262 157 263 205 265 269 297 167 224 163 311 214 343 279
211 212 191 279 281 268 310 404 306 341 249 271 247 405 243 336 0 4
;
377 0 268 106 267 157 267 206 268 270 302 168 229 163 316 215 347 281
215 212 194 278 284 270 311 410 303 347 252 271 247 405 244 339 0 4
;
378 0 271 106 270 157 269 207 269 271 305 168 232 163 320 216 349 282
218 212 196 278 286 271 309 411 302 349 253 272 247 405 245 340 0 4
;
379 0 279 106 276 158 275 207 273 273 312 169 239 163 327 218 356 286
224 211 200 276 289 273 306 422 301 353 257 273 247 405 247 342 4 4
;
380 0 282 106 280 157 277 207 275 273 316 169 242 162 330 218 359 287
227 211 202 274 291 273 305 421 302 353 259 272 247 405 248 343 4 4
;
381 0 289 105 284 157 282 207 279 272 322 169 247 161 336 219 366 288
232 210 208 272 295 273 305 411 304 351 263 272 247 406 251 344 0 4
;
382 0 291 105 287 157 284 207 281 272 324 169 249 161 338 219 370 289
234 209 210 273 297 273 305 410 306 350 265 272 248 406 253 344 0 4
;
383 0 295 105 290 157 288 207 284 273 328 169 252 161 342 219 374 289
237 209 212 272 300 273 306 409 310 344 268 272 250 407 255 344 4 0
;
384 0 297 105 292 157 289 207 285 273 329 169 254 161 344 219 376 290
238 209 212 273 301 273 306 408 310 344 269 272 251 407 256 344 0 0
;
385 0 299 105 294 157 291 207 287 273 331 169 256 161 347 220 379 290
241 209 214 272 304 273 306 408 312 346 271 272 253 406 258 344 4 0
;
386 0 300 105 295 157 292 207 288 273 332 169 257 161 348 220 380 290
241 209 215 271 304 273 306 408 312 346 272 272 254 406 259 344 4 0
;
387 0 301 105 297 157 293 207 289 273 334 169 259 161 349 220 382 290
243 209 216 271 306 273 306 408 312 347 273 272 255 406 260 344 4 0
;
388 0 302 105 297 157 294 207 290 273 334 169 260 161 350 220 382 290
244 209 216 271 306 274 306 408 313 347 273 272 255 406 261 344 4 0
;
389 0 302 105 298 157 295 207 290 273 335 169 261 161 351 220 384 290
245 209 216 270 307 274 306 408 313 348 274 273 256 405 261 344 4 0
;
390 0 302 105 299 157 295 207 290 273 336 169 261 161 352 220 385 290
245 209 217 270 307 274 306 408 313 348 274 273 256 405 262 344 4 0
;
391 0 303 105 299 157 295 207 291 273 336 169 261 161 353 220 386 290
245 209 216 269 307 274 306 408 313 348 275 273 256 405 262 344 4 0
;
392 0 303 105 299 157 296 207 291 273 336 169 261 161 353 220 386 290
246 209 216 269 307 274 306 408 313 348 275 273 256 405 262 344 4 0
;
393 0 303 105 300 157 296 207 291 273 336 169 262 161 353 220 387 290
246 209 215 269 308 274 306 408 313 348 275 273 256 405 262 344 4 0
;
394 0 303 105 300 157 296 207 291 274 336 169 262 161 354 220 387 290
246 209 215 269 308 274 306 408 313 348 275 273 256 405 263 344 4 0
;
395 0 304 105 300 157 296 207 292 274 337 169 262 162 354 220 387 290
246 209 215 268 308 274 306 409 313 349 275 273 256 405 263 344 4 0
;
396 0 304 106 301 158 297 208 292 274 337 169 263 162 354 220 387 290
246 209 215 268 308 274 306 409 313 349 276 273 256 405 263 345 4 0
;
397 0 305 106 302 158 298 208 293 274 339 169 264 162 355 221 387 290
247 208 214 266 309 274 305 409 313 350 276 273 256 406 263 347 4 0
;
398 0 306 106 303 158 299 208 293 274 340 169 265 161 356 221 387 291
248 208 215 265 310 274 305 409 313 350 277 273 255 406 263 347 4 0
;
399 0 308 107 306 159 301 208 295 274 341 170 269 162 358 221 387 292
250 207 216 263 312 275 305 409 314 349 279 272 253 407 262 345 4 0
;
400 0 310 107 307 159 302 208 296 274 342 170 270 162 358 221 388 293
251 207 217 262 313 275 305 409 314 349 280 272 252 407 262 344 4 0
;
401 0 311 108 309 159 304 208 297 274 343 171 272 163 360 222 389 294
254 206 220 261 314 275 305 409 315 349 281 272 254 405 260 343 4 0
;
402 0 312 108 309 159 304 208 298 273 344 171 273 163 361 222 389 294
255 206 222 261 314 275 305 410 315 349 282 272 255 403 258 341 4 0
;
403 0 313 108 311 159 305 208 298 273 344 171 275 162 361 222 388 295
257 206 225 260 315 275 304 409 314 348 283 271 258 395 254 333 4 2
;
404 0 314 108 311 159 306 208 299 273 344 171 275 162 361 222 388 295
258 206 227 261 315 275 305 409 300 346 283 270 259 387 252 325 4 2
;
405 0 314 108 312 159 306 207 300 272 344 171 276 162 362 222 386 295
260 206 230 260 316 274 305 409 314 343 283 269 262 370 249 306 4 0
;
406 0 314 108 312 159 307 207 300 271 345 170 276 162 362 222 386 296
261 206 231 258 317 274 305 409 314 342 284 269 258 370 249 298 4 0
;
407 0 315 108 313 158 308 206 301 271 345 170 277 162 362 222 385 296
262 206 242 239 318 273 305 409 313 341 285 268 263 356 249 278 4 0
;
408 0 315 107 313 158 308 206 301 270 345 170 277 162 362 222 384 296
262 206 242 237 318 273 305 409 313 341 285 268 263 354 249 275 4 0
;
409 0 315 107 313 158 308 206 302 270 345 170 277 162 362 222 383 295
263 205 235 244 318 273 305 409 313 341 285 268 263 353 249 274 4 0
;
410 0 315 107 313 157 308 206 302 270 345 170 278 162 362 222 383 295
263 205 232 249 318 273 305 409 312 341 285 268 263 353 249 274 4 0
;
411 0 315 107 314 157 308 206 302 270 345 170 278 162 362 222 383 295
263 206 232 252 319 273 305 409 312 341 285 267 260 363 247 286 4 0
;
412 0 315 107 314 157 308 206 302 270 345 170 278 162 362 222 382 295
263 206 231 253 318 273 305 409 312 341 285 267 259 370 247 298 4 0
;
413 0 315 107 314 157 308 205 301 270 344 170 278 162 362 222 382 294
262 205 226 257 318 273 305 409 313 341 285 267 256 382 250 311 4 0
;
414 0 315 107 314 157 308 205 301 270 343 170 278 162 362 222 382 294
262 205 226 257 317 273 305 409 299 343 285 267 254 386 254 323 4 2
;
415 0 315 107 313 157 308 205 300 270 343 170 278 162 361 222 382 295
261 205 224 257 316 273 305 408 313 346 284 267 254 398 260 335 4 2
;
416 0 315 107 313 157 307 205 300 270 343 170 278 162 361 222 382 295
261 205 223 258 316 273 305 408 313 347 284 268 253 401 262 338 4 2
;
417 0 314 107 313 157 307 205 299 271 343 169 276 162 360 222 382 295
259 205 222 258 315 274 305 409 313 349 283 268 251 405 265 345 4 0
;
418 0 314 107 312 157 306 206 298 271 342 169 275 162 359 222 382 294
258 205 221 259 315 274 305 409 314 349 282 269 251 410 265 351 4 2
;
419 0 313 106 310 157 305 206 297 272 342 169 273 162 358 222 381 294
255 205 219 260 314 274 304 409 314 350 281 270 252 409 264 352 4 0
;
420 0 312 106 309 157 304 206 296 272 341 169 273 162 357 222 381 294
254 205 218 261 313 275 304 409 314 351 280 270 253 410 264 351 4 0
;
421 0 309 106 306 157 301 206 294 273 340 169 269 162 355 222 380 294
251 206 215 262 310 275 304 409 314 351 278 271 255 408 262 349 4 2
;
422 0 305 106 302 157 298 207 292 273 337 169 265 162 353 221 378 292
248 207 213 264 308 275 305 409 314 351 276 272 255 406 262 345 4 0
;
423 0 303 106 300 157 296 207 291 273 335 169 263 162 351 221 377 292
246 207 211 265 307 275 305 409 313 351 275 272 255 405 261 345 4 0
;
424 0 298 106 296 157 293 207 288 273 332 169 260 162 348 221 375 291
243 208 209 267 304 274 305 409 312 351 272 272 255 405 260 343 4 0
;
425 0 296 106 294 157 291 207 287 273 330 168 258 162 347 220 373 291
242 208 207 267 303 274 305 409 311 351 271 272 255 405 260 343 4 0
;
426 0 291 105 291 156 288 206 285 273 326 168 254 162 343 219 369 290
238 209 204 268 301 274 305 409 310 350 269 272 255 405 259 343 4 0
;
427 0 289 105 289 156 287 206 284 273 324 168 252 163 341 219 368 289
237 209 202 269 300 274 305 409 309 350 268 272 255 406 258 343 4 0
;
428 0 284 105 285 157 284 207 282 273 321 168 248 163 339 219 365 288
234 209 200 269 298 274 305 409 308 350 267 273 255 406 257 343 4 0
;
429 0 282 105 284 156 283 207 282 273 320 168 247 163 337 219 364 287
232 210 199 269 298 274 305 409 308 350 266 273 254 406 257 343 4 0
;
430 0 279 105 281 157 281 207 280 273 317 167 243 163 335 218 362 286
230 210 197 270 296 274 305 409 307 350 264 273 254 406 256 343 4 0
;
431 0 278 105 280 157 280 207 280 273 315 167 242 164 334 218 362 285
228 210 197 270 296 274 305 409 306 350 264 273 254 406 255 343 4 0
;
432 0 274 105 277 157 278 207 278 273 313 167 239 164 333 217 361 284
226 211 196 271 294 274 304 409 306 350 262 273 254 405 254 342 4 0
;
433 0 273 105 276 157 277 207 277 273 311 167 238 164 332 217 360 283
225 211 195 271 294 273 304 409 305 349 262 273 254 405 254 342 4 0
;
434 0 270 105 274 157 275 207 276 273 309 167 236 164 330 216 360 282
224 212 193 272 292 273 304 409 304 349 260 273 254 405 253 342 4 0
;
435 0 269 105 273 157 274 207 275 273 308 167 235 164 329 215 360 280
223 212 192 271 291 273 304 409 303 350 259 273 254 405 253 342 4 0
;
436 0 267 106 271 157 272 207 274 273 306 167 233 165 328 215 361 278
221 212 190 270 290 273 304 410 302 352 258 273 254 405 252 342 4 4
;
437 0 265 106 270 157 271 207 273 273 305 167 232 165 328 214 361 276
220 212 190 270 289 273 303 410 300 352 257 273 253 405 251 342 4 4
;
438 0 262 107 267 158 268 207 271 273 301 167 229 166 326 213 362 272
217 213 188 270 287 273 305 411 298 353 255 273 253 405 250 342 4 0
;
439 0 260 107 265 158 267 207 270 273 300 167 228 166 325 213 363 270
216 213 188 271 286 273 308 422 298 351 254 273 253 405 249 342 4 0
;
440 0 256 109 262 159 264 208 268 272 296 167 224 167 324 212 363 265
213 214 186 273 284 271 311 410 302 345 252 273 253 405 248 340 4 4
;
441 0 255 109 260 159 263 208 267 272 295 167 223 167 323 211 364 263
212 215 185 274 283 271 313 423 304 343 252 273 253 404 248 340 4 4
;
442 0 252 109 258 159 262 208 267 272 292 167 221 168 321 209 363 260
211 215 184 276 283 270 312 403 309 337 251 273 252 404 247 339 4 4
;
443 0 251 109 257 159 261 207 267 272 291 166 220 168 320 208 363 259
210 216 183 276 282 270 309 400 311 333 251 273 252 403 248 338 4 4
;
444 0 250 109 256 159 261 207 266 271 290 166 219 168 319 207 362 258
209 216 182 277 282 269 308 392 315 320 251 273 253 404 248 337 4 4
;
445 0 249 109 256 159 260 207 266 271 289 166 219 169 318 207 361 258
209 216 182 277 282 269 310 389 316 315 251 273 253 405 248 337 4 4
;
446 0 249 109 255 159 260 206 266 269 289 165 218 169 317 206 359 258
209 216 182 277 283 266 309 376 319 301 250 272 254 406 249 335 4 4
;
447 0 249 109 255 158 260 206 267 268 289 165 218 168 317 206 358 258
208 216 182 277 283 265 308 371 320 295 250 271 254 406 249 335 4 4
;
448 0 249 109 255 158 260 205 267 268 289 165 218 168 316 206 356 258
208 215 182 276 284 264 305 361 320 282 250 271 254 407 249 334 4 4
;
449 0 249 109 255 158 260 205 267 268 289 165 218 168 316 206 356 258
208 215 182 275 283 264 304 357 320 281 250 270 254 407 249 334 4 4
;
450 0 250 108 255 158 260 205 267 268 289 165 218 168 316 207 356 257
208 215 183 275 283 265 301 356 320 282 250 270 254 407 249 334 4 4
;
451 0 250 108 255 158 260 205 267 268 289 165 219 167 316 207 356 257
208 215 182 274 283 265 301 358 321 285 250 270 254 407 249 334 4 4
;
452 0 252 108 256 157 260 205 267 268 291 165 219 167 317 207 358 258
209 215 184 273 283 265 303 369 319 303 250 270 254 407 249 334 4 4
;
453 0 253 108 257 157 261 205 267 268 291 165 220 166 318 207 359 258
209 214 184 272 283 265 305 376 318 308 250 270 254 407 249 334 4 4
;
454 0 256 107 259 157 262 205 267 268 294 165 221 165 320 208 360 260
209 213 184 271 284 266 307 392 312 327 251 270 254 407 249 334 4 4
;
455 0 257 107 260 157 263 205 268 268 295 165 222 165 321 208 362 261
210 213 184 271 284 266 308 395 309 332 252 270 254 407 249 335 4 4
;
456 0 260 106 263 156 266 205 269 269 298 165 225 164 324 209 364 263
211 212 185 270 285 267 311 401 307 340 253 271 253 405 249 336 4 4
;
457 0 262 106 265 156 267 205 270 269 300 166 226 164 325 209 365 264
213 212 186 270 286 268 312 403 306 341 254 271 253 405 249 337 4 4
;
458 0 268 105 269 156 270 205 272 270 305 166 230 164 329 211 369 267
216 211 188 269 289 269 314 410 306 348 256 271 253 405 249 340 4 4
;
459 0 271 105 271 156 272 206 274 271 307 167 233 163 332 211 371 269
218 211 190 269 290 271 314 421 306 349 257 272 253 405 250 341 4 4
;
460 0 277 105 277 157 277 207 278 273 313 167 239 163 337 213 375 272
222 211 194 268 294 273 311 422 306 352 261 273 253 405 252 343 4 4
;
461 0 281 104 280 156 280 207 280 273 317 167 242 163 340 214 377 274
224 210 196 267 296 273 311 422 307 352 264 273 253 405 253 343 4 4
;
462 0 287 104 285 156 284 206 283 273 322 167 247 162 344 215 381 276
229 209 200 266 300 273 310 411 309 351 267 273 254 406 256 345 4 4
;
463 0 290 103 287 156 286 206 285 273 324 167 249 161 345 216 383 277
231 209 202 266 301 273 311 410 311 350 269 273 254 406 257 346 4 4
;
464 0 295 103 291 156 289 207 287 273 329 168 253 161 349 217 387 279
235 208 205 265 304 273 311 409 313 350 271 273 255 406 259 346 4 4
;
465 0 296 103 292 156 290 207 288 273 330 168 254 161 350 217 388 280
236 208 206 265 305 273 311 409 313 349 272 273 255 406 260 346 4 4
;
466 0 300 103 295 156 293 207 290 274 333 168 257 161 353 218 390 280
238 208 207 264 306 274 311 409 315 349 273 273 255 406 261 346 4 0
;
467 0 301 103 296 156 294 207 291 274 334 168 258 161 354 218 391 280
239 208 208 263 307 274 311 409 315 349 274 273 256 406 261 346 4 4
;
468 0 303 103 298 156 295 207 292 274 336 168 260 161 355 218 393 282
240 207 208 262 308 274 311 409 315 349 275 274 256 406 262 346 4 0
;
469 0 303 103 299 156 296 207 292 274 337 168 261 160 356 218 393 282
241 207 209 262 309 274 311 409 316 349 276 274 256 406 262 346 4 0
;
470 0 304 103 300 156 297 207 293 274 338 168 261 160 357 219 395 283
242 207 209 261 310 275 312 409 316 349 276 274 256 406 263 346 4 0
;
471 0 305 103 301 156 297 207 293 274 338 168 262 160 358 219 396 283
242 207 209 261 310 275 312 409 317 349 277 274 256 406 263 345 4 0
;
472 0 305 103 301 156 297 207 293 274 338 168 262 160 358 219 396 283
242 207 209 260 310 275 312 409 317 349 277 274 256 406 263 345 4 0
;
473 0 305 103 301 156 298 207 293 275 338 168 262 160 359 219 396 284
242 207 209 260 310 275 312 409 317 349 277 274 256 406 264 346 4 0
;
474 0 305 103 301 156 298 207 293 275 339 169 262 160 359 219 397 284
242 207 209 260 310 275 312 409 317 349 277 274 256 406 264 345 4 0
;
475 0 305 103 301 156 298 207 293 275 339 169 262 160 359 219 396 284
242 207 208 260 310 275 311 409 317 350 277 274 256 406 263 346 4 0
;
476 0 305 103 301 156 298 207 293 275 339 169 262 160 359 219 396 285
242 207 209 260 310 275 311 409 317 350 277 274 256 406 263 346 4 0
;
477 0 306 103 302 156 298 207 293 275 339 169 263 160 359 220 396 286
243 207 209 259 310 275 311 409 316 351 277 274 256 406 263 346 4 0
;
478 0 307 103 303 156 299 207 294 275 341 169 264 160 360 220 397 286
243 206 210 258 310 276 311 410 317 351 277 274 255 406 263 346 4 0
;
479 0 311 103 306 156 301 207 295 275 344 169 268 160 363 220 399 289
247 205 212 255 312 276 310 410 317 351 279 274 254 406 262 347 4 0
;
480 0 313 103 309 157 303 208 296 275 344 169 270 160 365 220 400 291
249 205 213 254 313 276 311 410 317 350 280 273 252 406 261 345 4 0
;
481 0 318 104 314 157 307 208 298 274 349 169 276 160 370 221 404 295
253 204 217 251 315 276 311 410 319 346 282 272 249 407 258 342 4 0
;
482 0 320 105 316 158 308 208 299 274 351 170 278 160 371 222 405 296
255 203 219 250 315 276 311 410 319 346 283 271 250 406 254 341 4 0
;
483 0 324 105 318 158 310 208 300 273 353 170 281 160 374 222 406 297
260 202 223 246 316 276 311 409 319 346 285 270 253 401 250 337 4 0
;
484 0 325 105 320 158 311 208 301 273 353 170 283 160 374 223 406 298
262 202 226 244 317 276 311 409 318 346 285 269 254 394 245 329 4 0
;
485 0 327 105 322 157 314 207 303 272 354 170 285 160 375 223 404 300
265 201 228 241 319 275 311 409 317 345 287 268 254 380 241 310 4 0
;
486 0 328 105 323 157 315 206 306 271 354 170 285 160 376 223 403 300
266 200 229 240 323 275 311 409 317 344 290 267 257 370 241 304 4 0
;
487 0 329 104 325 156 318 205 309 270 355 170 288 159 376 223 400 300
268 200 230 239 325 274 311 409 317 343 293 266 259 358 243 287 4 0
;
488 0 330 104 326 156 319 205 310 269 356 170 288 159 376 223 399 300
268 199 232 238 326 274 311 409 317 342 294 265 260 354 244 277 4 0
;
489 0 331 104 327 156 320 205 311 269 357 170 290 159 376 224 398 300
269 199 235 237 328 273 311 408 317 341 295 265 260 351 245 274 4 0
;
490 0 332 104 327 156 320 205 311 269 357 170 290 159 376 224 398 300
269 199 235 237 328 273 311 408 317 341 295 265 260 351 245 273 4 0
;
491 0 333 104 328 156 321 204 312 269 357 170 291 159 377 224 400 300
270 199 236 237 328 273 311 408 317 341 296 265 260 353 246 277 0 0
;
492 0 333 104 328 156 321 204 312 269 358 170 291 159 377 224 400 299
270 198 235 237 328 273 311 408 318 340 296 265 260 356 247 281 0 0
;
493 0 333 104 328 156 321 204 312 269 358 169 291 159 377 224 402 298
270 198 234 237 328 273 312 408 318 340 296 264 261 366 248 291 4 0
;
494 0 334 104 328 155 321 204 311 269 358 170 291 159 378 223 403 298
270 198 234 237 328 273 312 408 319 340 295 264 260 372 249 295 4 0
;
495 0 334 104 328 155 320 204 309 269 358 170 291 159 378 223 404 296
269 198 233 237 326 273 313 407 319 340 293 264 259 380 252 308 4 0
;
496 0 334 104 328 155 320 204 309 269 358 170 291 159 378 223 405 296
269 198 230 238 325 273 313 407 320 340 293 265 259 386 253 313 4 0
;
497 0 333 104 328 155 319 204 308 269 357 170 291 159 379 223 406 296
268 198 227 239 324 273 313 407 320 340 292 265 260 392 258 326 4 0
;
498 0 333 104 327 155 319 204 308 269 357 170 291 159 379 222 406 295
267 198 226 240 324 273 313 406 320 340 292 265 260 396 262 331 4 0
;
499 0 333 104 326 155 318 205 307 270 357 170 289 159 378 222 407 295
265 199 225 241 323 273 313 406 321 341 291 266 257 401 266 336 4 0
;
500 0 332 104 326 155 317 205 306 270 357 170 288 159 378 222 407 295
264 199 223 242 323 273 313 406 321 341 290 266 256 403 267 338 4 0
;
501 0 330 104 324 155 316 205 305 270 356 170 286 159 377 222 406 294
262 199 222 244 322 273 313 406 322 341 289 267 256 405 269 343 4 0
;
502 0 329 104 324 155 316 205 305 271 356 170 284 159 376 222 406 293
261 200 220 245 322 273 313 407 322 341 288 268 256 406 269 343 4 0
;
503 0 326 104 320 155 313 205 304 271 355 170 281 159 375 222 405 292
258 201 218 247 320 274 313 407 323 342 287 269 257 407 268 342 4 0
;
504 0 324 104 318 156 312 206 303 272 355 170 280 159 373 222 404 291
256 201 216 249 319 274 313 407 323 343 286 270 257 407 268 343 4 4
;
505 0 319 104 314 156 308 206 301 272 350 169 275 160 370 221 402 289
253 203 212 252 318 274 313 407 322 345 285 271 259 405 269 342 4 0
;
506 0 316 104 311 156 306 207 300 273 349 169 273 160 368 221 402 287
251 204 210 253 317 274 313 407 322 345 284 271 259 405 268 343 4 0
;
507 0 310 104 307 157 303 207 298 273 344 169 268 161 365 220 400 284
246 205 206 255 315 274 313 407 322 345 282 272 260 405 268 343 4 0
;
508 0 307 104 304 157 301 207 297 274 342 169 266 161 363 219 399 283
244 205 205 255 314 274 313 407 321 346 281 273 259 405 267 343 4 0
;
509 0 301 104 299 156 297 207 295 274 337 168 262 162 360 217 396 280
240 206 201 257 311 274 312 407 320 346 279 273 259 405 266 343 4 0
;
510 0 299 104 297 156 296 207 294 274 335 168 260 162 358 216 395 279
239 207 200 258 310 274 312 408 319 346 277 273 259 405 266 343 4 0
;
511 0 294 103 294 156 293 207 291 274 331 167 256 162 355 215 393 277
235 208 197 259 308 274 312 408 317 346 275 274 259 405 265 343 4 0
;
512 0 291 103 292 156 291 207 290 274 329 167 254 163 354 215 392 276
234 208 197 259 307 274 312 408 317 346 274 274 259 405 264 343 4 0
;
513 0 287 103 288 156 288 207 288 274 325 166 250 163 351 214 390 274
231 209 195 261 305 274 312 408 315 346 272 274 258 405 262 344 4 0
;
514 0 283 104 285 156 285 207 286 274 322 166 247 163 348 213 388 273
229 209 193 262 303 274 311 408 314 346 270 274 258 405 261 344 4 0
;
515 0 281 104 283 156 284 207 285 274 321 166 245 163 347 213 387 272
228 210 193 262 301 274 311 408 313 346 269 274 258 405 260 344 4 0
;
516 0 277 104 280 156 281 207 283 274 317 166 242 164 344 212 384 271
225 210 191 264 299 274 311 408 312 347 267 274 258 405 259 344 4 0
;
517 0 275 104 279 156 280 207 282 274 315 166 240 164 343 212 383 271
224 211 190 265 298 274 311 408 311 347 265 274 258 405 258 344 4 0
;
518 0 273 104 277 156 279 207 281 274 313 166 238 164 341 211 381 270
223 211 190 265 297 274 310 409 310 348 264 274 257 405 258 344 4 0
;
519 0 268 105 273 156 275 207 278 274 309 166 234 165 338 210 378 269
222 213 189 268 295 274 310 410 307 350 262 274 257 405 257 343 4 0
;
520 0 262 105 269 157 272 207 276 274 304 165 230 166 334 209 376 266
220 214 189 271 292 273 309 411 304 350 260 274 257 405 255 342 4 0
;
521 0 259 105 267 157 270 207 275 273 301 165 228 167 332 208 375 263
219 215 189 273 291 273 312 421 304 350 259 274 257 405 254 341 4 0
;
522 0 254 106 262 157 266 207 272 273 297 165 225 168 329 206 374 260
217 216 189 274 288 271 313 410 307 345 256 274 256 405 252 340 4 0
;
523 0 252 107 261 157 265 207 271 272 295 165 223 168 328 206 373 259
216 216 189 274 287 271 311 405 310 343 256 274 256 404 252 339 4 0
;
524 0 249 107 258 157 263 207 270 272 292 164 221 169 325 204 371 257
215 216 189 273 286 270 308 401 314 336 255 274 256 404 252 338 4 0
;
525 0 248 107 257 157 263 206 270 271 291 164 221 169 324 204 370 256
214 216 188 273 286 269 307 393 316 331 255 274 255 402 252 338 4 0
;
526 0 246 107 255 157 262 206 270 271 289 164 219 169 322 203 366 254
212 216 187 272 285 268 308 386 320 318 254 273 256 403 252 337 4 0
;
527 0 246 107 255 157 261 206 269 270 289 163 219 169 321 203 365 254
212 216 186 272 286 267 309 382 320 308 254 272 256 402 252 336 4 0
;
528 0 245 107 254 157 261 205 269 269 288 163 217 169 319 202 363 254
210 216 184 271 286 265 308 372 322 302 253 272 257 405 252 335 4 0
;
529 0 244 107 253 157 259 205 267 268 287 163 217 169 318 202 362 254
210 216 184 271 284 264 309 370 321 298 250 271 257 405 252 335 4 4
;
530 0 244 107 252 157 259 205 266 268 286 163 217 169 317 202 361 253
209 216 182 271 283 264 310 368 320 296 249 271 257 406 252 335 4 0
;
531 0 243 107 252 157 259 205 267 267 286 163 216 169 317 202 361 253
209 216 182 270 284 264 310 367 320 297 250 271 257 406 252 335 4 0
;
532 0 243 107 252 157 259 204 267 267 286 163 216 169 317 202 360 252
208 216 181 269 284 264 313 370 318 302 250 271 257 406 252 335 4 0
;
533 0 243 107 252 157 259 205 267 267 286 163 216 169 317 202 361 252
208 216 181 269 284 264 314 374 317 304 250 271 257 406 252 335 4 0
;
534 0 243 107 252 157 258 205 267 268 286 163 216 169 317 202 361 253
207 216 180 269 283 265 314 381 314 315 250 271 257 406 251 335 4 0
;
535 0 243 107 252 157 258 205 267 268 286 163 216 169 317 202 361 253
207 216 179 268 283 265 313 384 313 320 250 271 257 406 251 335 4 0
;
536 0 243 107 252 157 258 205 267 268 286 163 216 169 317 202 361 254
207 216 179 269 283 265 312 392 309 329 250 271 256 403 251 335 4 0
;
537 0 244 107 252 157 258 205 267 268 286 163 216 169 317 203 362 255
207 216 179 268 283 266 312 393 307 331 250 271 255 403 250 335 4 0
;
538 0 245 107 253 157 259 205 267 269 287 164 216 169 317 203 363 257
207 216 178 269 283 266 312 399 304 337 250 271 255 403 249 336 4 0
;
539 0 245 107 253 157 259 205 267 269 288 164 216 169 318 203 363 257
207 216 179 269 283 266 311 402 303 338 250 272 255 402 249 336 4 0
;
540 0 247 107 255 157 260 205 267 269 289 164 217 169 319 204 364 258
207 216 179 269 283 267 309 404 301 342 251 272 255 402 249 337 4 0
;
541 0 248 107 256 157 260 205 267 269 290 164 217 169 320 204 366 259
208 216 179 269 283 267 308 407 300 343 251 272 255 402 249 338 4 0
;
542 0 250 106 258 156 262 205 268 270 292 164 217 168 322 205 367 260
209 216 180 269 284 268 306 410 299 348 252 272 255 403 249 339 4 4
;
543 0 252 106 259 156 263 205 269 270 294 164 218 168 323 205 369 260
210 216 181 268 285 268 304 410 298 349 253 272 255 403 250 340 4 4
;
544 0 256 105 263 156 266 206 270 271 297 164 225 166 327 206 371 262
213 213 183 267 286 269 301 410 297 350 254 272 255 403 251 342 0 0
;
545 0 258 105 265 156 267 206 271 271 299 165 226 166 329 207 373 262
215 213 184 267 287 270 300 411 298 351 255 272 255 404 251 343 0 0
;
546 0 263 105 268 156 270 206 273 272 303 165 229 165 333 208 376 264
217 212 186 265 289 271 301 410 299 351 257 272 256 404 252 343 4 0
;
547 0 265 105 270 156 272 206 274 272 305 165 231 165 335 208 377 265
219 212 186 265 290 271 300 410 300 350 258 272 256 404 252 343 0 0
;
548 0 270 104 273 156 274 206 276 272 309 166 235 164 338 209 381 267
222 211 189 264 292 271 301 410 301 350 260 272 256 404 254 343 0 0
;
549 0 272 104 275 156 275 206 276 272 311 166 237 164 339 210 382 268
223 211 190 263 293 272 301 410 302 350 260 272 256 404 255 343 0 0
;
550 0 276 104 278 156 278 206 278 272 314 166 240 163 342 211 384 269
225 210 191 264 294 272 301 410 303 350 262 272 256 404 256 343 4 0
;
551 0 278 104 279 156 279 206 279 272 316 166 241 163 343 212 384 269
226 209 192 264 295 272 301 409 303 350 263 272 256 404 257 343 4 0
;
552 0 282 104 282 156 281 206 281 272 319 166 244 162 345 212 386 270
228 209 194 264 297 272 301 409 304 350 265 272 256 404 257 343 0 0
;
553 0 283 104 283 156 282 206 281 272 320 166 245 162 346 212 387 271
228 208 195 264 298 272 301 409 304 349 265 272 256 404 258 343 0 0
;
554 0 287 104 285 156 284 206 283 272 322 167 248 162 348 213 388 271
230 208 196 263 299 272 300 408 305 349 267 272 257 404 259 343 0 0
;
555 0 288 104 287 156 285 206 284 272 324 167 249 162 349 213 389 272
231 208 197 263 300 272 300 408 305 349 268 272 257 404 259 343 4 0
;
556 0 291 104 289 156 287 206 285 272 326 167 251 162 351 214 391 273
233 207 198 262 301 272 300 408 306 350 269 272 257 405 260 344 4 0
;
557 0 292 104 290 156 288 206 286 272 327 167 253 162 352 214 392 274
234 207 199 262 302 272 300 408 306 350 269 272 257 405 260 344 4 3
;
558 0 296 104 293 156 290 207 287 272 330 168 256 161 354 215 393 276
236 206 200 260 303 273 299 408 307 351 271 272 257 406 261 346 4 0
;
559 0 298 105 295 157 291 207 288 272 332 168 257 161 356 216 394 277
237 205 201 258 304 273 299 409 307 351 271 272 257 405 262 346 4 0
;
560 0 301 105 298 157 294 207 289 272 334 169 261 161 358 217 396 280
240 204 203 254 306 273 299 409 308 350 273 271 255 406 261 345 0 0
;
561 0 303 105 300 157 295 207 290 272 336 169 263 161 359 217 397 282
241 203 204 252 306 273 299 409 308 350 274 271 254 406 260 346 0 2
;
562 0 306 106 302 158 297 207 291 271 337 169 265 161 360 218 398 285
243 202 204 249 307 273 300 409 309 349 275 270 255 405 257 342 4 2
;
563 0 307 106 303 158 298 207 292 271 338 169 267 160 361 218 398 285
245 201 205 248 308 273 300 409 309 349 276 269 255 402 256 340 4 2
;
564 0 308 106 305 157 299 206 292 271 339 169 268 160 362 218 399 287
247 200 208 245 309 273 300 409 299 344 277 268 254 390 252 332 4 0
;
565 0 309 106 305 157 300 206 293 270 339 169 269 160 362 218 399 287
248 199 209 244 309 273 300 409 307 347 277 268 254 383 249 324 4 0
;
566 0 310 106 306 157 300 206 293 270 338 169 270 160 362 218 398 288
250 199 211 243 310 272 301 409 307 342 277 267 256 367 246 305 4 2
;
567 0 310 106 307 157 301 206 293 270 337 169 271 160 362 218 398 288
251 199 213 243 310 272 300 409 307 341 277 267 256 363 246 291 4 2
;
568 0 310 106 307 157 301 205 294 269 337 169 271 160 362 217 397 288
252 199 215 243 311 272 300 408 307 340 278 266 257 359 246 279 4 2
;
569 0 310 106 307 157 301 205 294 269 337 169 271 160 362 217 397 288
252 199 215 243 311 272 300 408 307 339 278 266 256 359 246 278 4 2
;
570 0 310 106 307 157 302 205 294 269 337 169 272 160 362 217 396 288
252 199 215 243 311 272 300 408 307 339 278 266 256 361 246 277 4 2
;
571 0 310 106 308 157 302 205 294 269 336 169 272 160 362 217 396 288
252 200 214 243 311 272 300 409 307 339 278 266 251 371 245 291 4 2
;
572 0 310 106 307 157 302 205 294 269 337 169 272 160 362 218 396 288
252 200 214 243 311 272 300 408 307 339 278 266 251 376 246 299 4 2
;
573 0 310 106 307 157 302 205 294 269 337 169 272 160 362 218 396 288
252 200 213 243 311 272 298 417 292 342 278 266 249 383 248 311 4 2
;
574 0 309 106 307 156 301 205 294 269 336 169 271 160 362 218 396 287
252 200 209 244 311 272 301 410 307 352 278 266 250 391 253 326 4 2
;
575 0 309 106 307 156 301 205 294 269 336 169 271 160 362 218 396 287
251 200 208 244 311 272 301 410 307 352 278 266 249 395 256 330 4 2
;
576 0 307 106 306 156 300 205 293 269 336 169 270 160 361 217 395 286
250 200 206 245 310 272 301 409 307 349 277 266 247 402 258 339 4 2
;
577 0 307 105 305 156 300 205 293 269 336 169 269 160 361 217 395 286
249 200 205 246 309 272 301 409 307 349 277 267 247 406 260 345 4 2
;
578 0 305 105 303 156 298 205 292 270 335 169 266 161 360 218 395 284
246 201 202 248 308 273 300 409 307 349 276 268 244 421 260 351 4 2
;
579 0 303 105 302 156 297 205 291 270 335 169 265 161 359 218 394 283
244 202 201 249 308 273 300 409 307 350 275 268 244 422 260 351 4 2
;
580 0 301 105 298 155 295 205 290 271 333 168 261 161 357 217 392 282
241 202 198 251 306 273 300 409 307 351 273 270 248 423 260 352 4 2
;
581 0 299 105 297 156 293 205 289 272 332 168 259 161 356 217 392 281
239 203 197 252 305 273 300 409 307 351 272 270 250 422 259 351 4 2
;
582 0 294 105 293 156 290 206 286 272 329 168 256 161 353 217 390 279
235 204 193 255 302 274 300 409 307 351 270 271 252 410 257 350 4 2
;
583 0 292 105 290 156 288 206 285 273 327 168 253 162 351 216 388 278
233 205 191 256 301 274 300 409 307 351 268 272 252 409 256 349 4 2
;
584 0 287 105 286 156 284 206 281 273 323 168 249 163 348 216 386 276
229 206 186 259 298 274 300 409 306 351 265 273 251 407 254 345 4 0
;
585 0 285 105 284 156 282 206 280 273 321 168 247 163 346 215 384 275
227 207 184 260 296 274 300 409 305 351 264 273 251 406 254 344 4 0
;
586 0 279 105 280 156 279 206 278 273 316 167 243 163 342 214 380 274
223 208 181 261 294 274 300 409 304 350 262 273 251 406 252 344 4 0
;
587 0 275 105 276 156 276 206 276 273 312 167 238 163 339 213 376 273
220 209 178 263 292 273 300 409 303 350 260 273 250 406 251 344 4 2
;
588 0 272 105 275 156 275 206 275 273 310 167 237 164 337 213 374 272
218 209 177 263 291 273 300 408 302 350 259 273 250 405 250 344 4 2
;
589 0 268 105 271 156 272 206 273 273 307 166 233 164 333 212 372 271
215 210 174 265 289 273 299 408 301 350 257 273 250 406 249 345 4 2
;
590 0 266 105 270 156 271 206 273 273 305 166 232 164 332 212 370 270
214 210 172 266 289 273 299 408 300 350 257 273 250 406 249 345 4 2
;
591 0 263 105 267 156 269 206 271 273 302 166 229 164 329 211 369 269
211 211 171 267 287 273 299 408 299 350 255 273 250 405 248 344 4 3
;
592 0 261 105 266 156 268 206 271 273 301 166 227 164 328 211 368 268
210 211 170 267 287 273 299 408 299 350 255 273 249 404 247 344 4 3
;
593 0 257 105 264 156 266 206 269 273 299 166 225 165 327 210 366 267
208 211 170 268 285 273 298 408 298 350 253 273 249 404 247 343 4 2
;
594 0 256 105 263 156 265 206 268 273 298 166 224 165 326 209 365 267
208 211 169 268 285 273 298 408 298 350 252 273 249 404 246 343 4 0
;
595 0 252 105 261 156 264 206 267 273 295 165 222 165 324 208 364 266
206 212 169 268 283 273 298 408 297 349 251 273 248 404 245 343 4 0
;
596 0 251 106 260 155 263 206 267 273 294 165 221 165 323 208 363 266
206 212 169 268 283 273 298 408 296 349 251 273 248 404 245 343 4 0
;
597 0 247 106 257 156 261 206 265 273 291 164 219 165 321 207 362 265
205 213 168 270 282 273 298 408 296 349 249 273 248 404 244 343 4 0
;
598 0 246 106 255 156 259 206 265 273 290 164 218 166 320 207 362 264
204 213 168 271 281 273 298 409 295 349 248 274 248 404 244 343 4 3
;
599 0 243 107 253 156 257 206 263 273 287 164 217 167 318 206 360 263
203 214 169 272 279 272 300 410 293 349 247 274 248 404 243 342 4 3
;
600 0 241 108 251 157 256 207 262 273 285 164 214 168 316 206 359 263
202 215 170 272 278 272 302 410 294 348 246 274 248 404 243 342 4 3
;
601 0 238 109 249 157 254 207 261 272 283 165 212 169 313 206 357 262
201 217 172 273 277 271 304 406 296 344 245 274 247 403 242 341 4 3
;
602 0 237 109 248 157 253 207 260 272 281 165 211 170 312 206 355 261
201 217 172 273 276 270 303 405 298 342 244 274 247 403 241 340 4 3
;
603 0 235 110 246 158 252 207 260 272 279 165 210 170 310 205 352 260
200 218 173 273 275 270 302 403 301 336 244 274 247 403 242 340 4 0
;
604 0 234 110 245 158 252 207 260 272 278 165 209 171 309 205 351 259
200 218 173 272 276 269 301 396 302 334 244 274 247 404 242 340 4 0
;
605 0 232 110 244 157 251 206 260 271 277 164 208 171 308 204 349 258
199 218 173 271 276 268 302 391 304 319 244 274 248 404 242 339 4 3
;
606 0 232 110 243 157 251 206 260 271 277 164 208 171 307 204 350 257
199 218 173 271 276 268 304 388 303 317 244 273 248 405 243 339 4 3
;
607 0 231 110 243 157 250 205 259 270 276 164 208 171 307 203 349 256
199 218 172 270 276 267 306 381 303 306 243 273 249 407 243 339 4 3
;
608 0 231 110 242 157 250 205 259 269 276 164 207 171 306 203 349 255
199 219 172 270 275 266 305 377 303 301 243 272 249 407 243 339 4 3
;
609 0 230 111 242 158 249 205 258 269 275 164 207 172 306 203 351 256
199 218 172 270 274 266 304 373 302 294 241 272 250 409 243 339 4 0
;
610 0 229 111 242 158 249 205 257 269 275 164 207 172 306 203 351 256
199 218 172 270 274 266 303 373 302 293 240 272 250 409 244 339 4 0
;
611 0 229 112 241 158 248 205 257 269 275 164 207 172 306 203 351 256
199 219 172 271 274 265 303 373 301 293 240 272 251 409 244 339 4 3
;
612 0 229 112 241 158 248 205 257 269 275 164 207 172 306 203 351 256
199 219 172 271 274 265 303 375 300 296 240 272 251 409 244 339 4 3
;
613 0 228 112 241 158 248 205 257 269 275 164 207 173 306 203 352 257
200 219 173 271 274 265 300 383 297 307 241 272 251 409 244 339 4 3
;
614 0 228 112 241 158 248 205 257 269 275 164 207 173 306 203 351 256
200 219 173 270 274 265 300 386 296 313 241 272 250 409 244 339 4 3
;
615 0 228 112 242 158 248 205 257 269 275 164 208 173 307 203 352 257
201 219 174 270 274 266 297 389 293 319 241 272 250 409 244 340 4 3
;
616 0 228 112 242 158 249 205 257 269 275 164 208 173 307 202 352 257
202 220 174 269 274 266 296 392 291 326 241 272 250 408 244 340 4 3
;
617 0 228 112 242 158 249 205 257 269 275 163 208 172 308 202 352 259
203 219 175 269 274 266 296 399 288 332 241 273 250 408 243 344 4 3
;
618 0 228 111 242 157 249 205 257 269 275 163 208 172 309 202 353 260
203 219 176 268 274 266 296 401 287 341 241 273 250 408 242 345 4 0
;
619 0 229 111 243 157 249 205 257 269 276 163 209 171 309 203 353 262
205 218 177 267 274 267 296 406 286 347 242 273 250 408 242 345 4 3
;
620 0 230 110 244 157 249 205 257 270 276 163 209 171 310 203 353 264
205 217 177 266 274 267 295 410 285 349 242 273 250 408 242 345 4 3
;
621 0 231 109 246 156 250 205 258 270 277 163 211 170 311 204 352 267
207 216 179 265 274 268 300 427 285 353 242 273 250 411 241 349 4 3
;
622 0 232 108 247 156 251 206 258 270 278 163 211 170 312 205 352 269
208 216 180 265 274 269 300 428 285 354 242 273 250 411 241 349 4 0
;
623 0 235 108 249 156 253 206 259 271 280 164 212 170 313 207 350 274
210 216 183 264 275 270 292 426 286 356 244 273 250 411 241 349 4 3
;
624 0 236 108 251 156 255 206 260 272 281 164 215 169 314 208 348 277
212 215 184 263 275 271 290 425 286 356 245 273 250 411 242 349 4 3
;
625 0 239 108 253 157 256 207 261 272 283 165 217 168 315 211 341 284
215 215 187 264 276 272 290 425 287 356 246 273 251 422 242 349 4 0
;
626 0 240 108 254 157 257 207 261 273 284 166 219 167 315 213 335 287
217 214 190 265 276 272 289 425 288 355 247 273 251 422 243 349 4 0
;
627 0 241 108 256 158 259 208 263 273 285 168 222 167 312 216 317 292
220 213 196 265 277 273 288 425 288 355 250 273 250 423 244 350 0 1
;
628 0 241 108 256 159 259 209 263 273 285 168 224 166 308 221 307 296
222 213 199 266 277 274 289 425 288 355 250 273 250 423 245 347 0 1
;
629 0 241 109 257 159 260 209 264 273 284 169 227 166 303 221 282 299
226 212 206 265 277 274 289 426 289 355 252 272 250 423 247 346 0 1
;
630 0 241 110 258 160 260 210 265 273 284 169 228 166 297 223 269 301
228 212 209 265 278 275 290 426 289 354 253 272 250 423 247 346 0 1
;
631 0 240 111 258 161 262 210 268 273 282 171 231 166 289 225 247 301
233 211 215 264 279 275 291 426 288 354 257 271 250 422 250 349 0 1
;
632 0 240 111 258 161 262 211 268 275 282 171 232 167 286 225 238 299
233 214 218 265 279 275 291 427 288 354 259 276 250 425 250 350 0 1
;
633 0 238 113 256 163 261 213 268 277 279 173 234 169 278 224 224 295
235 214 223 265 278 277 291 428 288 354 259 277 251 426 251 352 0 1
;
634 0 236 115 255 164 261 214 269 277 277 174 234 170 272 225 217 295
239 213 225 264 278 278 291 429 287 354 260 277 251 425 252 352 0 1
;
635 0 233 117 253 165 260 216 269 279 275 175 234 174 260 229 201 298
238 217 226 255 279 279 292 430 286 355 260 278 250 426 252 353 0 0
;
636 0 231 118 251 166 260 217 269 280 273 176 234 175 257 231 196 297
238 218 226 255 279 280 293 431 283 355 261 279 251 426 253 362 0 0
;
637 0 228 119 249 167 258 218 269 281 271 177 233 176 252 230 190 294
237 218 236 271 278 281 295 433 281 356 260 280 250 428 255 356 0 0
;
638 0 227 120 248 168 257 218 269 281 270 177 232 176 247 231 185 295
236 218 236 271 277 281 295 433 281 357 260 280 250 428 255 356 0 0
;
639 0 225 120 245 168 255 219 267 281 267 177 230 174 244 231 182 295
234 216 236 267 276 282 296 433 280 359 259 281 251 428 252 363 0 1
;
640 0 222 120 243 168 254 219 266 282 265 177 228 174 240 231 180 295
235 211 236 263 274 283 295 433 280 361 258 281 251 429 252 356 0 1
;
641 0 222 120 242 168 253 219 265 282 264 177 227 175 239 231 180 296
235 212 235 264 274 283 295 433 280 361 258 281 251 429 251 355 0 1
;
642 0 221 120 241 168 252 219 265 283 263 178 227 176 238 232 180 297
234 213 235 264 273 283 295 433 280 362 257 282 251 429 251 356 0 1
;
643 0 221 119 240 167 250 219 264 283 260 178 225 177 236 232 179 298
233 213 233 264 272 284 294 433 282 365 256 282 251 429 251 355 0 1
;
644 0 220 118 238 167 249 218 262 282 258 178 223 176 235 233 179 299
231 213 230 267 270 283 295 433 281 365 254 281 252 428 250 355 0 1
;
645 0 219 118 237 167 248 218 261 282 257 177 222 176 234 233 179 299
230 213 229 267 269 283 294 432 282 366 253 281 251 428 250 355 0 1
;
646 0 219 117 236 167 247 218 260 282 255 177 221 178 234 233 179 300
229 214 227 269 268 283 294 432 283 366 252 280 251 428 250 355 0 1
;
647 0 218 117 235 167 246 218 259 282 255 177 219 177 233 233 179 301
227 214 224 272 268 283 293 432 283 366 251 281 252 428 250 355 0 1
;
648 0 218 117 234 166 245 218 259 282 254 177 219 177 233 233 180 300
227 214 222 273 267 283 293 432 283 366 251 281 252 429 249 355 0 1
;
649 0 217 117 233 166 244 218 258 282 253 177 218 177 233 233 180 301
226 214 220 275 266 283 293 432 283 367 250 281 252 429 249 355 0 1
;
650 0 217 116 232 166 243 218 257 282 252 177 217 178 233 233 181 301
225 214 219 276 265 283 292 432 283 367 249 281 252 429 249 354 0 1
;
651 0 217 116 232 166 243 218 256 282 251 177 216 178 233 233 181 301
225 214 218 276 265 283 292 432 283 367 248 281 252 429 248 355 0 1
;
