154 0 292 107 293 156 291 204 288 268 327 168 257 163 339 219 337 287
251 210 233 270 304 270 300 406 304 344 273 266 250 404 256 342 0 1
;
155 0 287 107 289 156 287 205 286 269 325 167 252 164 337 219 338 288
246 212 230 273 302 270 300 406 305 344 271 268 252 407 256 345 0 1
;
156 0 284 106 285 156 285 205 284 270 321 167 249 165 335 218 339 288
244 213 230 275 300 271 300 406 305 344 269 269 254 407 257 343 4 1
;
157 0 278 106 280 156 280 205 281 271 315 167 243 165 331 217 338 287
238 214 227 278 296 271 300 406 305 344 266 270 255 405 257 341 4 0
;
158 0 275 106 277 156 278 205 279 271 313 166 241 165 328 217 336 287
236 215 226 279 295 271 299 406 304 345 264 271 255 405 256 340 4 0
;
159 0 269 106 274 156 275 206 276 271 310 166 237 166 325 217 332 286
233 216 222 280 292 271 299 406 302 346 261 271 255 405 254 340 0 0
;
160 0 267 106 272 156 274 206 275 272 306 166 235 166 323 216 330 286
231 216 220 280 291 272 299 406 301 347 260 272 255 405 253 340 4 0
;
161 0 263 106 269 156 271 206 274 272 303 166 232 167 321 217 326 287
228 217 217 280 289 272 299 406 300 348 259 272 255 405 252 341 0 0
;
162 0 262 106 268 156 270 206 273 272 302 166 230 167 319 217 324 287
227 217 216 281 288 272 299 406 299 348 258 272 255 404 251 341 0 0
;
163 0 258 106 265 156 268 206 271 272 299 166 227 168 316 217 322 285
224 218 215 282 287 272 298 407 297 351 256 273 254 405 249 343 0 0
;
164 0 256 106 263 156 266 206 270 272 297 166 225 168 315 217 321 284
223 218 215 283 285 272 298 408 295 353 255 273 254 405 249 344 0 0
;
165 0 252 109 259 158 263 207 268 273 293 167 222 171 312 217 323 283
220 221 215 286 284 272 299 407 295 352 252 274 254 407 248 349 4 0
;
166 0 250 111 257 160 261 209 267 274 291 169 220 174 311 218 324 284
218 223 215 288 283 273 297 407 295 348 250 276 257 422 247 353 4 0
;
167 0 247 115 254 164 258 213 264 278 289 173 219 178 310 220 328 286
215 228 214 292 280 276 295 406 295 348 247 280 256 426 246 355 4 0
;
168 0 246 117 253 165 257 214 263 279 288 174 218 180 309 221 329 286
214 229 214 294 279 276 294 402 295 342 246 281 256 426 246 356 0 0
;
169 0 246 117 253 165 257 214 262 278 287 174 218 180 308 221 328 283
214 229 214 293 279 276 295 390 297 325 246 281 257 424 246 353 0 0
;
170 0 246 116 253 164 257 212 262 277 287 173 217 179 307 220 326 280
214 228 215 291 278 275 296 393 296 320 245 279 257 424 246 352 0 0
;
171 0 246 113 253 161 256 209 261 274 288 169 217 175 305 217 324 280
213 224 217 286 277 272 298 381 296 299 244 275 256 410 248 349 0 1
;
172 0 247 112 253 160 256 208 260 273 288 169 217 174 305 216 324 272
213 223 217 284 277 271 296 370 295 285 244 274 256 409 248 348 0 1
;
173 0 247 112 253 160 256 208 260 273 288 168 218 174 305 216 324 272
213 222 217 285 276 271 294 367 295 281 244 274 256 409 249 345 0 1
;
174 0 248 112 253 160 256 208 260 273 288 169 218 174 304 216 325 282
213 222 217 286 276 271 294 367 295 280 244 274 256 409 249 345 0 1
;
175 0 248 113 253 161 256 208 260 273 289 170 218 174 305 217 322 274
213 223 216 289 276 271 295 367 295 282 243 274 255 409 249 345 0 1
;
176 0 248 113 253 161 256 208 260 273 289 170 218 174 304 217 324 284
213 223 216 288 276 271 296 368 295 286 243 274 255 409 249 345 0 1
;
177 0 249 113 254 161 256 208 260 272 289 170 218 174 304 217 322 282
214 222 216 287 277 270 296 380 296 303 244 273 255 409 249 344 0 1
;
178 0 249 112 254 160 257 207 261 271 289 169 219 173 304 217 322 281
214 222 216 286 277 269 296 387 295 315 244 273 255 409 248 344 0 1
;
179 0 250 111 255 159 258 206 262 270 290 168 219 172 304 216 323 277
215 221 216 284 278 268 293 390 293 326 246 272 255 409 247 343 0 1
;
180 0 250 111 256 159 258 206 262 269 290 168 219 171 305 216 323 277
215 221 215 284 278 268 293 395 292 332 246 271 255 408 247 343 0 1
;
181 0 252 110 257 158 259 205 263 269 291 167 220 170 307 215 324 279
216 220 214 284 279 267 294 402 291 344 247 271 255 408 246 343 0 1
;
182 0 253 109 257 157 260 205 263 269 292 167 221 170 308 215 325 279
216 219 214 283 279 267 295 405 290 345 247 271 254 408 245 343 0 1
;
183 0 255 108 260 157 262 205 264 269 294 167 222 169 311 215 325 281
218 218 214 283 280 268 297 409 289 351 248 271 254 408 245 343 0 1
;
184 0 257 108 262 156 263 205 265 270 296 167 224 168 312 215 326 283
218 218 214 283 281 269 294 410 289 353 249 271 254 407 245 343 4 1
;
185 0 261 107 265 156 266 205 267 270 299 166 227 167 315 216 326 284
220 216 214 282 283 269 291 411 290 354 251 271 254 407 245 343 4 1
;
186 0 263 107 266 156 267 205 268 270 301 167 228 166 316 216 327 285
222 216 215 281 284 270 290 411 290 354 252 271 254 407 246 343 4 1
;
187 0 267 106 269 156 269 205 270 270 304 167 231 165 318 217 328 286
224 215 217 280 285 270 290 411 292 353 254 271 254 407 247 343 4 1
;
188 0 269 106 270 156 270 205 271 270 306 167 233 164 319 217 329 286
225 214 219 279 286 270 290 411 292 353 255 271 253 407 248 343 0 1
;
189 0 273 106 273 156 273 205 272 271 309 167 235 164 322 218 332 286
227 214 222 279 288 270 289 411 293 352 256 271 254 406 250 343 4 1
;
190 0 275 105 274 156 274 205 273 271 310 167 237 164 323 218 333 286
228 214 223 279 289 271 289 410 293 352 257 271 254 406 251 342 4 1
;
191 0 277 106 277 156 276 205 275 271 313 168 239 164 325 218 335 287
230 214 224 279 291 271 289 409 294 352 259 271 255 411 253 348 4 1
;
192 0 279 106 278 156 277 205 276 271 314 168 240 164 326 218 337 287
231 214 225 279 292 271 289 409 295 352 260 271 255 412 253 349 4 1
;
193 0 282 106 281 156 279 206 277 271 318 168 243 164 329 219 339 288
233 214 226 279 293 271 288 409 296 352 261 271 256 413 255 352 0 1
;
194 0 284 106 282 157 281 206 279 271 319 169 245 164 330 219 339 289
235 214 226 279 295 272 288 409 296 352 263 271 255 408 255 350 0 1
;
195 0 288 108 286 158 284 206 281 271 323 170 249 164 332 221 340 290
238 214 226 278 297 272 288 409 298 352 265 271 251 408 253 349 0 1
;
196 0 291 109 289 159 286 207 282 272 325 171 251 165 334 222 340 291
240 214 226 278 298 273 288 409 298 352 266 271 247 407 251 346 0 1
;
197 0 295 111 292 161 288 208 283 273 328 173 254 166 336 224 340 295
243 215 227 277 300 274 288 409 300 351 267 271 249 405 247 340 4 1
;
198 0 297 112 293 161 289 209 284 273 329 174 256 167 336 225 340 295
244 215 227 276 300 275 288 410 300 351 268 271 251 403 245 338 4 1
;
199 0 300 111 296 161 291 208 285 272 331 175 259 166 337 226 339 296
246 214 229 268 301 275 289 409 299 349 269 270 249 390 241 322 4 1
;
200 0 301 111 297 160 292 208 286 272 332 175 260 165 338 226 338 295
247 213 225 269 302 274 289 409 298 345 270 269 247 385 239 311 1 1
;
201 0 303 109 299 159 295 206 289 269 334 174 261 164 338 226 336 294
248 211 228 269 305 272 289 408 298 342 272 266 247 367 237 285 1 1
;
202 0 304 109 300 158 295 205 290 269 335 173 262 163 339 226 336 294
249 211 229 267 307 272 289 408 298 341 273 265 247 363 238 279 1 1
;
203 0 305 109 301 159 297 206 291 269 336 174 263 164 339 227 336 296
250 211 231 263 308 272 289 408 297 339 275 266 248 358 239 271 1 1
;
204 0 305 110 301 160 297 206 292 270 336 175 264 165 340 228 336 297
251 211 231 262 309 273 289 408 296 341 275 266 248 358 238 269 1 1
;
205 0 306 112 302 161 298 208 293 271 336 176 265 166 340 230 336 300
251 213 231 262 310 274 289 408 296 342 276 268 248 358 238 269 1 1
;
206 0 306 112 302 161 298 208 293 271 335 176 265 167 340 229 337 300
251 213 231 264 310 274 289 408 296 342 277 268 247 358 238 270 1 1
;
207 0 306 112 302 161 299 208 294 271 335 176 265 166 340 229 336 298
252 213 231 267 311 274 289 408 297 342 278 268 247 367 237 281 0 1
;
208 0 305 110 302 159 298 207 293 270 335 174 265 165 340 227 336 296
252 212 233 258 310 273 289 408 298 341 277 267 247 379 238 305 4 1
;
209 0 305 110 302 159 298 206 292 270 334 174 264 165 340 226 336 295
252 212 233 263 309 273 289 408 299 342 276 267 248 385 239 309 4 1
;
210 0 305 109 302 158 297 206 291 269 334 174 264 164 340 226 337 295
252 211 234 266 307 273 290 408 299 342 275 266 250 389 242 322 4 1
;
211 0 305 109 301 158 296 206 289 270 333 174 263 164 340 226 339 295
252 211 234 270 305 273 290 407 300 345 273 267 253 397 252 336 4 1
;
212 0 304 108 301 158 295 206 288 270 333 174 263 163 340 226 340 295
252 211 234 271 304 273 290 407 301 346 273 267 254 401 254 339 4 1
;
213 0 303 108 299 157 294 206 288 270 333 173 261 163 340 226 341 294
251 211 232 273 304 273 289 408 301 348 272 267 258 407 257 346 4 1
;
214 0 302 108 298 157 293 206 287 270 333 173 260 163 339 225 342 294
250 211 231 274 303 273 289 409 302 350 271 268 258 407 258 352 4 1
;
215 0 299 108 295 157 290 206 285 271 331 173 257 163 338 225 341 293
247 211 229 275 301 273 290 409 302 350 269 269 262 411 260 353 0 1
;
216 0 296 108 292 157 289 206 284 271 329 172 255 163 337 224 341 293
245 212 228 276 300 273 290 408 301 350 268 270 263 411 260 353 0 1
;
217 0 292 107 289 157 286 206 282 271 326 170 252 163 335 222 340 291
242 213 226 277 297 272 290 408 301 351 266 270 264 410 260 350 0 1
;
218 0 288 106 286 156 284 205 280 271 324 169 249 163 333 221 336 289
240 213 224 277 296 272 290 407 299 350 264 270 263 407 259 346 0 1
;
219 0 286 106 285 156 283 205 279 271 321 169 248 163 332 220 334 289
239 213 223 276 295 272 290 407 299 351 264 270 263 407 258 346 0 1
;
220 0 282 106 282 156 281 205 278 271 318 169 245 164 329 220 332 289
237 214 221 275 294 272 290 407 298 351 263 270 263 406 258 347 0 0
;
221 0 281 106 281 156 280 205 278 271 317 169 244 164 328 220 331 290
236 214 220 275 294 272 290 408 297 352 262 270 263 406 257 347 0 0
;
222 0 279 106 279 156 279 205 277 271 315 169 242 164 325 220 328 289
235 214 220 275 293 271 289 408 297 352 262 270 263 406 257 347 4 0
;
223 0 278 106 278 156 278 205 277 271 313 169 241 164 324 220 326 289
234 214 220 276 293 271 288 408 297 353 261 270 263 406 257 347 4 0
;
224 0 276 106 277 156 276 205 276 271 312 169 239 164 322 220 323 288
231 214 218 278 292 271 287 409 296 353 261 271 262 405 256 345 0 0
;
225 0 275 106 276 156 276 205 276 271 311 169 238 164 322 220 322 287
231 214 218 279 291 271 288 410 296 353 260 271 262 405 256 346 4 0
;
226 0 274 106 275 156 275 205 275 271 310 169 237 164 321 220 321 287
230 214 217 279 291 271 287 409 295 353 260 271 262 404 255 345 4 1
;
227 0 273 106 274 156 274 205 274 271 309 168 236 164 319 220 320 287
229 214 216 279 290 271 287 409 295 353 259 271 262 405 255 346 4 1
;
228 0 273 106 274 156 274 205 274 271 309 168 236 164 319 220 320 286
228 214 216 279 289 271 288 409 295 353 258 271 262 405 254 345 4 1
;
229 0 272 106 273 156 273 205 273 271 308 168 235 164 318 220 319 287
228 214 215 278 289 271 288 410 294 353 258 271 262 405 254 346 0 1
;
230 0 271 106 272 156 272 205 273 271 307 168 234 164 317 220 319 288
227 214 214 278 288 271 287 409 294 353 257 271 262 405 254 346 4 1
;
231 0 271 106 272 156 272 205 273 271 307 168 234 164 317 220 319 288
227 214 214 279 288 271 288 409 294 353 257 271 262 405 254 346 4 1
;
232 0 270 106 272 156 272 205 272 271 306 168 234 164 317 220 319 288
226 214 214 278 288 271 288 409 294 353 257 271 262 405 254 346 0 1
;
233 0 270 106 272 156 272 205 272 271 306 168 234 164 317 220 319 288
226 214 213 278 288 271 288 409 294 353 257 271 262 405 254 346 4 1
;
234 0 270 106 272 156 272 205 272 271 306 168 234 164 317 220 319 288
226 214 213 278 288 271 288 410 294 353 257 271 262 405 253 345 0 1
;
235 0 270 106 271 156 272 205 272 271 306 168 234 164 317 220 319 289
226 214 214 278 288 271 288 410 293 353 257 271 262 405 253 345 0 0
;
236 0 270 106 271 156 272 205 272 271 306 168 234 164 317 220 319 288
226 214 214 278 288 271 286 410 293 353 257 270 262 405 253 345 0 0
;
237 0 270 106 271 156 272 205 272 271 306 168 234 164 317 220 319 288
226 214 215 278 288 271 286 410 293 353 256 270 262 405 253 345 0 0
;
238 0 270 106 271 156 272 205 272 271 306 168 234 164 317 220 319 289
226 214 215 278 287 271 287 410 293 353 256 270 262 405 253 345 0 0
;
239 0 270 106 271 156 272 205 272 271 306 168 234 164 317 220 319 288
226 214 215 278 287 271 287 409 293 354 256 270 262 405 253 344 0 0
;
240 0 270 106 272 156 272 205 272 271 306 168 234 164 316 220 319 288
226 214 215 278 287 271 287 409 293 354 256 270 262 404 253 344 0 0
;
241 0 270 106 272 156 272 205 272 271 307 168 234 164 317 220 319 288
226 214 215 278 287 271 287 409 293 354 256 270 262 405 253 344 0 0
;
242 0 270 106 272 156 272 205 272 271 307 168 234 164 316 220 318 289
226 214 215 278 287 271 288 410 293 354 256 270 262 405 253 344 0 0
;
243 0 270 106 272 156 272 205 271 271 307 168 234 164 316 220 318 289
226 214 215 277 287 271 288 410 293 353 256 270 262 405 253 344 0 1
;
244 0 271 106 272 156 272 205 271 271 307 168 234 164 316 220 318 289
226 214 214 277 287 271 287 410 293 354 256 270 262 405 253 344 0 1
;
245 0 271 106 272 156 272 205 271 271 307 168 234 164 316 220 318 290
226 214 214 277 287 271 287 410 293 354 256 270 262 405 253 344 0 1
;
246 0 271 106 272 156 272 205 271 271 307 168 234 164 316 220 318 289
226 214 214 277 287 271 287 411 293 354 256 270 263 406 253 346 0 1
;
247 0 270 107 271 156 271 205 271 271 306 169 234 164 316 220 318 290
226 214 213 278 287 271 287 411 293 354 256 270 263 407 254 348 0 1
;
248 0 269 108 270 157 271 206 272 271 303 170 232 166 316 221 319 291
225 215 213 279 287 271 287 412 292 358 256 271 263 410 255 355 0 0
;
249 0 267 110 269 159 270 208 271 273 302 171 231 168 315 222 319 292
225 218 213 281 286 272 288 411 289 359 255 273 263 409 254 353 0 0
;
250 0 263 114 266 162 267 210 269 275 299 173 229 172 313 223 320 293
224 221 214 283 285 274 289 411 290 357 254 275 264 412 253 356 4 0
;
251 0 262 115 265 163 267 211 269 275 298 174 228 173 313 224 320 293
224 222 214 283 285 274 293 410 292 356 253 276 264 412 253 357 4 0
;
252 0 259 115 263 163 265 211 268 275 296 174 227 174 311 223 321 289
224 222 217 282 284 274 294 406 295 344 252 276 264 412 252 357 0 1
;
253 0 258 115 263 162 265 210 268 274 295 173 226 173 310 222 322 286
223 222 218 280 283 273 294 402 296 338 252 276 264 410 252 355 0 1
;
254 0 257 112 261 159 264 207 267 271 295 169 225 172 309 218 325 280
223 220 222 278 283 269 295 387 297 322 252 272 263 407 253 348 0 1
;
255 0 257 111 261 158 264 205 267 269 295 167 225 171 309 216 327 278
223 219 223 277 283 267 295 381 297 315 251 271 263 407 254 346 0 1
;
256 0 256 111 261 158 263 205 266 269 295 167 225 170 310 215 329 276
223 219 223 277 282 267 295 369 298 300 250 270 263 407 255 345 0 1
;
257 0 256 111 261 158 263 205 266 269 295 167 225 170 310 215 331 277
222 219 223 278 282 267 295 368 298 299 250 270 263 407 255 345 0 1
;
258 0 255 113 260 160 263 207 266 270 294 169 225 174 311 216 333 281
221 221 220 282 282 269 295 366 298 297 249 272 263 410 256 348 3 1
;
259 0 255 114 260 161 262 208 265 271 294 170 226 175 312 217 333 281
221 223 219 284 282 269 295 367 298 298 249 272 263 410 256 348 3 1
;
260 0 255 114 261 161 263 208 267 271 294 170 226 175 312 217 331 281
222 223 219 284 283 269 297 369 298 300 250 272 263 409 256 348 0 1
;
261 0 255 114 261 161 264 207 268 270 295 170 227 175 312 217 331 280
222 223 219 283 284 268 297 370 299 303 251 272 263 409 256 347 0 1
;
262 0 257 113 262 160 265 206 269 269 296 169 227 174 312 216 330 278
223 222 222 282 285 267 299 378 302 316 253 271 263 408 257 344 0 1
;
263 0 257 113 263 160 266 206 270 269 297 168 227 173 312 215 330 278
223 221 223 281 286 267 300 389 302 324 254 270 263 408 257 343 0 1
;
264 0 259 112 264 159 267 206 271 268 298 168 228 172 313 215 330 278
225 220 222 281 287 266 300 397 301 332 255 270 263 408 256 343 0 1
;
265 0 260 112 265 159 268 206 271 268 299 168 229 172 314 215 332 278
225 220 223 281 287 266 300 402 301 337 256 270 263 408 256 343 0 1
;
266 0 263 111 267 158 270 205 273 268 301 168 231 170 316 215 333 280
227 218 223 280 288 266 304 408 301 345 257 270 263 408 255 343 0 1
;
267 0 266 111 271 158 272 206 274 269 304 168 234 169 319 216 334 283
229 217 224 280 290 268 305 409 302 351 259 270 263 407 254 343 0 1
;
268 0 268 111 272 159 273 206 275 270 306 169 235 169 321 216 334 284
230 217 223 280 290 269 304 408 302 350 260 270 262 407 254 344 0 1
;
269 0 270 111 273 159 275 207 276 270 307 169 237 169 322 217 335 286
231 217 223 280 292 270 303 407 302 349 261 271 262 407 255 346 0 1
;
270 0 272 112 275 160 276 207 278 271 308 170 238 169 323 219 336 288
233 217 223 279 293 271 303 408 303 351 263 272 260 407 257 350 4 1
;
271 0 272 112 275 160 276 207 278 271 308 170 238 169 323 219 336 288
233 217 224 279 293 271 303 408 303 351 263 272 260 408 257 351 4 1
;
272 0 272 112 275 160 276 207 278 271 308 170 238 169 323 219 335 286
233 217 224 279 293 271 302 408 303 352 263 272 261 409 257 353 4 1
;
273 0 270 112 274 160 275 208 276 272 307 171 237 169 323 219 334 286
232 218 221 280 291 272 302 409 300 353 261 272 259 409 256 353 0 0
;
274 0 269 113 272 160 274 208 275 273 305 171 236 170 322 219 334 286
231 219 220 281 291 272 301 410 298 354 260 273 259 409 255 353 4 0
;
275 0 265 115 268 162 270 210 272 274 301 173 232 173 320 220 335 286
228 222 219 283 287 273 300 409 294 354 256 274 258 412 253 355 4 0
;
276 0 263 116 266 163 268 211 270 274 299 174 230 175 319 220 335 285
226 224 219 285 286 273 300 409 293 353 255 275 259 421 252 356 4 0
;
277 0 260 117 263 164 266 211 269 274 297 174 227 176 317 220 336 282
223 225 219 286 285 273 297 404 292 347 253 276 260 423 251 357 4 0
;
278 0 258 117 261 163 265 210 268 274 295 173 227 176 315 218 336 280
222 225 219 286 284 272 296 399 291 335 253 275 260 423 251 356 0 0
;
279 0 255 114 259 161 262 208 267 271 293 170 224 174 313 214 336 275
220 223 219 284 283 269 296 389 292 318 251 272 259 408 251 348 4 4
;
280 0 254 113 258 159 262 206 266 269 292 168 224 173 312 212 336 273
220 222 219 282 282 267 297 388 293 314 250 271 259 408 251 346 4 0
;
281 0 253 112 257 158 260 205 265 268 291 166 223 172 312 210 337 271
219 221 219 281 281 266 296 371 295 291 248 270 259 408 252 343 4 4
;
282 0 253 112 257 158 260 205 264 268 291 166 223 172 312 210 337 271
219 221 218 282 280 266 297 366 296 286 248 270 259 408 252 343 0 4
;
283 0 251 113 256 159 259 206 263 269 290 167 222 174 311 211 337 273
218 221 218 285 280 267 295 351 296 268 247 271 258 407 252 343 0 1
;
284 0 251 114 256 159 259 206 263 270 290 168 222 175 311 211 337 275
218 222 217 286 280 268 295 351 296 268 247 272 258 408 252 343 0 1
;
285 0 250 114 256 159 259 206 263 270 289 169 222 176 310 213 334 275
217 223 217 288 280 268 298 363 297 283 247 273 259 408 252 343 4 0
;
286 0 250 114 255 160 259 206 263 271 289 169 224 176 310 213 333 275
217 223 217 287 280 268 300 363 297 285 247 273 259 408 253 344 0 0
;
287 0 250 114 255 159 259 206 264 270 289 168 223 175 310 213 330 272
218 223 217 285 281 267 300 376 297 304 248 272 259 408 252 343 0 0
;
288 0 250 113 256 159 259 206 265 269 290 168 222 175 309 213 329 272
218 222 217 284 281 267 300 381 297 312 248 271 259 408 252 344 0 0
;
289 0 251 112 256 158 260 205 265 268 290 167 222 173 309 212 330 273
218 221 217 283 281 266 299 392 295 326 249 271 259 408 252 343 0 4
;
290 0 251 111 256 158 260 205 265 268 290 166 222 173 310 212 330 274
218 221 216 283 281 266 298 395 294 332 249 270 259 408 251 343 0 4
;
291 0 252 110 258 157 261 204 266 268 292 166 223 172 311 212 330 276
219 221 216 282 281 266 297 404 293 343 250 270 258 408 249 343 0 0
;
