94 0 246 107 249 153 249 200 249 263 282 156 212 156 330 160 397 152
166 164 101 157 265 263 275 396 274 332 233 264 226 399 226 333 2 2
;
95 0 246 107 249 153 249 200 249 264 282 156 212 156 330 160 397 152
166 164 102 156 265 263 275 396 274 332 233 264 226 399 226 333 2 2
;
96 0 246 107 249 153 249 201 249 264 282 156 212 156 329 161 397 153
166 164 101 155 265 264 275 396 274 332 233 264 226 399 226 333 2 2
;
97 0 246 107 249 153 249 201 249 264 282 156 212 156 329 161 396 154
166 163 101 155 265 264 275 396 274 332 233 264 226 398 226 333 2 2
;
98 0 246 107 249 153 249 201 249 264 282 156 212 156 329 161 396 155
166 163 102 154 265 264 275 396 274 332 233 264 226 398 226 333 2 2
;
99 0 246 107 249 153 249 201 249 264 282 156 212 156 329 162 398 155
166 162 102 155 265 264 275 396 274 332 233 264 226 398 226 333 2 2
;
100 0 246 107 248 153 249 201 249 264 282 156 212 156 329 162 397 155
166 162 102 154 265 264 275 396 274 332 233 264 226 398 226 333 2 2
;
101 0 246 108 248 153 249 201 249 264 282 157 212 156 329 162 397 155
165 162 101 154 265 264 275 396 274 332 233 264 226 398 225 333 2 2
;
102 0 246 107 248 153 249 201 249 264 282 157 212 156 329 162 398 155
165 162 101 153 264 264 275 396 274 332 233 264 226 398 225 333 2 2
;
103 0 246 107 248 153 249 201 249 264 282 157 212 156 329 162 398 155
165 162 101 153 264 264 275 396 274 332 233 264 226 398 225 333 2 2
;
104 0 246 107 248 153 249 201 249 264 282 157 212 156 329 162 397 155
165 161 101 152 264 264 274 396 273 332 233 264 226 398 225 332 2 2
;
105 0 246 107 248 153 249 201 249 264 282 157 212 156 329 162 397 155
165 161 101 152 264 264 274 396 273 332 233 264 226 398 225 332 2 2
;
106 0 246 107 248 153 248 201 249 264 282 157 212 156 328 162 397 155
165 161 101 153 264 264 274 396 273 332 233 264 226 398 225 332 2 2
;
107 0 246 107 248 153 248 201 248 264 282 157 212 156 328 162 397 156
165 161 101 154 264 264 274 396 273 332 233 264 226 398 225 333 2 2
;
108 0 246 107 248 153 248 201 248 264 282 157 212 156 328 163 397 157
165 161 102 156 264 264 274 396 273 332 233 264 226 398 225 332 2 2
;
109 0 246 107 248 154 248 201 248 264 282 157 212 156 328 163 398 157
165 162 95 156 264 264 274 396 273 332 233 264 226 398 225 332 2 2
;
110 0 246 107 248 154 248 201 248 264 282 157 211 156 328 163 398 158
165 162 97 158 264 264 274 396 273 332 233 264 226 398 225 332 2 2
;
111 0 246 107 248 154 248 201 248 264 282 157 211 156 328 163 398 158
165 162 96 157 264 264 274 397 273 332 233 264 226 398 225 332 2 2
;
112 0 246 108 248 154 248 201 248 264 282 157 211 156 328 162 398 152
165 161 103 153 264 264 274 396 273 332 233 264 226 398 225 332 2 2
;
113 0 246 108 248 154 248 201 248 264 282 157 211 156 329 159 396 144
165 159 103 146 264 264 274 396 273 332 232 264 226 398 225 332 2 2
;
114 0 246 108 248 153 248 201 248 263 282 156 211 155 330 148 390 121
165 149 105 123 264 263 274 397 273 332 232 263 226 398 225 332 2 2
;
115 0 246 108 248 153 248 200 248 263 282 155 211 155 328 141 394 100
165 142 104 106 264 263 274 397 273 332 232 263 226 398 225 332 2 2
;
116 0 246 108 248 153 248 200 248 262 282 154 210 153 321 127 372 65
167 124 120 71 263 262 274 397 273 332 232 262 226 398 225 332 2 0
;
117 0 246 108 248 153 248 199 248 261 282 153 211 152 319 117 356 50
173 120 136 58 263 261 274 397 273 332 232 261 226 398 225 332 2 2
;
118 0 246 108 248 152 248 198 247 260 282 152 211 150 309 105 317 35
183 106 170 33 263 260 274 397 272 331 232 260 226 398 225 331 0 2
;
119 0 246 108 248 152 248 198 247 259 280 149 212 146 303 101 300 31
189 97 189 26 263 259 274 397 272 330 232 258 226 398 224 331 0 2;
120 0 246 108 248 152 248 197 247 255 279 147 214 145 294 97 271 31
198 98 221 27 263 256 274 397 272 330 231 255 226 398 224 331 0 2;
121 0 246 108 248 151 248 195 247 252 278 146 215 145 290 94 260 30
200 97 231 32 264 253 274 397 272 330 231 252 226 398 225 330 0 1;
122 0 246 108 248 151 248 194 247 249 278 144 216 144 286 91 260 30
202 96 234 27 264 250 274 397 271 329 230 248 226 398 225 329 1 1;
123 0 246 108 248 151 248 194 247 250 278 144 217 144 288 92 269 26
202 96 221 27 264 250 274 397 271 329 231 249 226 398 225 329 0 1;
124 0 246 108 249 151 248 194 247 253 278 144 216 144 298 99 301 26
190 99 186 28 263 254 274 396 271 329 231 253 226 398 225 329 0 0;
125 0 246 108 248 151 248 195 247 255 278 146 215 144 307 104 321 28
184 105 167 36 263 255 274 397 271 329 231 254 226 398 224 329 0 0
;
126 0 246 108 248 151 248 196 247 256 278 146 213 146 317 115 358 46
174 115 134 52 263 257 274 397 271 330 231 256 226 398 224 331 0 2
;
127 0 246 108 248 151 248 196 247 257 280 149 213 148 320 122 370 59
170 121 120 62 263 258 274 397 271 330 231 257 226 398 224 331 2 2
;
128 0 246 108 248 151 247 197 247 258 280 150 212 149 325 133 385 81
165 132 110 90 262 259 274 397 272 331 231 258 226 398 224 331 2 2
;
129 0 246 108 248 152 247 197 247 259 280 151 211 150 327 135 391 90
164 135 100 95 262 259 274 396 272 331 231 259 226 398 224 331 2 2
;
130 0 246 108 247 152 247 198 247 260 281 152 211 151 331 142 395 108
163 142 96 114 262 260 274 396 272 331 231 260 226 398 224 331 2 2
;
131 0 246 108 247 152 247 198 247 260 281 153 211 152 332 145 395 117
163 146 102 125 262 260 274 396 272 331 231 260 226 398 224 331 2 2
;
132 0 245 108 247 152 247 199 247 261 281 154 211 152 331 151 398 128
163 152 102 136 262 261 274 396 272 332 231 261 226 398 224 331 2 2
;
133 0 245 108 247 153 247 199 247 261 281 154 211 153 331 152 393 134
164 154 102 140 262 261 274 396 272 332 231 261 226 398 224 331 2 2
;
134 0 245 108 247 153 247 200 247 262 280 155 210 154 329 155 395 141
164 157 102 147 262 262 274 397 272 332 231 262 226 398 224 331 2 2
;
135 0 245 108 247 153 247 200 247 262 280 155 210 154 329 157 396 143
164 158 102 150 262 262 274 397 272 332 231 262 226 398 224 331 2 2
;
136 0 245 108 246 153 247 200 247 262 280 156 210 154 328 159 395 148
165 161 101 153 262 262 274 397 272 332 231 262 226 398 224 332 2 2
;
137 0 245 108 246 153 246 200 247 263 280 156 210 155 328 160 393 150
165 161 101 155 262 262 274 397 272 332 231 263 226 398 224 332 2 2
;
138 0 245 108 246 153 246 200 247 263 280 156 210 155 327 161 395 152
165 163 101 157 262 263 274 397 272 332 231 263 226 398 224 332 2 2
;
139 0 245 108 246 153 246 200 247 263 280 157 210 155 327 161 395 152
165 163 101 157 262 263 274 397 272 332 231 263 226 398 224 332 2 2
;
140 0 245 108 246 153 246 200 247 263 280 157 210 155 326 162 395 152
165 163 101 157 262 263 274 396 272 332 231 263 226 398 224 332 2 2
;
141 0 245 108 246 153 246 200 247 263 280 157 210 155 326 162 395 152
165 163 101 157 262 263 274 396 272 332 231 263 226 398 224 332 2 2
;
142 0 245 108 246 153 246 200 246 263 280 157 210 155 326 162 392 152
164 163 101 156 262 263 274 397 272 332 231 263 226 398 224 332 2 2
;
143 0 245 108 246 153 246 200 246 263 280 157 210 155 326 162 392 151
164 163 101 156 262 263 274 396 272 332 231 263 226 398 224 332 2 2
;
144 0 245 108 246 154 246 201 246 263 280 157 210 155 326 162 393 151
164 163 101 155 262 263 274 396 272 332 231 263 226 398 224 332 2 2
;
145 0 245 108 246 154 246 201 246 263 280 157 210 155 326 162 394 151
164 163 101 155 262 263 274 396 272 332 231 263 226 398 224 332 2 2
;
146 0 245 108 246 154 246 201 246 263 280 157 210 155 326 162 392 151
164 163 101 155 262 263 274 396 272 332 231 263 226 398 224 332 2 2
;
147 0 245 108 246 154 246 201 246 263 280 157 210 155 326 162 391 151
164 163 101 155 262 263 274 396 272 332 231 263 226 398 224 332 2 2
;
148 0 245 108 246 154 246 201 246 263 280 157 210 155 326 162 391 151
164 163 101 155 262 263 274 396 272 332 231 263 226 398 224 332 2 2
;
149 0 245 108 246 154 246 201 246 263 280 157 210 155 326 162 391 151
164 163 101 155 262 263 274 397 272 332 231 263 226 398 224 332 2 2
;
150 0 245 108 246 154 246 201 246 263 280 157 210 155 326 162 394 151
164 163 101 155 262 263 274 397 272 332 231 263 226 398 224 332 2 2
;
151 0 245 108 246 154 246 201 246 263 280 157 210 156 326 162 392 151
164 163 101 155 262 263 274 397 272 332 231 263 226 398 224 332 2 2
;
152 0 245 108 246 154 246 201 246 263 280 157 210 156 326 162 392 151
164 163 101 155 262 263 274 396 272 332 231 263 226 398 224 332 2 2
;
153 0 245 108 246 154 246 201 246 263 280 157 210 156 326 162 394 152
164 163 101 155 262 263 274 396 272 332 231 263 226 398 224 332 2 2
;
154 0 245 108 246 154 246 201 246 263 280 157 210 156 326 162 392 152
164 163 101 155 262 263 274 397 272 332 231 263 226 398 224 332 2 2
;
155 0 245 108 246 154 246 201 246 263 280 157 210 156 326 162 394 153
164 163 101 156 262 263 274 396 272 332 231 263 226 399 224 332 2 2
;
156 0 245 108 246 154 246 201 246 263 280 157 210 156 326 162 394 153
164 163 101 156 262 263 274 396 272 332 231 263 226 399 224 332 2 2
;
157 0 245 108 246 154 246 201 246 263 280 157 210 156 326 162 394 151
164 163 101 155 262 263 274 396 272 332 231 263 226 399 224 332 2 2
;
158 0 245 108 246 154 246 201 246 263 280 157 210 156 326 161 394 147
164 163 101 153 262 263 274 396 272 332 231 263 226 399 224 332 2 2
;
159 0 245 108 246 154 246 201 246 263 280 157 210 156 329 154 390 132
165 157 103 138 262 263 274 396 272 332 231 263 226 398 224 332 2 2
;
160 0 245 108 246 154 246 201 246 263 281 157 211 155 329 148 390 118
165 151 104 126 262 263 274 396 272 332 231 263 226 398 224 332 2 2
;
161 0 246 108 247 153 247 200 247 262 281 155 211 154 324 135 379 84
163 137 108 90 262 263 274 396 272 332 231 262 226 398 224 332 4 2
;
162 0 246 108 247 153 247 200 247 262 282 154 211 154 321 127 364 69
165 129 119 73 262 262 274 396 272 332 231 261 226 398 224 332 4 2
;
163 0 246 108 247 153 247 199 247 261 282 153 211 151 314 112 333 42
173 115 151 44 262 261 274 396 271 332 231 260 226 398 224 331 0 0
;
164 0 247 108 247 152 247 198 246 260 281 151 211 151 308 105 314 36
183 110 169 35 262 260 274 396 271 332 231 260 226 398 224 331 0 0
;
165 0 247 108 248 152 247 197 246 257 279 147 213 146 299 99 284 35
193 100 201 27 262 258 274 396 271 330 231 257 226 398 224 330 0 2
;
166 0 247 108 248 152 247 197 247 255 279 146 214 145 292 96 269 28
196 99 215 25 263 256 274 396 271 330 231 255 226 398 224 330 0 2;
167 0 247 108 248 152 248 194 246 250 278 143 216 144 284 90 252 29
202 96 232 32 263 251 274 396 271 330 230 249 226 398 224 329 1 1;
168 0 247 108 248 152 248 194 246 249 278 142 216 143 283 90 247 23
204 96 236 29 263 250 274 396 271 329 230 248 226 398 224 328 1 1;
169 0 247 108 249 152 248 194 246 248 277 139 216 143 283 90 259 27
204 95 230 26 263 249 274 396 271 329 230 248 226 398 224 328 1 1;
170 0 247 108 249 152 248 194 247 249 277 139 216 143 285 91 268 28
203 96 220 29 263 250 274 396 271 329 230 248 226 398 224 328 1 0;
171 0 247 108 248 152 248 194 247 252 277 142 215 142 293 94 292 25
196 98 196 29 263 252 274 396 271 329 230 252 226 398 224 328 0 2;
172 0 247 108 248 152 248 195 247 254 277 144 215 142 301 100 306 25
189 103 182 33 263 254 274 396 271 329 231 253 226 398 224 329 0 2
;
173 0 247 108 248 152 247 196 246 256 279 147 215 143 310 108 334 40
182 111 153 42 262 256 274 396 271 330 231 255 226 398 224 330 0 2
;
174 0 247 108 248 152 247 196 247 256 279 146 214 146 314 111 349 45
179 116 140 48 262 256 274 396 271 330 231 256 226 398 224 330 0 2
;
175 0 246 108 248 152 247 197 247 257 280 149 213 148 320 122 372 64
171 123 121 68 262 258 274 396 271 331 231 257 226 398 224 330 2 2
;
176 0 246 108 248 152 247 197 247 258 280 150 212 149 323 126 375 77
170 127 114 76 262 258 274 396 271 331 231 257 226 398 224 330 2 2
;
177 0 246 108 248 152 247 197 247 259 281 151 212 150 327 135 388 92
166 134 111 95 262 259 274 396 271 331 231 259 226 398 224 331 2 2
;
178 0 246 108 248 152 247 198 247 259 281 152 212 150 329 138 390 102
165 137 102 98 262 260 274 396 271 332 231 259 226 398 224 331 2 2
;
179 0 246 108 247 152 247 198 247 260 281 153 212 151 330 146 391 118
164 143 99 111 262 260 274 396 271 332 231 260 226 398 224 331 2 2
;
180 0 246 108 247 153 247 199 247 260 281 154 212 152 330 149 394 124
164 146 97 117 262 261 274 396 271 332 231 260 226 398 224 331 2 2
;
181 0 246 108 247 153 247 199 247 261 281 155 212 153 329 154 395 136
165 152 104 132 262 261 274 396 272 332 231 261 226 398 224 331 2 2
;
182 0 246 108 247 153 247 199 247 261 281 155 212 153 329 156 395 141
165 154 104 137 262 262 274 396 272 332 231 261 226 398 224 331 2 2
;
183 0 246 108 247 153 247 200 246 262 281 156 212 154 328 160 395 149
165 157 104 145 262 262 274 396 272 332 231 262 226 398 224 331 2 2
;
184 0 246 108 247 153 247 200 246 262 281 156 212 154 327 161 395 152
165 159 104 148 262 262 274 397 271 333 231 262 226 398 224 331 2 2
;
185 0 246 108 247 154 247 200 246 262 281 157 212 154 326 163 395 156
165 161 103 153 262 263 274 397 271 333 231 262 226 398 224 331 2 2
;
186 0 246 108 247 154 247 200 246 262 281 157 212 155 326 163 394 157
165 162 103 155 262 263 274 397 271 333 231 262 226 398 223 331 2 2
;
187 0 246 108 247 154 247 200 246 263 281 157 212 155 325 165 396 159
165 163 103 157 262 263 274 397 271 333 231 263 226 398 223 332 2 2
;
188 0 246 108 247 154 247 201 246 263 281 157 212 155 325 165 396 159
165 164 103 157 262 263 274 397 271 333 231 263 226 398 223 332 2 2
;
189 0 246 108 247 154 247 201 246 263 281 157 212 155 325 165 396 158
165 164 102 157 262 263 274 396 271 333 231 263 226 398 223 332 2 2
;
190 0 246 108 247 154 247 201 246 263 281 158 212 155 325 165 395 158
164 164 102 157 262 263 274 396 271 333 231 263 226 398 223 332 2 2
;
191 0 246 108 247 154 247 201 246 263 280 158 212 156 325 165 391 157
164 165 102 157 262 263 274 396 271 333 231 263 226 398 223 332 2 2
;
192 0 246 108 247 154 247 201 246 263 280 158 212 156 325 165 393 157
164 165 102 157 262 263 274 396 271 333 231 263 226 398 223 332 2 2
;
193 0 246 108 246 154 246 201 246 263 280 158 212 156 325 165 392 157
164 165 102 157 262 263 274 396 271 333 231 263 226 398 223 332 2 2
;
194 0 246 108 246 154 246 201 246 263 280 158 212 156 325 165 393 156
164 165 102 157 262 263 274 396 271 333 231 263 226 398 223 332 2 2
;
195 0 246 108 246 154 246 201 246 263 280 158 211 156 325 165 393 157
164 165 102 158 262 263 274 396 271 333 231 263 226 398 223 332 2 2
;
196 0 246 108 246 154 246 201 246 263 280 158 211 156 325 165 393 157
164 166 102 159 262 263 274 396 271 333 231 263 226 398 223 332 2 2
;
197 0 246 108 246 154 246 201 246 263 280 158 211 156 325 165 392 157
165 166 103 159 262 263 274 397 271 333 231 263 226 398 223 332 2 2
;
198 0 246 108 246 154 246 201 246 263 280 158 211 156 325 165 392 158
165 166 103 160 262 263 274 397 271 333 231 263 226 398 223 332 2 2
;
199 0 246 108 246 154 246 201 246 263 280 158 211 156 325 165 392 158
165 166 103 159 262 264 274 397 271 333 231 263 226 398 223 332 2 2
;
200 0 246 108 246 154 246 201 246 263 280 158 211 156 325 165 392 158
165 166 103 159 262 264 274 397 271 333 231 263 226 398 223 332 2 2
;
201 0 246 108 246 154 246 201 246 263 280 158 211 156 325 165 393 158
165 166 103 159 262 264 274 397 271 333 231 263 226 398 223 332 2 2
;
202 0 246 108 246 154 246 201 246 263 280 158 211 156 325 165 393 158
165 166 103 159 262 264 274 397 271 333 231 263 226 398 223 332 2 2
;
203 0 246 108 246 154 246 201 246 263 280 158 211 156 325 165 394 158
165 166 103 159 262 264 274 397 272 333 231 263 226 398 223 332 2 2
;
204 0 246 108 246 154 246 201 246 263 280 158 211 156 325 165 394 158
165 166 103 160 262 264 274 397 272 333 231 263 226 398 223 332 2 2
;
205 0 246 108 246 154 246 201 246 263 280 158 211 156 325 165 395 159
166 166 103 161 262 264 274 397 272 333 231 263 226 398 223 332 2 2
;
206 0 246 108 246 154 246 201 246 263 280 158 211 156 325 165 395 158
166 166 103 162 262 264 274 397 272 333 231 263 226 398 223 332 2 2
;
207 0 246 108 246 154 246 201 246 263 280 158 211 156 326 161 391 146
165 162 103 153 262 264 274 396 271 333 231 263 226 398 223 332 2 2
;
208 0 246 108 247 154 246 201 246 263 281 157 211 155 329 147 389 118
165 150 105 126 262 263 274 396 271 333 231 263 226 398 223 332 2 2
;
209 0 246 108 247 154 247 200 247 262 281 155 211 154 329 136 389 97
166 141 104 107 262 263 274 396 271 333 231 262 226 398 223 332 0 2
;
210 0 246 109 247 154 247 200 247 261 281 154 211 152 320 123 364 66
166 126 119 70 262 261 274 397 271 333 231 261 226 398 223 332 2 0
;
211 0 246 109 247 153 247 199 246 260 281 154 211 151 317 114 355 46
174 118 134 58 262 261 274 397 271 333 231 260 226 398 223 331 2 0
;
212 0 246 109 247 153 247 198 246 259 281 153 212 148 308 105 321 34
179 106 161 35 262 260 274 397 271 332 231 259 226 398 223 331 4 2
;
213 0 246 109 247 153 247 198 246 258 279 149 212 146 303 101 307 26
186 102 175 30 262 259 274 397 271 331 231 258 226 398 223 330 0 2
;
214 0 247 109 248 152 247 197 246 255 278 145 214 144 296 96 281 32
195 98 202 24 262 255 274 397 271 330 230 254 226 398 223 330 0 0;
215 0 247 109 248 152 247 196 246 253 278 145 214 143 292 95 271 31
197 94 214 25 262 253 274 397 271 330 230 252 226 398 223 329 0 0;
216 0 247 109 248 152 248 195 247 250 278 144 215 142 286 91 255 30
201 95 230 35 263 250 274 396 271 329 230 249 226 398 224 329 1 1;
217 0 247 109 248 152 248 194 246 249 278 144 215 142 285 90 253 29
202 95 234 34 263 250 274 396 271 329 230 248 226 398 224 329 1 1;
218 0 246 109 248 152 248 194 247 249 278 143 216 142 285 90 265 27
203 96 225 27 263 249 274 396 271 329 230 248 226 398 224 329 1 1;
219 0 246 109 248 152 248 194 247 249 278 143 216 142 289 93 275 25
201 97 214 26 263 250 274 397 271 329 230 249 226 398 224 329 1 0;
220 0 247 109 248 152 248 195 246 253 278 144 216 142 298 99 303 25
194 99 186 29 262 253 274 397 271 329 230 252 226 398 224 329 0 2;
221 0 247 109 248 152 248 195 246 254 278 144 215 143 304 102 318 28
188 104 172 35 262 254 274 397 271 329 231 253 226 398 224 329 0 2
;
222 0 247 109 248 152 248 196 247 255 278 145 214 145 313 110 344 42
180 112 145 42 262 256 274 397 271 330 231 255 226 398 224 329 2 2
;
223 0 247 109 248 152 248 196 247 256 279 145 214 146 316 114 356 48
177 115 135 52 262 256 274 397 271 330 231 255 226 398 224 329 2 2
;
224 0 247 109 248 152 247 197 247 257 281 149 213 147 322 124 374 66
171 123 118 67 262 258 274 396 271 331 231 257 226 398 224 330 2 2
;
225 0 246 109 248 152 247 197 247 258 281 150 213 148 324 128 378 78
166 125 113 76 262 258 274 396 271 331 231 257 226 398 224 330 2 2
;
226 0 246 109 248 152 247 198 247 259 281 151 212 150 327 134 391 92
167 133 109 95 262 259 274 396 271 332 231 258 226 398 224 330 2 2
;
227 0 246 109 248 152 247 198 247 259 281 152 212 150 328 138 394 100
166 136 101 98 262 260 274 396 271 332 231 259 226 398 224 330 2 2
;
228 0 246 109 248 153 247 198 247 260 281 153 212 151 331 144 395 115
165 142 99 112 262 260 274 396 271 332 231 260 226 398 224 330 2 2
;
229 0 246 109 248 153 247 199 247 260 281 154 212 152 331 147 391 122
164 145 104 122 262 261 274 396 271 332 231 260 226 398 224 331 2 2
;
230 0 246 109 248 153 247 199 246 261 281 155 212 153 331 152 396 131
165 150 105 132 262 261 274 396 271 332 231 261 226 398 224 331 2 2
;
231 0 246 109 248 153 247 199 246 261 281 155 212 153 330 153 392 136
165 152 105 137 262 262 274 396 271 332 231 261 226 398 223 331 2 2
;
232 0 246 109 248 153 247 200 246 262 281 156 212 153 329 156 392 142
166 156 105 144 262 262 274 396 271 332 231 261 226 398 223 331 2 2
;
233 0 246 109 248 154 247 200 246 262 281 156 212 154 329 157 395 144
166 157 105 147 262 262 274 396 271 332 231 262 226 398 223 331 2 2
;
234 0 246 109 248 154 247 200 246 262 281 156 212 154 329 159 395 147
166 160 105 152 262 263 274 396 271 332 231 262 226 398 223 331 2 2
;
235 0 246 109 248 154 247 200 246 262 281 156 212 154 328 159 396 147
166 161 105 153 262 263 274 396 271 332 231 262 226 398 223 331 2 2
;
236 0 246 109 248 154 247 200 246 263 281 157 212 155 328 160 394 149
166 162 104 155 262 263 274 396 271 332 231 262 226 398 223 332 2 2
;
237 0 246 109 248 154 247 200 246 263 281 157 212 155 328 160 393 149
167 163 104 156 262 263 274 396 271 333 231 262 226 398 223 332 2 2
;
238 0 246 109 248 154 247 201 246 263 281 157 212 155 327 161 393 149
167 164 104 158 262 263 274 396 271 333 231 263 226 398 223 332 2 2
;
239 0 246 109 248 154 247 201 246 263 281 157 212 155 327 161 394 149
167 165 104 159 262 263 274 396 271 333 230 263 226 398 223 332 2 2
;
240 0 246 109 248 154 247 201 246 263 281 157 212 156 327 161 393 150
167 166 104 161 262 263 274 396 271 333 230 263 226 398 223 332 2 2
;
241 0 246 109 248 154 247 201 246 263 281 157 212 156 327 161 393 150
167 166 105 161 262 263 274 396 271 333 230 263 226 398 223 332 2 2
;
242 0 246 109 248 154 247 201 246 263 281 157 212 156 327 161 394 150
168 167 105 161 262 263 274 397 271 333 230 263 226 398 223 332 2 2
;
243 0 246 109 247 154 247 201 246 263 281 157 212 156 327 161 393 150
168 167 105 161 262 263 274 397 271 333 231 263 226 398 223 332 2 2
;
244 0 246 109 247 154 247 201 246 263 281 157 212 156 327 161 393 150
168 167 105 160 262 264 274 397 271 333 231 263 226 398 223 332 2 2
;
245 0 246 109 247 154 247 201 246 263 281 157 212 156 327 161 393 151
168 167 105 159 262 264 274 397 271 333 231 263 226 398 223 332 2 2
;
246 0 246 109 247 154 247 201 246 263 281 157 212 156 327 161 394 151
168 167 105 159 262 264 274 396 272 333 231 263 226 398 223 332 2 2
;
247 0 246 109 247 154 247 201 246 263 281 157 212 156 327 161 394 151
168 167 105 158 262 264 274 396 272 333 231 263 226 398 223 332 2 2
;
248 0 246 109 247 154 247 201 246 263 281 157 212 156 327 161 394 151
168 167 105 158 262 264 274 397 272 333 231 263 226 398 223 332 2 2
;
249 0 246 109 247 154 247 201 246 264 281 157 212 156 327 161 394 151
168 167 105 158 262 264 274 397 272 333 231 263 226 398 223 332 2 2
;
250 0 246 109 247 154 247 201 246 264 281 157 212 156 327 161 394 151
168 167 106 159 262 264 274 397 272 333 231 263 226 398 223 332 2 2
;
251 0 246 109 247 154 247 201 246 264 281 157 212 156 327 162 394 152
168 167 105 159 262 264 274 397 272 333 231 263 226 398 223 332 2 2
;
252 0 246 109 247 154 247 201 246 264 281 157 212 156 327 162 395 153
168 167 105 160 262 264 274 397 272 333 231 263 226 398 223 332 2 2
;
253 0 246 109 247 154 247 201 246 264 281 157 212 156 327 162 395 153
168 167 105 159 262 264 274 397 272 333 231 263 226 398 223 332 2 2
;
254 0 246 109 247 154 247 201 246 264 281 157 212 156 327 161 396 146
167 164 105 153 262 264 274 397 272 333 231 263 226 398 223 332 2 2
;
255 0 246 109 247 154 247 201 246 263 281 157 212 156 328 157 396 136
166 160 106 145 262 264 274 397 272 333 231 263 226 398 223 332 2 2
;
256 0 246 109 247 154 247 201 247 263 281 156 212 155 327 146 394 107
165 149 100 116 262 263 274 397 272 333 231 263 226 398 223 332 2 2
;
257 0 246 109 247 154 247 201 247 263 282 156 212 155 327 137 386 90
167 143 105 101 262 263 274 397 272 333 231 262 226 398 223 332 2 2
;
258 0 246 109 247 154 247 200 247 262 282 154 212 153 322 124 361 60
168 128 124 69 262 262 274 397 272 333 231 261 226 398 223 332 0 2
;
259 0 246 109 247 154 247 200 247 261 281 152 212 152 317 114 346 45
175 121 141 61 262 261 274 397 272 333 231 260 226 398 223 332 0 0
;
260 0 246 109 247 153 247 199 247 260 281 150 212 151 307 104 310 33
182 108 170 36 262 260 274 397 271 332 231 259 226 398 223 331 0 2
;
261 0 246 109 248 153 247 199 247 259 280 149 212 150 304 102 294 32
186 104 185 32 262 259 274 397 271 331 231 259 226 398 223 331 0 2
;
262 0 246 109 248 153 247 198 247 256 279 147 214 147 294 98 268 32
194 101 213 30 263 256 274 397 271 331 231 256 226 398 224 330 0 2
;
263 0 246 110 248 153 248 196 247 252 277 145 215 146 285 92 252 32
199 99 230 29 263 252 274 397 271 330 231 251 226 398 224 330 1 1;
264 0 246 110 248 153 248 195 247 251 277 146 215 146 284 91 251 31
200 98 232 28 263 252 274 397 271 330 230 250 226 398 224 330 1 1;
265 0 246 110 248 153 248 195 247 251 277 146 214 146 287 92 263 27
199 99 217 30 263 252 274 397 271 330 230 251 226 398 224 329 1 2;
266 0 246 110 248 153 248 195 247 252 277 146 214 147 291 95 275 27
196 100 205 29 263 253 274 397 271 330 231 252 226 398 224 329 0 2
;
267 0 246 110 248 153 248 196 247 255 278 146 213 147 301 100 303 25
186 106 176 36 263 255 274 397 271 330 231 255 226 398 224 329 0 2
;
268 0 246 110 248 153 248 196 247 255 278 146 213 147 307 104 318 29
181 109 162 40 263 256 274 397 271 330 231 255 226 398 224 330 0 0
;
269 0 246 109 248 153 248 197 247 257 279 147 213 148 314 113 348 42
175 118 135 55 262 257 274 397 271 330 231 256 226 398 224 330 2 2
;
270 0 246 109 248 153 247 197 247 257 279 148 213 149 318 119 360 51
172 122 124 63 262 258 274 397 271 330 231 257 226 398 224 330 2 2
;
271 0 246 109 248 153 247 198 247 258 280 150 212 150 322 126 377 71
163 127 109 82 262 259 274 397 271 331 231 258 226 398 224 330 2 2
;
272 0 246 109 248 153 247 198 247 259 280 151 212 150 324 131 383 79
165 135 110 95 262 259 274 396 271 331 231 258 226 398 224 330 2 2
;
273 0 245 109 247 153 247 198 247 260 280 152 212 151 327 137 391 95
165 140 100 106 262 260 274 396 271 331 231 259 226 398 224 330 2 2
;
274 0 245 109 247 153 247 199 247 260 280 153 211 152 329 140 392 103
164 143 98 112 262 260 274 396 271 332 231 260 226 398 224 331 2 2
;
275 0 245 109 247 153 247 199 247 261 280 154 211 153 330 146 391 117
164 148 104 127 262 261 274 396 271 332 231 261 226 398 224 331 2 2
;
276 0 245 109 247 153 247 199 247 261 280 154 211 153 330 148 392 122
165 151 104 132 262 261 274 397 271 332 231 261 226 398 224 331 2 2
;
277 0 245 109 247 153 247 199 247 261 280 155 211 154 330 152 395 129
165 154 103 139 262 262 274 397 271 332 231 261 226 398 223 331 2 2
;
278 0 245 109 247 153 247 200 246 262 280 155 211 154 329 153 393 133
165 155 104 142 262 262 274 396 271 332 231 261 226 398 223 331 2 2
;
279 0 245 108 247 153 247 200 246 262 280 156 211 154 329 155 396 137
166 158 104 146 262 262 274 397 272 332 231 262 226 398 223 331 2 2
;
280 0 245 108 247 153 247 200 246 262 280 156 211 154 329 155 396 138
166 159 104 148 262 262 274 397 271 332 231 262 226 398 223 331 2 2
;
281 0 245 108 247 154 247 200 246 262 280 156 212 155 329 156 395 141
166 160 104 150 262 263 274 397 271 333 231 262 226 398 223 332 2 2
;
282 0 245 108 247 154 247 200 246 262 280 156 212 155 329 157 394 142
166 160 104 151 262 263 274 397 271 333 231 262 226 398 223 332 2 2
;
283 0 245 108 247 154 247 200 246 263 280 156 212 155 329 157 395 142
166 161 104 152 262 263 274 397 271 333 231 262 226 398 223 332 2 2
;
284 0 245 108 247 154 247 200 246 263 280 156 212 155 328 157 394 142
166 161 104 153 262 263 274 397 271 333 231 262 226 398 223 332 2 2
;
285 0 245 108 247 154 247 200 246 263 280 156 212 155 329 157 394 142
166 162 104 153 262 263 274 397 271 333 231 263 226 398 223 332 2 2
;
286 0 245 108 247 154 247 200 246 263 280 156 212 155 328 158 394 142
166 162 104 153 262 263 274 397 272 333 231 263 226 398 223 332 2 2
;
287 0 245 108 247 154 247 201 246 263 280 156 212 155 328 158 396 142
166 162 104 154 262 263 274 397 271 333 231 263 226 398 223 332 2 2
;
288 0 245 108 247 154 247 201 246 263 280 156 212 155 328 158 396 142
166 162 103 154 262 263 274 397 272 333 231 263 226 398 223 332 2 2
;
289 0 245 108 247 154 247 201 246 263 280 156 212 155 328 158 397 143
166 163 104 155 262 263 274 396 272 333 231 263 226 398 223 332 2 2
;
290 0 245 108 247 154 247 201 246 263 280 156 212 155 328 158 397 143
166 163 104 156 262 263 274 396 272 333 231 263 226 398 223 332 2 2
;
291 0 245 108 247 154 247 201 246 263 280 157 212 155 328 158 397 144
166 163 103 156 262 263 274 396 272 333 231 263 226 398 223 332 2 2
;
292 0 245 108 247 154 247 201 246 263 280 157 212 155 328 158 397 143
166 164 103 156 262 263 274 396 272 333 231 263 226 398 223 332 2 2
;
293 0 245 108 247 154 247 201 246 263 280 157 212 155 328 158 397 143
167 164 103 156 262 263 274 396 272 333 231 263 226 398 223 332 2 2
;
294 0 245 108 247 154 247 201 246 263 280 157 212 155 328 158 396 143
167 164 103 156 262 263 274 396 272 333 231 263 226 398 223 332 2 2
;
295 0 245 108 247 154 247 201 246 263 280 157 212 155 328 158 396 144
167 164 103 156 262 263 274 396 272 333 231 263 226 398 223 332 2 2
;
296 0 245 108 247 154 247 201 246 263 280 157 212 155 328 159 396 144
167 164 103 156 262 263 274 396 272 333 231 263 226 398 223 332 2 2
;
297 0 245 108 247 154 247 201 246 263 280 157 211 156 328 159 396 145
167 164 103 156 262 263 274 396 272 333 231 263 226 398 223 332 2 2
;
