0 0 253 118 260 159 260 201 259 257 283 167 237 165 295 205 245 238
234 206 214 232 270 258 281 376 277 323 249 257 243 381 243 323 4 0
;
1 0 253 118 260 159 259 201 259 257 283 167 237 165 295 205 245 239
234 206 213 232 270 258 281 376 277 323 249 257 243 381 243 324 0 0
;
2 0 253 119 259 159 259 201 259 257 284 167 237 165 294 205 245 239
233 206 213 233 269 258 281 376 276 323 248 257 243 381 243 324 0 0
;
3 0 253 119 259 159 259 201 259 257 282 167 236 165 293 205 244 238
233 206 212 233 269 258 281 376 276 323 248 257 243 381 243 324 0 0
;
4 0 253 119 259 159 259 201 258 257 283 167 236 165 293 205 243 239
233 206 212 235 269 258 281 376 276 323 248 257 243 382 243 324 0 0
;
5 0 252 119 259 159 258 201 258 257 283 167 236 165 292 205 242 239
233 206 211 236 269 258 281 376 276 323 248 257 243 382 242 325 0 0
;
6 0 252 119 258 159 258 201 258 257 282 167 235 165 291 206 241 241
232 206 211 238 269 258 281 376 276 323 247 257 243 383 242 326 0 1
;
7 0 251 119 258 159 258 201 258 258 280 167 235 165 290 206 240 243
232 205 211 239 268 258 280 376 276 323 247 257 243 383 242 326 0 1
;
8 0 250 119 257 159 257 201 257 258 279 166 234 166 289 206 242 246
231 205 210 242 268 258 280 376 275 323 247 257 243 383 242 326 0 0
;
9 0 250 118 256 159 257 201 257 258 278 166 234 166 289 206 244 247
230 206 209 243 268 258 280 376 277 323 247 258 243 383 242 326 0 0
;
10 0 248 119 255 159 256 202 257 258 277 166 233 166 289 206 249 250
230 205 209 245 267 259 280 376 278 323 247 258 243 384 242 327 0 2
;
11 0 247 119 254 159 255 202 256 259 276 166 233 167 290 205 251 252
230 205 210 242 267 259 280 376 278 323 247 258 243 384 241 327 0 0
;
12 0 244 119 253 159 254 202 256 259 275 166 232 167 290 205 255 255
230 206 212 243 266 260 280 376 278 323 246 258 243 383 241 327 0 0
;
13 0 243 119 253 159 254 202 256 259 274 166 232 167 290 205 257 256
229 205 212 243 266 260 280 376 278 324 246 259 243 383 241 327 0 0
;
14 0 241 120 250 159 252 202 255 260 272 166 230 168 290 205 261 259
228 206 211 244 265 261 280 376 278 323 245 259 243 383 241 326 0 0
;
15 0 239 120 249 159 251 202 254 260 271 166 229 168 290 205 262 260
227 206 210 249 264 261 280 377 277 324 245 259 243 382 241 326 0 0
;
16 0 237 120 247 159 250 203 254 261 269 166 227 170 289 205 265 263
226 207 211 248 264 262 280 377 277 324 244 260 243 382 240 326 3 0
;
17 0 236 120 246 159 249 203 253 261 268 166 226 171 289 205 267 263
225 208 210 250 264 262 280 377 276 325 244 260 243 382 240 326 3 0
;
18 0 233 120 244 160 248 203 253 261 267 166 224 171 288 205 270 265
224 208 209 252 263 262 280 377 275 326 242 260 243 382 240 326 0 0
;
19 0 233 120 243 160 247 203 252 261 267 166 223 171 288 205 272 265
223 208 210 252 263 262 281 377 275 327 242 260 243 382 240 326 0 0
;
20 0 231 120 242 160 246 203 252 261 266 166 220 169 287 206 276 264
222 207 210 253 263 262 281 379 275 329 241 260 243 382 239 326 0 0
;
21 0 231 119 241 160 246 203 251 261 266 166 219 168 287 206 278 264
221 206 211 250 262 261 281 379 276 330 240 260 243 382 239 326 2 0
;
22 0 230 119 240 159 245 203 250 260 266 166 217 167 288 207 282 264
220 206 212 250 262 261 281 384 277 331 239 260 243 382 239 325 3 0
;
23 0 231 118 240 159 245 203 250 260 266 166 216 166 289 208 285 263
215 205 213 246 262 260 281 387 277 331 239 260 243 383 239 325 3 0
;
24 0 232 117 241 159 246 203 252 260 267 165 215 165 291 209 294 263
219 204 215 247 264 260 282 396 279 333 240 260 243 383 239 325 0 1
;
25 0 232 117 241 159 246 203 252 260 268 166 215 165 292 209 298 262
219 205 214 250 265 260 283 398 279 333 240 260 243 383 239 325 0 1
;
26 0 235 116 243 159 248 203 253 260 270 166 216 166 295 208 307 262
215 205 212 248 266 260 284 402 280 333 241 261 243 383 239 324 0 1
;
27 0 236 116 244 160 248 204 254 261 272 166 216 166 297 208 312 262
219 205 211 250 267 260 285 401 280 332 241 261 243 383 239 324 0 0
;
28 0 239 115 247 160 250 204 255 262 275 166 218 166 301 208 322 266
219 205 208 250 268 261 286 401 282 331 242 262 243 383 239 324 0 2
;
29 0 240 115 249 159 252 204 256 262 277 166 219 166 304 209 326 268
220 205 207 249 269 262 286 401 283 331 243 262 243 383 239 325 0 2
;
30 0 242 114 253 159 255 204 258 263 282 166 222 165 308 210 332 272
222 205 207 248 272 263 286 402 284 331 244 264 243 383 240 326 4 3
;
31 0 243 114 255 159 257 204 259 264 284 167 224 164 310 210 333 274
224 205 208 247 273 264 287 403 285 333 245 264 243 383 241 327 4 0
;
32 0 246 114 259 158 260 205 260 266 288 167 229 164 314 211 333 278
227 205 209 247 275 265 287 403 287 335 247 266 244 385 242 330 4 0
;
33 0 247 114 262 157 262 205 262 266 291 167 231 164 315 212 332 281
229 205 210 247 276 266 287 403 288 336 248 267 244 386 242 331 4 0
;
34 0 250 113 265 157 264 205 264 268 294 167 236 163 319 214 329 282
233 206 208 250 278 268 288 403 289 337 250 267 242 387 240 335 0 1
;
35 0 252 113 266 156 265 205 264 268 296 167 238 162 320 215 329 284
234 207 209 250 278 268 288 403 290 338 251 267 242 388 239 335 0 1
;
36 0 255 111 269 156 268 205 266 268 299 167 241 162 324 216 330 286
236 207 206 250 280 269 288 403 291 338 253 267 239 393 237 336 0 1
;
37 0 257 111 270 156 269 204 267 268 300 167 241 162 326 215 334 285
237 208 203 248 281 269 288 403 291 338 253 267 238 397 237 337 0 1
;
38 0 260 109 272 155 270 204 268 268 302 166 242 161 331 211 347 275
234 207 192 242 282 269 288 403 291 339 253 268 234 402 236 339 0 1
;
39 0 262 108 273 155 271 204 268 269 304 165 241 161 333 208 357 263
230 204 185 237 283 269 288 404 292 339 254 268 230 405 236 339 0 2
;
40 0 266 107 274 155 272 204 269 269 306 165 240 162 348 205 385 249
217 201 165 225 284 270 288 404 292 339 253 268 225 422 237 339 4 2
;
41 0 267 106 274 155 272 205 269 269 306 165 239 162 345 198 397 237
212 198 155 217 284 270 288 404 292 339 253 269 224 424 237 339 0 2
;
42 0 268 106 274 155 271 205 268 270 307 165 236 161 352 195 416 211
200 193 138 200 284 270 287 405 291 340 252 269 226 426 239 340 2 2
;
43 0 268 106 273 155 271 205 268 270 307 165 235 160 352 193 422 201
195 186 130 192 284 270 287 405 291 340 252 269 226 425 239 340 2 2
;
44 0 267 105 271 155 269 204 266 270 307 164 232 159 355 186 430 186
185 182 118 179 283 270 287 406 289 341 250 269 226 424 236 341 2 2
;
45 0 267 105 270 154 268 204 265 270 307 164 230 159 356 184 433 180
182 179 113 174 282 270 286 406 288 340 249 269 227 424 235 342 2 2
;
46 0 264 104 267 154 265 203 263 270 305 163 227 158 359 178 435 170
178 172 104 164 280 270 286 406 287 341 247 270 227 423 234 342 2 2
;
47 0 262 103 263 153 262 203 261 270 302 161 223 157 350 171 435 162
172 167 98 157 278 270 285 406 286 342 245 270 226 423 232 342 2 2
;
48 0 260 102 262 153 261 203 260 270 301 161 221 156 350 170 434 159
168 165 94 154 277 270 285 406 285 342 243 269 226 423 232 342 2 2
;
49 0 258 102 260 152 260 202 259 269 299 160 220 156 349 170 432 157
167 164 91 152 276 269 285 406 284 342 242 269 226 422 231 343 2 2
;
50 0 255 101 258 152 257 202 257 269 296 159 217 155 348 168 431 154
164 162 88 150 274 269 285 406 283 341 240 269 225 422 229 343 2 2
;
51 0 253 101 256 152 256 202 256 269 295 159 215 155 347 167 430 153
164 161 86 150 273 269 285 406 282 341 239 269 225 422 228 343 2 2
;
52 0 251 101 254 152 254 202 254 269 293 159 213 155 345 165 429 152
162 161 84 151 271 269 285 406 282 341 238 269 225 422 227 343 2 2
;
53 0 248 101 252 152 253 202 253 269 291 158 211 155 343 165 427 151
161 162 82 154 270 269 285 407 280 344 236 269 224 422 227 343 2 2
;
54 0 247 101 251 152 252 202 253 269 290 158 210 156 343 164 426 151
160 162 81 155 269 269 284 407 280 343 236 269 224 422 227 343 2 2
;
55 0 246 101 250 152 251 202 252 269 288 158 208 156 341 163 424 150
159 163 79 157 269 269 284 407 280 345 235 270 224 422 226 343 2 2
;
56 0 245 101 249 152 250 202 251 269 288 158 208 156 341 163 421 150
159 163 79 158 268 269 284 407 280 345 235 270 224 422 226 343 2 2
;
57 0 244 101 249 152 250 202 251 269 287 158 207 156 340 163 420 150
158 163 79 158 268 269 284 407 279 345 234 270 224 422 226 343 2 2
;
58 0 243 101 248 152 249 202 251 269 286 157 207 156 339 163 420 151
158 164 79 160 267 269 283 407 279 346 234 270 224 422 225 343 2 2
;
59 0 243 101 248 152 249 202 250 269 286 157 206 156 339 163 417 152
157 165 80 161 267 269 283 407 279 346 234 270 224 422 225 343 2 2
;
60 0 243 101 247 152 249 202 250 269 285 157 206 156 339 162 417 152
157 165 79 161 267 269 284 407 279 346 233 270 224 422 225 343 2 2
;
61 0 243 101 247 152 248 202 250 269 285 157 206 156 339 161 412 143
157 164 80 152 266 269 284 407 279 346 233 269 224 422 225 343 2 2
;
62 0 243 101 247 152 248 202 249 269 285 157 206 156 338 158 412 130
158 160 81 142 266 269 283 407 278 346 233 269 224 422 224 343 2 2
;
63 0 243 101 247 152 248 202 249 269 285 157 206 156 339 150 410 113
158 156 80 126 266 269 283 407 278 346 233 269 224 422 224 343 2 2
;
64 0 243 102 248 151 248 201 249 268 286 156 206 155 334 136 392 70
158 141 96 87 266 268 283 408 278 346 233 268 224 404 224 343 0 2;
65 0 244 102 248 151 248 201 249 267 286 154 207 153 326 121 350 41
164 127 131 54 266 267 283 408 278 346 233 267 224 404 224 343 0 2
;
66 0 244 102 248 151 249 200 249 266 286 153 208 151 324 116 329 31
170 123 152 44 266 266 283 408 278 346 233 266 224 404 224 343 0 2
;
67 0 245 102 249 151 249 199 250 265 285 150 210 149 314 105 289 28
175 109 194 34 266 265 283 408 277 339 233 264 224 404 224 342 0 2
;
68 0 245 102 249 150 249 199 250 264 284 149 211 147 308 101 272 28
183 104 212 32 267 264 283 408 277 339 233 263 224 404 224 341 0 2
;
69 0 246 103 250 150 250 197 250 258 282 148 213 146 296 91 256 35
191 99 235 34 268 259 283 407 276 338 232 258 224 404 225 340 1 1;
70 0 246 103 249 150 250 197 250 258 282 148 214 146 296 92 249 24
192 98 235 31 268 258 283 407 276 338 232 257 224 404 225 339 1 1;
71 0 247 103 250 150 250 197 251 258 282 148 214 145 300 94 274 24
191 99 208 27 269 259 283 407 277 340 233 258 224 405 225 339 0 1;
72 0 247 103 251 150 250 197 251 259 282 147 214 145 305 96 290 19
188 101 190 27 269 259 283 407 277 339 233 259 224 405 225 339 0 0
;
73 0 248 103 251 150 251 197 251 260 284 147 214 145 318 102 329 23
174 109 151 33 268 260 283 407 277 340 234 260 224 405 225 339 0 2
;
74 0 248 102 251 149 251 197 251 261 286 147 214 145 322 106 349 27
171 109 132 40 268 261 283 407 278 342 234 260 224 404 225 339 0 2
;
75 0 249 102 252 149 251 197 251 262 287 148 214 147 329 112 381 41
166 117 112 60 268 262 283 407 278 344 235 262 224 404 225 340 2 2
;
76 0 249 102 252 149 252 197 251 262 288 148 214 147 329 112 381 45
167 118 112 61 268 262 283 407 278 342 235 262 224 404 225 340 2 2
;
77 0 249 102 252 149 252 197 252 262 287 148 214 147 330 108 364 32
170 115 127 44 268 262 283 407 279 342 235 262 224 404 226 340 2 2
;
78 0 249 102 252 149 252 197 252 262 287 148 214 147 326 105 347 28
173 108 143 34 269 262 283 407 279 341 235 262 224 404 226 340 0 2
;
79 0 250 102 253 149 252 197 252 262 286 147 214 145 315 98 310 19
185 97 180 20 269 262 283 407 279 341 235 262 224 404 226 340 0 0;
80 0 250 102 252 149 252 197 252 261 286 146 215 143 311 95 291 19
190 97 200 20 269 262 283 407 278 339 235 261 224 404 226 340 0 0;
81 0 251 102 253 149 253 195 252 256 285 146 218 141 300 91 265 24
200 94 231 21 270 257 283 407 278 338 235 255 224 404 226 339 0 1;
82 0 253 102 254 149 253 194 252 252 285 142 219 140 290 80 253 19
203 93 242 20 270 253 283 407 278 337 234 251 224 404 226 338 1 1;
83 0 252 102 253 148 253 192 252 250 285 136 219 140 291 79 262 21
206 93 242 20 270 251 283 407 277 336 234 249 224 404 226 337 1 1;
84 0 252 102 253 148 253 192 252 250 285 136 218 140 296 86 268 18
206 92 234 21 270 251 283 407 277 336 234 249 224 404 226 337 1 1;
85 0 252 102 253 149 253 193 253 253 285 136 218 140 302 88 288 15
201 94 213 20 271 253 283 407 277 336 235 253 224 404 226 337 0 0;
86 0 252 102 253 149 253 194 253 256 286 140 218 141 306 89 302 17
197 94 199 22 270 257 283 407 278 336 235 256 224 404 226 337 0 0;
87 0 252 102 253 149 253 195 253 258 286 140 217 142 318 97 332 18
187 100 169 27 270 259 283 407 278 337 236 258 224 404 227 339 0 0
;
88 0 252 102 254 149 253 196 253 259 287 141 217 142 323 100 345 27
180 106 154 32 270 259 283 407 279 343 236 259 224 404 226 339 0 2
;
89 0 252 102 254 149 254 197 253 261 291 148 216 144 332 110 373 39
176 113 127 44 270 261 283 407 279 343 236 261 224 404 226 340 2 2
;
90 0 252 102 254 149 254 197 253 262 290 147 216 146 335 116 385 46
172 117 121 60 270 262 283 407 279 344 236 262 224 404 226 341 2 2
;
91 0 252 102 254 150 254 198 253 263 292 149 215 147 339 121 400 62
170 125 110 78 270 263 283 407 279 345 236 263 224 404 226 341 2 2
;
92 0 252 102 254 150 254 198 253 264 292 150 215 148 341 125 406 70
167 128 107 87 270 264 283 407 280 345 236 263 224 404 226 341 2 2
;
93 0 252 102 254 150 254 198 253 264 292 150 215 149 343 130 414 84
166 133 98 97 270 265 283 407 279 344 236 264 224 404 226 342 2 2;
94 0 252 102 254 150 254 199 253 265 292 151 215 149 344 132 414 91
165 135 95 102 270 265 283 407 279 345 236 265 224 404 226 342 2 2
;
95 0 252 102 254 150 254 199 253 265 292 151 215 150 345 136 415 100
161 139 94 110 270 265 284 407 280 346 236 265 224 404 226 342 2 2
;
96 0 252 102 254 150 254 199 253 265 292 152 215 150 345 138 414 104
160 140 94 113 270 265 284 407 280 346 236 265 224 404 226 342 2 2
;
97 0 252 102 254 150 254 199 253 266 292 152 215 150 346 140 415 110
161 144 98 121 269 266 284 407 280 346 236 265 224 404 226 342 2 2
;
98 0 252 102 254 150 254 199 253 266 292 153 215 151 346 141 415 113
162 145 98 124 269 266 284 407 279 345 236 266 224 404 226 342 2 2
;
99 0 252 102 254 150 254 200 253 266 292 153 215 151 346 143 416 117
163 146 98 127 269 266 284 407 279 344 236 266 224 404 226 343 2 2
;
100 0 252 102 254 150 254 200 253 266 292 153 215 151 347 144 416 119
163 147 99 129 269 266 284 407 279 344 236 266 224 404 226 343 2 2
;
101 0 252 102 254 151 254 200 253 266 292 154 215 151 347 146 417 121
163 148 99 131 269 267 284 407 279 345 236 266 224 404 226 343 2 2
;
102 0 252 102 254 151 254 200 253 266 292 154 215 151 347 146 418 122
164 149 99 131 269 267 284 407 279 345 236 266 224 404 226 343 2 2
;
103 0 252 102 254 151 254 200 253 267 292 154 215 151 347 147 418 123
164 149 99 132 269 267 284 407 279 344 236 266 224 404 226 343 2 2
;
104 0 252 102 254 151 254 200 253 267 292 154 215 151 347 147 419 123
164 149 99 131 269 267 284 407 279 343 236 267 224 404 226 343 2 2
;
105 0 252 101 255 151 254 200 253 267 292 155 215 151 346 148 418 122
164 149 99 130 269 267 284 407 279 343 236 267 224 404 226 343 2 2
;
106 0 252 101 255 151 254 200 253 267 292 155 215 151 346 148 418 122
164 149 99 130 269 267 284 407 279 343 236 267 224 404 226 343 2 2
;
107 0 252 101 255 151 254 201 253 267 292 155 215 151 346 148 419 121
164 149 99 130 269 267 284 407 279 343 236 267 224 404 226 343 2 2
;
108 0 252 101 255 151 254 201 253 267 292 155 215 152 346 148 418 121
164 149 99 131 269 267 284 407 279 343 236 267 224 404 226 343 2 2
;
109 0 252 101 255 151 254 201 253 267 292 155 215 152 347 148 419 121
164 149 99 132 269 268 284 407 280 345 236 267 224 405 226 343 2 2
;
110 0 252 101 255 151 254 201 253 267 292 155 215 152 347 148 419 120
164 149 98 131 269 268 284 407 279 344 236 267 224 405 226 343 2 2
;
111 0 252 101 255 151 254 201 253 267 292 155 215 150 346 146 417 112
164 149 99 127 269 268 284 407 279 346 236 267 224 405 226 343 2 2
;
112 0 252 101 254 151 253 201 253 267 292 155 214 151 346 142 416 104
164 147 100 120 269 268 284 407 279 344 236 267 224 404 226 343 2 2
;
113 0 252 101 254 151 253 201 253 267 293 154 214 149 343 133 410 79
163 139 99 95 269 267 284 407 279 343 236 267 224 404 226 343 2 2;
114 0 252 101 254 151 253 201 253 267 293 154 214 150 340 128 401 64
162 131 104 79 269 267 284 407 279 343 236 267 224 404 226 343 0 2
;
115 0 252 101 254 151 254 200 253 267 293 153 214 149 334 115 368 38
171 119 130 52 269 267 284 407 279 343 236 266 224 404 226 343 0 2
;
116 0 252 101 254 150 254 200 252 266 293 153 215 148 329 110 348 31
174 115 147 40 269 266 284 407 279 343 236 266 224 404 226 343 0 2
;
117 0 252 102 255 150 254 199 253 265 291 149 215 146 317 99 310 21
185 104 187 23 269 265 284 407 279 341 236 264 224 404 226 342 0 0
;
118 0 252 102 255 150 254 199 253 264 289 148 216 145 313 97 295 25
188 102 205 23 270 264 284 407 278 340 236 264 224 404 226 341 0 0
;
119 0 252 102 255 150 254 198 253 261 288 148 218 143 304 93 268 25
196 98 232 27 271 262 284 407 278 338 236 261 224 404 227 339 1 0;
120 0 252 101 254 150 253 197 253 259 288 148 218 144 300 92 261 26
199 96 242 25 271 260 284 407 278 338 234 258 224 404 227 339 1 1;
121 0 252 102 253 149 253 195 253 257 288 148 218 144 299 91 266 25
200 95 237 25 271 257 284 407 278 338 234 256 225 404 227 338 1 1;
122 0 252 102 253 149 253 195 253 257 288 148 217 144 299 91 270 19
199 95 228 25 271 257 284 407 278 338 235 256 225 404 227 338 1 1;
123 0 252 101 253 149 253 196 253 259 288 147 217 143 306 93 291 20
193 98 204 24 271 259 284 407 278 338 236 258 225 404 227 338 0 0;
124 0 252 101 254 149 253 196 253 260 288 147 217 143 310 94 303 19
190 100 191 26 271 260 284 407 278 338 236 260 225 404 227 339 0 0
;
125 0 252 101 254 149 254 197 254 261 288 147 217 144 318 98 326 18
181 107 166 31 271 262 284 407 279 338 236 261 225 404 227 340 0 2
;
126 0 252 101 255 149 254 197 254 262 289 147 217 144 322 101 337 24
181 110 154 34 271 262 284 407 279 338 236 261 225 404 227 340 0 2
;
127 0 252 101 255 149 254 197 254 262 289 148 217 145 327 106 357 25
178 114 136 41 271 263 284 407 280 342 237 262 225 404 227 341 0 2
;
128 0 252 101 255 149 254 197 254 263 289 148 217 146 329 107 366 28
175 115 129 47 271 263 284 407 280 342 237 263 225 404 227 341 0 2
;
129 0 253 102 255 149 255 198 254 264 291 150 216 146 333 111 378 36
173 120 119 55 271 264 284 407 280 342 237 263 225 404 227 341 2 2
;
130 0 253 101 255 149 255 198 254 264 291 150 216 147 334 114 383 40
172 122 116 59 271 264 284 407 280 342 237 264 225 404 227 341 2 2
;
131 0 253 101 256 149 255 198 254 265 292 151 216 148 336 117 389 46
171 126 112 67 271 265 284 407 280 342 237 264 225 404 227 342 2 2
;
132 0 253 101 256 150 255 199 254 265 292 151 216 149 337 119 392 50
170 129 111 72 271 265 284 407 280 342 237 265 225 404 227 342 2 2
;
133 0 253 101 256 150 255 199 254 265 292 151 216 149 338 119 394 51
167 129 110 74 271 265 284 407 280 343 237 265 225 404 227 342 2 2
;
134 0 253 101 256 150 255 199 254 265 292 151 216 149 338 119 395 51
168 130 110 76 271 266 284 407 280 344 237 265 225 404 227 342 2 2
;
135 0 253 101 256 150 255 199 254 265 292 151 217 150 338 120 396 50
168 131 110 76 271 266 284 407 280 343 237 265 225 404 227 342 2 2
;
136 0 253 101 256 150 255 199 254 266 292 151 217 150 338 120 394 48
166 131 111 74 271 266 284 407 281 345 237 265 225 404 227 342 2 2
;
137 0 253 101 256 150 255 199 254 266 292 151 217 150 338 120 392 46
168 131 112 73 271 266 284 407 281 345 237 265 225 404 227 342 2 2
;
138 0 253 102 256 150 255 199 254 266 292 152 217 150 338 120 390 44
168 131 114 72 271 266 284 407 280 343 237 266 225 404 227 342 2 2
;
139 0 253 102 256 150 255 199 254 266 292 152 217 150 338 120 390 43
167 130 114 71 271 266 284 407 280 344 237 266 225 404 227 342 2 2
;
140 0 253 102 256 150 255 199 254 266 292 152 217 150 338 120 390 44
169 130 114 71 271 267 284 408 281 344 237 266 225 404 227 342 2 2
;
141 0 253 102 256 150 255 199 254 266 292 152 217 150 338 120 391 45
169 130 113 72 271 267 284 407 280 344 237 266 225 404 227 342 2 2
;
142 0 253 102 257 150 255 199 254 266 292 152 217 151 338 120 392 48
169 131 112 75 271 267 284 407 280 343 237 266 225 404 227 342 2 2
;
143 0 253 102 257 150 255 199 254 266 291 152 217 151 338 120 394 49
168 131 111 77 271 267 284 407 280 343 237 266 225 404 227 342 2 2
;
144 0 253 102 257 150 255 200 254 266 291 152 217 151 338 120 398 51
169 132 109 79 271 267 284 407 280 343 237 266 225 404 227 342 2 2
;
145 0 253 102 257 150 255 200 254 266 291 152 217 151 338 120 398 51
169 132 109 78 271 267 284 407 280 343 237 266 225 404 227 342 2 2
;
146 0 253 102 257 150 255 199 254 266 292 152 216 149 338 118 395 44
167 128 115 69 271 267 284 407 280 344 237 266 225 404 227 342 2 2
;
147 0 253 102 257 150 255 199 254 266 292 152 216 149 337 116 383 40
170 125 121 59 271 267 284 408 280 343 237 266 225 404 227 342 2 2
;
148 0 253 102 257 150 255 199 254 266 292 151 216 148 331 105 358 25
174 111 145 40 270 266 284 408 280 342 237 265 225 404 227 342 0 2
;
149 0 253 102 257 150 255 199 254 265 292 149 216 147 328 101 341 23
176 110 161 35 270 265 284 408 280 341 237 265 225 404 227 342 0 2
;
150 0 253 102 257 150 255 198 254 264 291 148 217 145 319 96 309 24
188 102 194 22 271 264 284 408 280 340 237 264 225 404 227 342 0 0
;
151 0 253 102 257 150 255 198 254 263 291 147 218 144 315 95 295 24
192 100 210 21 271 264 284 408 280 339 237 263 225 404 227 341 0 0
;
152 0 253 102 257 150 256 197 254 261 290 147 219 143 308 93 273 24
200 95 232 22 272 261 284 408 279 338 237 260 225 404 227 339 1 0;
153 0 254 102 257 149 256 196 254 258 289 147 219 143 303 88 267 21
201 95 237 23 272 259 284 407 279 338 236 258 225 404 228 339 1 1;
154 0 254 103 257 149 256 196 254 257 289 147 220 142 302 89 269 21
204 92 238 22 272 257 284 408 279 338 235 256 225 404 228 338 1 1;
155 0 254 103 257 149 256 195 254 257 289 147 219 142 302 89 273 18
204 92 231 20 272 257 284 408 279 337 236 256 225 404 228 338 1 1;
156 0 254 102 257 149 256 196 254 258 289 146 219 142 307 91 293 16
201 94 211 19 272 258 284 408 279 337 236 257 225 404 228 338 0 0;
157 0 254 102 257 149 256 196 254 259 289 146 219 142 310 92 305 15
198 94 199 20 272 259 284 408 279 337 236 259 225 404 228 338 0 0;
158 0 254 102 257 149 256 196 254 261 290 146 218 143 320 98 331 18
189 102 173 25 271 261 284 408 280 342 236 261 225 404 228 339 0 0
;
159 0 254 102 257 149 256 197 254 261 291 146 218 143 325 101 344 27
186 105 160 28 271 262 284 408 280 341 236 261 225 404 228 340 0 0
;
160 0 254 102 257 150 256 197 254 263 292 148 217 145 332 110 368 36
179 113 136 39 271 263 284 407 280 341 237 262 225 404 227 341 2 2
;
161 0 254 102 257 150 255 198 253 263 291 149 217 145 337 116 379 40
174 116 127 47 271 264 284 407 280 341 237 263 225 404 227 341 2 2
;
162 0 254 102 257 150 255 198 253 265 292 150 217 147 340 123 397 55
171 123 113 63 270 265 284 407 280 345 236 264 225 404 227 342 2 2
;
163 0 253 102 257 150 255 199 253 265 293 151 217 148 342 125 404 64
169 126 108 72 270 265 284 407 280 346 236 264 225 404 227 342 2 2
;
164 0 253 102 256 150 255 199 253 265 293 151 216 148 345 132 414 78
165 132 100 87 270 266 284 407 280 346 236 265 225 404 227 343 2 2
;
165 0 253 102 256 150 255 199 253 266 293 152 216 149 346 134 419 84
164 135 97 94 270 266 284 407 280 347 236 265 225 404 227 343 2 2;
166 0 253 102 256 150 255 200 253 266 293 153 216 150 347 139 425 96
165 141 94 107 270 266 284 407 280 347 236 266 225 404 227 343 2 2
;
167 0 253 102 256 150 255 200 253 266 293 153 216 150 348 141 418 105
165 144 93 113 270 267 284 407 280 347 236 266 225 404 227 343 2 2
;
168 0 252 102 256 151 255 200 253 267 292 154 216 151 348 146 423 113
165 149 97 126 270 267 284 407 280 347 236 267 225 404 227 343 2 2
;
169 0 252 102 256 151 255 200 253 267 292 154 216 151 348 148 421 117
165 151 98 131 270 267 284 407 280 345 236 267 225 404 227 343 2 2
;
170 0 252 102 256 151 255 200 253 267 292 154 216 152 347 151 421 123
166 154 98 137 270 268 284 407 280 345 236 267 225 404 227 343 2 2
;
171 0 252 102 256 151 255 200 253 267 292 154 216 152 347 152 421 124
166 154 98 139 270 268 284 407 280 345 236 267 225 404 226 343 2 2
;
172 0 252 102 255 151 254 201 253 268 292 155 216 152 347 153 420 123
165 156 98 142 270 268 284 407 280 345 236 267 225 404 226 343 2 2
;
173 0 252 102 255 151 254 201 253 268 292 155 216 152 347 153 420 123
165 156 98 142 270 268 284 407 280 345 236 267 225 404 226 343 2 2
;
174 0 252 101 255 151 254 201 253 268 292 155 216 152 347 154 424 120
166 157 98 143 270 268 284 407 280 346 236 268 225 404 226 343 2 2
;
175 0 252 101 255 151 254 201 253 268 292 155 216 152 347 154 424 120
166 157 98 143 270 268 284 407 280 346 236 268 225 404 226 343 2 2
;
176 0 252 101 255 151 254 201 253 268 292 155 216 152 347 154 423 120
166 157 98 143 270 268 284 407 280 346 236 268 225 404 226 343 2 2
;
177 0 252 101 255 151 254 201 253 268 291 155 216 152 347 154 427 121
166 157 98 144 270 268 284 407 280 347 236 268 225 404 226 343 2 2
;
178 0 252 101 255 151 254 201 253 268 291 155 216 152 347 154 426 122
166 158 98 144 270 268 284 407 280 347 236 268 225 404 226 343 2 2
;
179 0 252 101 255 151 254 201 253 268 291 156 216 153 347 155 426 123
167 158 98 145 270 269 284 407 280 347 236 268 225 404 226 343 2 2
;
180 0 252 101 255 151 254 201 253 268 291 156 216 153 347 155 427 123
167 158 98 144 270 269 284 407 280 347 236 268 225 404 226 343 2 2
;
181 0 252 101 255 151 254 201 253 268 291 156 216 152 347 154 426 115
166 157 98 139 270 269 283 407 280 345 236 268 225 404 226 343 2 2
;
182 0 252 101 255 151 254 201 253 268 292 156 216 152 348 152 418 109
166 155 98 133 270 269 283 407 280 346 236 268 225 404 226 343 2 2
;
183 0 252 101 255 151 254 201 253 268 292 156 216 152 347 144 412 83
165 145 95 107 270 269 283 407 280 345 236 268 224 404 226 343 2 2
;
184 0 253 101 256 151 254 201 253 268 292 155 216 152 345 137 402 69
166 140 101 91 270 269 283 407 280 346 236 268 225 405 226 343 0 2
;
185 0 253 101 256 151 255 201 253 268 292 154 216 150 339 125 372 42
171 126 123 58 270 268 283 407 280 346 237 267 224 404 226 343 2 2
;
186 0 253 101 256 151 255 201 253 267 292 153 216 150 335 120 354 32
169 114 141 44 270 267 283 407 280 344 237 267 224 405 226 343 2 2
;
187 0 254 101 256 150 255 200 253 266 292 151 217 147 325 103 316 25
184 106 180 24 270 266 283 407 280 345 237 265 224 405 227 343 0 0
;
188 0 254 101 257 150 255 199 253 265 291 151 217 145 321 101 301 29
187 104 198 26 270 265 283 407 279 341 236 264 224 405 227 342 0 0
;
189 0 254 101 257 150 255 198 253 262 290 149 219 142 311 94 274 25
196 97 228 25 271 262 283 407 279 339 236 261 225 405 227 340 1 0;
190 0 255 102 257 150 256 197 253 259 289 148 220 141 308 93 269 25
200 92 236 24 271 260 283 407 278 339 236 259 225 405 227 339 1 1;
191 0 255 101 257 149 256 197 253 259 289 148 219 141 308 92 279 19
198 93 220 23 271 259 283 407 278 338 236 259 225 405 227 339 1 0;
192 0 255 101 257 149 256 197 253 259 290 147 219 141 312 94 297 16
194 97 200 26 271 260 284 407 278 338 236 259 224 405 227 339 0 0;
193 0 255 101 258 149 256 197 254 261 290 147 219 142 328 104 346 20
178 111 154 41 271 262 284 407 279 344 236 261 224 404 227 340 0 0
;
194 0 255 101 258 149 256 197 254 262 292 148 219 144 335 115 371 36
175 119 131 55 271 263 283 407 279 344 237 262 225 404 227 340 0 2
;
195 0 255 101 258 149 256 198 254 264 292 149 218 147 343 124 406 66
170 131 106 89 271 265 283 407 280 345 237 264 225 404 227 341 2 2
;
196 0 255 101 258 149 256 198 254 265 292 150 218 148 344 125 412 72
170 132 105 94 271 265 283 407 280 344 237 264 225 404 227 341 2 2
;
197 0 255 101 258 150 256 199 254 265 294 151 217 148 342 124 399 54
171 131 118 78 271 266 283 407 280 345 237 265 225 405 227 342 0 2
;
198 0 255 101 258 150 256 199 254 265 294 151 217 148 338 117 398 29
173 122 124 55 271 266 283 407 280 345 237 265 225 405 227 342 0 0
;
199 0 255 101 258 150 256 199 254 265 293 150 217 146 329 104 336 21
184 111 167 36 271 265 284 407 280 345 237 264 225 405 227 342 0 2
;
200 0 255 101 258 150 256 199 254 264 293 149 217 146 321 98 314 26
189 100 189 20 271 265 284 407 279 341 237 264 225 405 227 342 0 2
;
201 0 255 101 258 150 256 198 254 262 291 147 217 144 310 92 275 19
200 96 228 21 272 262 284 407 279 339 237 262 225 405 227 340 0 0;
202 0 255 102 258 149 256 196 253 257 291 147 217 144 306 91 267 20
203 92 242 20 272 258 284 407 279 338 235 256 225 405 227 339 0 1;
203 0 256 102 258 149 256 195 254 255 290 147 218 143 304 90 270 18
204 91 236 21 272 256 284 407 278 337 235 255 225 405 227 338 1 1;
204 0 256 102 258 149 256 195 254 256 290 147 219 142 305 90 279 17
203 92 224 21 272 256 284 407 278 337 236 255 225 405 227 338 0 1;
205 0 256 102 258 149 256 196 254 260 290 147 219 142 314 94 308 17
193 99 190 26 271 261 284 407 279 340 236 259 225 405 227 338 0 0;
206 0 256 102 258 149 256 196 253 261 291 147 219 142 323 100 328 17
187 108 170 30 271 262 284 407 279 341 236 260 225 405 227 339 0 2
;
207 0 256 102 258 150 256 197 253 263 293 149 219 144 332 111 371 28
177 113 131 45 271 263 284 407 279 343 236 262 225 405 227 341 0 2
;
208 0 256 102 258 150 256 198 253 263 294 149 219 145 338 116 387 40
174 118 120 56 271 264 284 407 279 344 236 263 225 405 227 341 2 2
;
209 0 256 102 258 150 256 198 253 264 294 150 218 146 340 119 402 56
169 120 115 70 270 265 284 407 279 345 236 264 225 405 227 342 2 2
;
210 0 256 102 258 150 256 198 253 265 294 150 218 146 340 120 400 56
171 121 117 67 270 265 284 407 279 344 236 264 225 405 227 342 2 2
;
211 0 256 102 258 150 256 199 253 265 294 150 218 146 337 114 381 36
175 116 131 46 270 265 284 407 279 345 236 264 225 405 227 342 2 2
;
212 0 256 102 258 150 256 199 253 265 293 150 218 145 333 108 358 31
178 108 147 35 270 265 284 407 279 345 236 264 225 405 227 342 0 2
;
213 0 256 102 258 150 256 199 253 265 294 149 218 144 322 100 313 21
188 99 187 21 270 265 284 407 279 343 236 264 224 405 227 342 0 0;
214 0 256 102 258 150 256 198 253 264 293 149 219 144 318 98 294 27
192 99 207 21 270 265 284 407 278 341 236 263 224 405 226 341 0 0;
215 0 257 102 258 150 256 197 253 260 291 148 220 143 302 88 266 26
202 96 236 23 272 260 284 407 278 339 235 260 224 405 226 339 0 1;
216 0 257 102 258 150 256 196 253 257 290 147 220 143 302 88 259 19
204 94 242 23 272 257 284 407 278 338 234 257 224 405 227 339 1 1;
217 0 257 102 258 149 256 195 253 257 290 147 220 142 302 89 271 20
205 93 231 22 271 257 284 407 278 339 234 256 224 405 227 338 1 1;
218 0 257 102 258 149 256 195 253 257 290 147 220 142 305 91 280 19
203 94 220 21 271 258 284 407 278 339 235 257 224 405 227 338 1 0;
219 0 257 102 258 149 256 196 253 260 290 147 220 142 313 94 306 18
195 98 190 21 271 261 284 407 279 342 235 259 224 405 227 338 0 0;
220 0 257 102 258 150 256 197 253 261 291 147 220 142 320 99 320 17
190 104 175 27 270 262 284 407 279 342 235 261 224 405 227 339 0 0
;
221 0 257 102 258 150 256 197 253 263 292 148 220 144 330 108 350 26
179 108 145 36 270 264 284 407 279 344 235 262 224 405 227 341 0 2
;
222 0 257 102 258 150 256 198 253 265 293 151 219 146 337 117 382 36
174 120 123 54 270 265 284 407 279 345 236 264 224 405 226 342 2 2
;
223 0 257 102 258 150 256 199 253 265 294 151 219 147 340 123 391 47
168 121 118 67 270 266 284 407 279 346 236 265 225 405 226 342 2 2
;
224 0 256 102 258 150 256 199 253 266 294 152 219 148 341 125 400 57
172 130 113 77 270 267 284 407 280 346 236 265 225 405 226 342 2 2
;
225 0 256 102 258 150 256 200 253 267 294 153 218 149 346 132 412 75
168 135 101 92 270 267 284 407 280 347 236 266 225 405 226 343 2 2
;
226 0 256 102 258 150 256 200 253 267 294 153 218 150 347 137 415 84
168 140 98 101 270 268 284 408 280 347 236 267 225 405 226 343 2 2
;
227 0 256 102 258 151 256 201 253 268 294 155 218 151 347 144 418 101
166 146 100 120 270 269 284 408 280 347 236 268 224 405 226 343 2 2
;
228 0 256 102 258 151 256 201 253 269 294 156 218 152 348 150 422 112
167 152 100 132 270 269 284 408 280 347 236 268 224 405 226 343 2 2
;
229 0 256 102 258 151 256 201 253 269 294 156 218 152 348 152 422 118
169 155 101 137 270 269 284 407 280 347 236 269 224 405 226 344 2 2
;
230 0 255 102 258 151 256 201 253 269 294 157 218 153 348 156 425 126
169 159 101 144 270 270 284 407 280 348 236 269 224 405 226 344 2 2
;
231 0 255 102 258 151 256 202 253 270 293 157 218 153 348 159 425 130
169 161 101 146 270 270 284 407 280 348 236 269 225 405 226 344 2 2
;
232 0 255 102 257 152 255 202 253 270 293 158 217 154 347 162 430 136
169 163 100 151 270 270 283 407 280 348 236 270 225 405 226 344 2 2
;
233 0 255 102 257 152 255 202 253 270 293 158 217 154 346 162 430 139
170 165 100 153 270 270 284 407 280 348 236 270 225 405 226 344 2 2
;
234 0 255 102 257 152 255 202 253 270 293 158 217 155 345 164 431 144
170 166 100 156 270 271 284 407 280 348 236 270 224 421 226 344 2 2
;
235 0 255 102 257 152 255 202 253 270 293 158 217 155 345 164 430 145
170 166 100 157 270 271 284 407 280 348 236 270 224 421 226 344 2 2
;
236 0 255 102 257 152 255 202 253 271 293 158 217 155 344 165 431 147
170 167 100 158 270 271 284 407 280 348 236 270 224 421 226 344 2 2
;
237 0 255 102 257 152 255 202 253 271 293 158 217 155 343 166 431 148
171 168 100 158 270 271 284 407 280 348 236 270 224 422 226 344 2 2
;
238 0 254 102 257 152 255 203 253 271 293 159 217 155 342 168 431 151
171 169 101 162 270 271 284 407 280 348 236 271 224 422 226 344 2 2
;
239 0 254 102 257 152 255 203 253 271 293 159 217 155 341 168 430 152
171 170 101 163 270 271 284 407 280 348 236 271 224 422 226 344 2 2
;
240 0 254 102 256 152 255 203 252 271 293 159 217 155 341 169 432 154
172 171 103 166 270 271 284 407 280 348 236 271 224 422 226 344 2 2
;
241 0 254 102 256 152 255 203 252 271 293 159 217 156 341 169 431 154
172 172 96 166 270 271 284 407 280 348 235 271 224 422 226 344 2 2
;
242 0 254 102 256 152 255 203 252 271 293 159 217 156 341 169 431 154
172 172 102 168 270 271 284 407 280 348 235 271 224 422 226 344 2 2
;
243 0 254 102 256 152 255 203 252 271 293 159 217 156 341 169 431 154
172 172 102 168 270 271 284 407 280 349 235 271 224 422 226 344 2 2
;
244 0 254 102 256 152 255 203 252 271 293 159 217 156 341 170 431 154
172 173 102 168 269 272 284 407 280 349 235 271 224 422 226 344 2 2
;
245 0 254 102 256 152 255 203 252 271 293 159 217 156 341 170 431 155
172 173 103 169 269 272 284 407 280 349 235 271 224 422 226 344 2 2
;
246 0 254 102 256 152 255 203 252 271 292 159 217 156 341 170 430 156
172 174 102 170 269 272 284 407 280 349 235 271 224 422 226 344 2 2
;
247 0 254 102 256 152 255 203 252 271 292 159 217 156 341 170 430 157
172 174 102 170 269 272 284 407 280 349 235 271 224 422 226 344 2 2
;
248 0 254 102 256 152 255 203 252 271 292 159 216 156 341 170 430 158
172 175 102 172 270 272 284 407 280 349 235 271 224 422 226 344 2 2
;
249 0 254 102 256 152 255 203 252 271 292 159 216 156 341 170 430 159
172 175 102 173 270 272 284 407 280 349 235 271 224 422 226 344 2 2
;
250 0 254 102 256 152 255 203 252 271 292 159 216 156 341 170 431 159
172 175 102 173 270 272 284 407 280 349 235 271 224 422 226 344 2 2
;
251 0 254 102 256 152 255 203 252 271 292 159 216 156 341 170 430 159
172 175 102 173 270 272 284 407 280 349 235 271 224 422 226 344 2 2
;
252 0 254 102 256 152 254 203 252 271 292 159 216 156 341 171 431 159
172 175 102 172 270 272 284 407 280 349 235 271 225 422 226 344 2 2
;
253 0 254 102 256 152 254 203 252 271 292 159 216 156 341 171 431 158
172 175 102 171 270 272 284 407 280 349 235 271 225 422 226 344 2 2
;
254 0 254 102 256 152 254 203 252 271 292 159 216 156 341 170 430 151
172 175 96 166 270 272 284 407 280 349 235 271 225 422 226 344 2 2
;
255 0 254 102 256 152 254 203 252 271 292 159 216 156 342 168 429 145
172 173 100 162 270 272 284 407 280 349 235 271 225 422 226 344 2 2
;
256 0 254 102 256 152 254 203 252 271 292 159 216 156 347 162 420 127
170 167 101 147 270 272 284 407 280 349 235 271 224 422 226 344 2 2
;
257 0 254 102 256 152 254 203 252 271 293 159 216 156 347 158 417 115
170 164 92 133 270 272 284 407 280 349 235 271 224 422 226 344 2 2
;
258 0 254 102 256 152 255 203 252 271 293 158 217 155 346 147 404 87
161 153 97 108 270 271 284 407 280 349 235 271 224 422 226 344 2 2
;
259 0 254 102 256 152 255 203 252 271 293 158 217 155 344 142 395 74
160 147 103 94 270 271 284 407 280 348 235 270 224 422 226 344 2 2
;
260 0 255 102 256 152 255 202 253 270 294 157 217 154 338 129 369 49
163 135 120 69 270 270 284 407 280 348 236 270 224 405 226 344 2 2
;
261 0 255 102 257 152 255 202 253 269 293 155 217 153 336 127 357 37
166 132 132 59 270 270 284 407 280 348 236 269 225 405 226 344 2 2
;
262 0 255 102 257 152 255 201 253 268 292 153 217 152 328 113 330 27
171 117 158 40 270 269 284 407 279 344 236 268 224 405 226 344 0 2
;
263 0 256 102 257 151 255 201 253 267 292 153 217 150 328 112 317 26
176 112 171 32 270 268 284 407 279 344 236 267 225 405 226 343 0 2
;
264 0 256 102 257 151 255 200 253 266 291 151 218 148 318 102 296 29
180 106 198 28 270 267 284 407 279 344 236 266 225 405 226 343 0 0
;
265 0 256 102 257 151 255 200 253 266 290 151 218 147 315 101 284 26
186 100 212 24 271 266 284 407 279 341 236 265 225 405 226 342 0 0
;
266 0 256 102 257 151 255 199 253 264 290 151 218 148 309 99 264 32
191 100 231 33 271 264 284 407 278 340 236 264 225 405 227 341 1 0
;
267 0 256 102 257 151 255 198 253 262 289 151 218 148 307 98 255 30
192 100 236 38 271 262 284 407 278 340 235 261 225 405 227 341 1 1
;
268 0 256 102 257 151 255 198 253 261 289 151 219 148 306 98 257 30
193 100 237 33 271 261 284 407 278 340 234 261 225 405 227 340 1 1
;
269 0 256 102 257 151 255 198 253 261 289 151 219 148 306 98 265 29
193 100 226 36 271 262 284 407 278 340 235 261 225 405 227 340 1 1
;
270 0 256 102 257 151 255 198 253 263 289 151 219 148 313 101 284 27
186 103 206 31 271 263 284 407 278 341 235 263 225 405 227 340 0 2
;
271 0 256 102 257 151 255 198 253 264 289 151 219 149 317 105 296 26
181 106 195 32 271 264 284 407 279 343 236 263 225 405 227 340 0 2
;
272 0 256 102 257 151 255 199 253 264 290 151 219 148 323 108 319 28
177 110 172 34 271 265 284 407 279 345 236 264 224 405 227 341 0 2
;
273 0 256 102 257 151 255 199 253 265 291 151 218 149 331 115 342 32
172 115 150 41 270 266 284 407 279 344 236 265 224 405 227 341 0 2
;
274 0 256 102 257 151 255 199 253 265 292 152 218 149 333 117 352 34
170 116 140 45 270 266 284 407 279 346 236 265 224 405 227 342 2 2
;
275 0 256 102 257 151 255 199 253 266 292 153 218 149 336 123 370 40
166 121 125 56 270 267 284 407 280 346 236 265 224 405 226 342 2 2
;
276 0 256 102 257 151 255 200 253 266 293 154 218 150 337 125 376 45
168 126 120 61 270 267 284 407 279 345 236 266 224 405 226 342 2 2
;
277 0 256 102 257 151 255 200 253 267 293 154 218 150 338 128 381 50
169 129 116 66 270 267 284 407 280 346 236 266 224 405 226 342 2 2
;
278 0 256 102 257 151 255 200 253 267 293 154 218 150 341 134 390 62
167 133 111 75 270 268 284 407 279 346 236 267 224 405 226 343 2 2
;
279 0 256 102 257 151 255 200 253 268 293 155 217 151 343 138 398 72
166 139 108 85 270 268 284 407 280 347 236 267 224 405 226 343 2 2
;
280 0 255 102 257 151 255 201 253 268 293 155 217 152 343 140 401 79
166 142 107 89 270 268 284 407 280 347 236 268 224 405 226 343 2 2
;
281 0 255 102 257 151 255 201 253 268 292 156 217 152 345 145 407 89
166 147 104 99 270 269 284 407 280 345 236 268 224 405 226 343 2 2
;
282 0 255 102 257 151 255 201 253 269 292 156 217 153 345 148 409 95
163 150 103 103 270 269 284 407 280 346 236 268 224 405 226 343 2 2
;
283 0 255 102 257 151 255 201 253 269 292 157 217 153 345 153 413 106
165 152 100 112 270 269 284 407 280 347 236 269 224 405 226 343 2 2
;
284 0 255 102 257 151 255 201 253 269 292 157 217 153 346 155 414 112
165 154 100 116 270 270 284 407 280 347 236 269 224 405 226 343 2 2
;
285 0 255 102 257 151 255 201 253 269 292 157 217 154 345 156 415 117
166 155 99 121 270 270 284 407 280 347 236 269 224 405 226 343 2 2
;
286 0 255 102 256 152 255 202 253 270 292 158 217 154 345 159 418 126
163 160 98 128 270 270 284 407 280 346 236 269 224 421 226 344 2 2
;
287 0 255 102 256 152 255 202 253 270 292 158 217 154 346 161 421 132
164 162 97 135 270 270 284 407 280 346 236 270 224 422 226 344 2 2
;
288 0 255 102 256 152 255 202 253 270 292 158 217 154 347 162 422 135
168 163 103 141 270 270 284 407 280 346 236 270 224 422 226 344 2 2
;
289 0 255 102 256 152 255 202 253 270 292 158 217 155 345 164 422 140
169 164 103 145 270 270 284 407 280 346 236 270 224 422 226 344 2 2
;
290 0 255 102 256 152 255 202 253 270 292 158 217 155 345 164 422 142
169 164 104 147 270 270 284 407 280 346 236 270 224 422 226 344 2 2
;
291 0 255 102 256 152 255 202 253 270 292 159 217 155 346 165 424 145
169 165 103 151 270 271 284 407 280 346 236 270 225 422 226 344 2 2
;
292 0 255 102 256 152 255 202 253 270 292 159 217 155 346 166 424 146
170 166 103 152 270 271 284 407 280 347 236 270 225 422 226 344 2 2
;
293 0 255 102 256 152 255 202 253 270 292 159 217 155 347 167 424 148
170 166 102 155 270 271 284 407 280 346 236 270 224 422 226 344 2 2
;
294 0 255 102 256 152 255 202 253 271 292 159 217 155 347 167 424 149
170 167 103 156 270 271 284 407 280 346 236 270 225 422 226 344 2 2
;
295 0 254 102 256 152 255 203 253 271 292 159 217 155 347 168 424 150
170 167 103 157 270 271 284 407 280 347 236 270 225 422 226 344 2 2
;
296 0 254 102 256 152 255 203 253 271 292 159 217 155 347 168 424 150
170 167 103 158 270 271 284 407 280 347 236 270 225 422 226 344 2 2
;
297 0 254 102 256 152 255 203 253 271 292 159 217 156 346 169 424 150
170 168 102 158 270 271 284 407 280 347 236 271 225 422 226 344 2 2
;
298 0 254 102 256 152 255 203 253 271 292 159 217 156 347 169 424 151
170 168 102 158 270 271 284 407 280 347 236 271 225 422 226 344 2 2
;
299 0 254 102 256 152 255 203 253 271 292 159 217 156 347 169 425 151
170 168 102 158 270 271 284 407 280 347 236 271 225 422 226 344 2 2
;
300 0 254 102 256 152 255 203 253 271 292 159 217 156 347 169 425 151
170 168 102 158 270 271 284 407 280 346 236 271 225 422 226 344 2 2
;
301 0 254 102 256 152 255 203 253 271 292 159 217 156 347 170 425 152
170 168 102 158 270 271 284 407 280 346 236 271 225 422 226 344 2 2
;
302 0 254 102 256 152 255 203 253 271 292 159 217 156 347 170 425 152
170 168 102 159 270 271 284 407 280 346 236 271 225 422 226 344 2 2
;
303 0 254 102 256 152 255 203 253 271 292 160 217 156 348 170 425 152
170 169 102 159 270 271 284 407 280 347 236 271 225 422 226 344 2 2
;
304 0 254 102 256 152 255 203 253 271 292 160 217 156 348 170 425 153
170 169 102 159 270 271 284 407 280 346 236 271 225 422 226 344 2 2
;
305 0 254 102 256 152 255 203 253 271 292 160 217 156 339 170 427 153
170 169 102 159 270 271 284 407 280 347 236 271 225 422 226 344 2 2
;
306 0 254 102 256 152 255 203 253 271 292 160 217 156 351 169 427 153
170 169 102 160 270 271 284 407 280 346 236 271 225 422 226 344 2 2
;
307 0 254 102 256 152 255 203 253 271 292 160 217 156 350 170 428 153
171 169 102 160 270 271 284 407 280 345 236 271 225 422 226 344 2 2
;
308 0 254 102 256 152 255 203 253 271 292 160 217 156 338 171 427 153
170 169 102 160 270 271 284 407 280 346 236 271 225 422 226 344 2 2
;
309 0 254 102 256 152 255 203 253 271 292 160 217 156 340 170 428 152
170 169 102 160 270 271 284 407 280 347 236 271 225 422 226 344 2 2
;
310 0 254 102 256 152 255 203 253 271 292 160 217 156 348 169 427 151
170 169 102 159 270 271 284 407 280 347 236 271 225 422 226 344 2 2
;
311 0 254 102 256 152 255 203 253 271 292 160 217 156 348 169 427 151
170 169 102 159 270 271 284 407 280 347 236 271 225 422 226 344 2 2
;
312 0 254 102 256 152 255 203 253 271 292 160 217 156 348 169 427 150
170 169 102 159 270 271 284 407 280 347 236 271 225 422 226 344 2 2
;
313 0 254 102 256 152 255 203 253 271 292 160 217 156 348 169 426 151
170 169 102 159 270 271 284 407 280 346 236 271 225 422 226 344 2 2
;
314 0 254 102 256 152 255 203 253 271 292 160 217 156 348 169 426 151
170 169 102 159 270 271 284 407 280 346 236 271 225 422 226 344 2 2
;
315 0 254 102 256 152 255 203 253 271 292 160 217 156 348 169 426 152
170 169 103 159 270 271 284 407 280 347 236 271 225 422 226 344 2 2
;
316 0 254 102 256 152 255 203 253 271 292 160 217 156 349 169 426 152
170 169 103 159 270 271 284 407 280 347 236 271 225 422 226 344 2 2
;
317 0 254 102 256 152 255 203 253 271 292 160 217 156 351 170 428 153
170 169 103 159 270 271 284 407 280 346 236 271 225 422 226 344 2 2
;
318 0 254 102 256 152 255 203 253 271 292 160 217 156 341 171 428 154
171 169 103 160 270 271 284 407 280 347 236 271 224 422 226 344 2 2
;
319 0 254 102 256 152 255 203 253 271 292 160 217 156 351 170 428 155
171 169 103 160 270 271 284 407 280 347 236 271 225 422 226 344 2 2
;
320 0 254 102 256 152 255 203 253 271 292 160 217 156 341 171 428 155
171 169 103 160 270 271 284 407 280 346 236 271 225 422 226 344 2 2
;
321 0 255 102 256 152 255 203 253 271 292 160 217 156 341 170 428 155
171 169 103 160 270 271 284 407 280 346 236 271 225 422 226 344 2 2
;
322 0 255 102 256 152 255 203 253 271 292 160 217 156 351 170 428 155
171 169 103 160 270 271 284 407 280 345 236 271 225 422 226 344 2 2
;
323 0 255 102 256 152 255 203 253 271 292 160 217 156 351 170 428 156
171 169 103 160 270 271 284 407 280 346 236 271 225 422 226 344 2 2
;
324 0 255 102 256 152 255 203 253 271 292 160 217 156 342 171 429 156
171 169 103 160 270 271 284 407 280 347 236 271 225 422 226 344 2 2
;
325 0 255 102 256 153 255 203 253 271 292 160 217 156 341 170 430 156
171 169 103 160 270 271 284 407 280 346 236 271 225 422 226 344 2 2
;
326 0 255 102 256 153 255 203 253 271 292 160 217 156 341 170 430 156
171 169 103 160 270 271 284 407 280 345 236 271 225 422 226 344 2 2
;
327 0 255 102 256 153 255 203 253 271 293 160 217 156 341 170 432 155
171 169 104 159 270 272 284 407 280 347 236 271 225 422 226 344 2 2
;
328 0 255 102 256 153 255 203 253 271 293 160 217 156 342 170 432 153
171 169 104 158 270 272 284 407 280 346 236 271 225 422 226 344 2 2
;
329 0 255 102 256 152 255 203 253 271 293 160 217 156 342 167 434 145
170 168 102 152 270 271 284 407 280 347 236 271 225 422 226 344 2 2
;
330 0 255 102 256 152 255 203 253 271 293 159 217 156 345 160 424 129
170 163 105 139 270 271 284 407 280 347 236 271 225 422 226 344 2 2
;
331 0 255 102 256 152 255 203 253 271 293 159 217 155 346 155 420 118
168 158 103 129 270 271 284 407 280 346 236 271 225 422 226 344 2 2
;
332 0 255 102 256 152 255 203 253 271 293 159 217 155 346 150 417 106
167 154 98 115 270 271 284 407 279 345 236 270 225 422 226 344 2 2
;
333 0 255 102 256 152 255 203 253 270 294 158 217 154 345 137 407 76
164 144 108 90 270 271 284 407 279 345 236 270 224 422 226 344 2 2
;
334 0 255 102 256 152 255 202 253 270 294 158 217 154 343 132 399 61
166 137 116 77 270 270 284 407 279 345 236 270 224 421 226 344 2 2
;
335 0 255 102 256 152 255 202 252 269 294 157 217 152 337 119 372 38
170 129 139 55 269 270 284 407 279 344 236 268 224 404 226 344 2 2
;
336 0 255 102 257 152 255 201 253 268 294 155 217 150 331 112 341 28
176 114 167 35 269 268 284 407 279 345 236 267 225 404 226 343 0 2
;
337 0 255 102 256 152 255 201 253 267 293 153 217 149 327 107 326 26
179 110 182 31 270 267 284 407 279 345 236 266 224 404 226 343 0 2
;
338 0 255 102 257 151 255 200 253 266 292 151 218 148 321 102 300 30
188 98 210 26 270 266 284 407 279 341 236 265 224 404 226 342 0 0;
339 0 255 102 257 151 255 200 253 265 292 152 218 147 318 101 287 26
190 99 222 27 270 266 284 407 279 341 236 265 224 404 226 342 0 0;
340 0 255 103 257 151 255 199 253 263 290 152 219 148 312 98 268 29
196 99 238 33 271 263 284 407 279 339 236 263 224 404 226 340 1 1;
341 0 255 103 257 151 255 199 253 262 290 152 219 148 309 97 261 27
198 98 242 37 271 262 284 407 278 339 235 262 224 404 227 340 1 1;
342 0 255 103 257 151 255 198 253 261 290 152 219 148 308 96 262 27
198 97 241 37 271 261 284 407 278 338 235 261 224 405 227 339 1 1;
343 0 255 103 257 151 255 198 253 261 290 152 219 148 308 96 268 28
198 98 234 33 271 261 284 407 278 338 235 261 224 405 227 339 1 1;
344 0 255 103 257 151 255 198 253 262 290 152 219 147 313 100 284 27
193 100 216 29 271 262 284 407 278 338 235 262 224 405 227 339 0 2
;
345 0 255 103 257 151 255 198 253 263 290 152 219 147 316 101 296 30
187 102 204 30 271 263 284 407 279 342 235 263 224 405 227 340 0 2
;
346 0 255 103 257 151 255 199 253 264 290 152 219 148 322 106 320 28
181 106 179 30 271 264 284 407 279 342 236 263 224 405 227 340 0 2
;
347 0 255 103 257 151 255 199 253 264 290 152 219 148 327 110 333 28
177 111 166 35 271 264 284 407 279 344 236 264 224 405 227 341 0 2
;
348 0 255 103 257 151 255 199 253 265 291 152 219 148 334 117 361 35
171 115 140 43 270 265 284 407 279 344 236 264 224 404 227 341 0 2
;
349 0 255 103 257 151 255 199 253 265 292 152 218 148 336 120 376 40
168 117 129 51 270 266 284 407 279 344 236 265 224 404 227 341 0 2
;
350 0 255 103 257 151 255 200 253 266 292 153 218 149 341 127 396 61
164 125 112 69 270 266 284 407 279 343 236 265 224 404 227 342 2 2
;
351 0 255 103 257 151 255 200 253 266 292 153 218 149 343 130 405 69
167 131 106 78 270 266 283 407 279 343 236 266 224 404 227 342 2 2
;
352 0 255 103 257 151 255 200 253 267 293 154 217 150 345 135 415 90
165 136 97 94 270 267 283 407 279 345 236 266 224 404 226 342 2 2;
353 0 255 103 257 151 255 200 253 267 293 154 217 150 345 137 418 99
165 138 94 102 270 267 284 407 279 345 236 266 224 404 226 342 2 2
;
354 0 255 103 257 151 255 201 253 267 293 154 217 151 347 141 423 111
165 142 99 118 270 268 284 407 279 345 236 267 224 404 226 342 2 2
;
355 0 255 103 257 151 255 201 253 267 293 154 217 151 348 143 429 115
166 144 99 123 270 268 284 407 280 346 236 267 224 404 226 342 2 2
;
356 0 255 103 257 151 255 201 253 268 293 155 217 152 348 148 424 124
166 147 98 130 270 268 283 407 280 347 236 268 224 404 226 343 2 2
;
357 0 255 103 257 152 255 201 253 268 293 155 217 152 348 149 424 127
166 148 98 133 270 268 283 407 279 345 236 268 224 404 226 343 2 2
;
358 0 255 103 257 152 255 201 253 268 293 156 217 152 348 151 423 133
166 151 98 138 270 269 283 407 280 346 236 268 225 404 226 343 2 2
;
359 0 255 103 257 152 255 201 253 268 293 156 217 152 348 153 423 136
166 152 98 140 270 269 283 407 280 346 236 268 225 404 226 343 2 2
;
360 0 255 103 257 152 255 202 253 269 293 156 217 153 348 154 423 140
168 154 97 144 270 269 284 407 280 347 236 268 225 404 226 343 2 2
;
361 0 255 103 257 152 255 202 253 269 293 156 217 153 349 155 423 142
168 155 98 145 270 269 284 407 280 347 236 268 225 404 226 343 2 2
;
362 0 255 103 257 152 255 202 253 269 293 156 217 153 348 156 424 144
169 157 98 148 270 269 284 407 280 347 236 268 225 404 226 343 2 2
;
363 0 255 103 257 152 255 202 253 269 293 156 217 153 348 157 424 145
169 157 98 149 270 269 284 407 280 347 236 269 225 404 226 343 2 2
;
364 0 255 103 257 152 255 202 253 269 293 157 217 153 349 158 434 146
169 158 98 151 270 269 284 407 280 346 236 269 225 404 226 343 2 2
;
365 0 255 103 257 152 255 202 253 269 293 157 218 153 348 158 434 147
169 159 98 151 270 269 284 407 280 347 236 269 225 404 226 343 2 2
;
366 0 255 103 257 152 255 202 253 269 293 157 218 154 348 159 433 148
169 159 97 152 270 270 284 407 280 347 236 269 225 404 226 343 2 2
;
367 0 255 103 257 152 255 202 253 269 294 157 218 154 348 159 433 148
169 160 96 153 270 270 284 407 280 346 236 269 225 404 226 343 2 2
;
368 0 255 103 257 152 255 202 253 269 294 157 218 154 348 159 432 149
168 160 96 153 270 270 283 407 280 345 236 269 225 404 226 343 2 2
;
369 0 255 103 257 152 255 202 253 269 294 157 218 154 348 159 433 149
168 160 96 153 270 270 283 407 280 346 236 269 225 404 226 343 2 2
;
370 0 255 103 257 152 255 202 253 269 294 157 218 154 348 159 433 149
168 160 96 153 270 270 283 407 280 345 236 269 225 404 226 343 2 2
;
371 0 255 103 257 152 255 202 253 269 294 157 218 154 348 159 432 149
168 160 96 153 270 270 283 407 280 346 236 269 225 421 226 343 2 2
;
372 0 255 103 257 152 255 202 253 269 294 157 218 154 348 160 432 150
169 161 96 152 270 270 283 407 280 346 236 269 225 421 226 343 2 2
;
373 0 255 103 257 152 255 202 253 269 294 157 218 154 348 160 432 150
169 161 96 152 270 270 284 407 280 346 236 269 225 421 226 343 2 2
;
374 0 255 103 257 152 255 202 253 269 294 157 218 154 347 160 432 150
169 161 96 152 270 270 284 407 280 346 236 269 225 421 226 343 2 2
;
375 0 255 103 257 152 255 202 253 269 294 157 218 154 347 160 432 150
169 161 96 152 270 270 284 407 280 346 236 269 225 421 226 343 2 2
;
376 0 255 103 257 152 255 202 253 269 294 157 218 154 347 160 432 150
169 161 96 152 270 270 284 407 280 347 236 269 225 421 226 343 2 2
;
377 0 255 103 257 152 255 202 253 269 294 157 218 154 347 160 432 150
169 161 96 152 270 270 284 407 280 345 236 269 225 421 226 343 2 2
;
378 0 255 103 257 152 255 202 253 270 294 157 218 154 347 160 431 151
169 161 96 152 270 270 284 407 280 346 236 269 225 421 226 343 2 2
;
379 0 255 103 257 152 255 202 253 270 294 157 218 154 347 160 431 151
169 161 96 152 270 270 284 407 280 347 236 269 225 404 226 343 2 2
;
380 0 255 103 257 152 255 202 253 270 294 157 218 154 347 160 432 152
169 161 96 152 270 270 284 407 280 347 236 269 225 404 226 343 2 2
;
381 0 255 103 257 152 255 202 253 270 294 157 218 154 347 160 430 152
169 161 96 152 270 270 284 407 280 346 236 269 225 421 226 343 2 2
;
382 0 255 103 257 152 255 202 253 270 294 157 218 154 347 161 423 152
169 161 97 152 270 270 284 407 280 346 236 269 225 421 226 343 2 2
;
383 0 255 103 257 152 255 202 253 270 294 157 218 154 347 161 431 152
169 161 97 153 270 270 284 407 280 347 236 269 225 421 226 343 2 2
;
384 0 255 102 257 152 255 202 253 270 294 157 218 154 347 161 430 152
169 161 97 153 270 270 284 407 280 347 236 269 225 421 226 343 2 2
;
385 0 255 102 257 152 255 202 253 270 294 157 218 154 347 161 431 152
169 161 97 153 270 270 284 407 280 347 236 269 225 421 226 343 2 2
;
386 0 255 102 257 152 255 202 253 270 294 157 218 154 347 161 431 153
169 162 97 154 270 270 284 407 280 346 236 269 225 421 226 343 2 2
;
387 0 255 102 257 152 255 202 253 270 294 157 218 154 346 161 432 153
169 162 97 154 270 270 284 407 280 346 236 269 225 421 226 343 2 2
;
388 0 255 102 257 152 255 202 253 270 293 157 218 154 346 161 432 153
168 162 97 154 270 270 284 407 280 347 236 269 225 421 226 343 2 2
;
389 0 255 102 257 152 255 202 253 270 293 157 218 154 346 161 432 153
168 162 97 154 270 270 284 407 280 346 236 269 225 421 226 343 2 2
;
390 0 255 102 257 152 255 202 253 270 293 157 218 154 346 161 432 153
168 162 92 154 270 270 284 407 280 347 236 269 225 421 226 343 2 2
;
391 0 255 102 257 152 255 202 253 270 293 157 218 154 346 161 433 153
168 162 94 155 270 270 284 407 280 346 236 269 225 421 226 343 2 2
;
392 0 255 102 257 152 255 202 253 270 293 157 218 154 346 162 433 153
168 162 92 154 270 270 284 407 280 347 236 269 225 421 226 343 2 2
;
393 0 255 102 257 152 255 202 253 270 293 157 217 154 346 162 432 153
168 162 91 154 270 270 284 407 280 346 236 269 225 421 226 343 2 2
;
394 0 255 102 257 152 255 202 253 270 293 157 217 154 346 162 432 153
169 163 97 156 270 270 284 407 280 346 236 269 225 421 226 343 2 2
;
395 0 255 102 257 152 255 202 253 270 293 157 217 154 346 162 423 152
169 163 91 154 270 270 284 407 280 347 236 269 225 421 226 343 2 2
;
396 0 255 102 257 152 255 202 253 270 293 157 217 154 346 161 423 149
168 163 91 153 270 270 284 407 280 345 236 269 225 421 226 343 2 2
;
397 0 255 102 257 152 255 202 253 270 293 157 217 154 347 160 422 141
168 161 98 149 270 270 284 407 280 347 236 269 225 421 226 343 2 2
;
398 0 255 102 257 152 255 202 253 270 293 157 217 154 347 158 420 134
167 160 99 143 270 270 284 407 280 347 236 269 225 421 226 343 2 2
;
399 0 255 102 257 152 255 202 253 270 293 157 217 154 346 149 425 113
167 153 100 126 270 270 284 407 280 347 236 269 225 421 226 343 2 2
;
400 0 255 102 257 152 255 202 253 269 293 157 217 154 346 144 417 101
166 147 94 110 270 270 284 407 279 345 236 269 225 421 226 343 2 2
;
401 0 254 102 256 152 255 202 253 269 293 156 217 153 344 132 407 69
167 136 104 81 270 269 284 407 279 344 236 268 225 405 226 343 2 2
;
402 0 254 102 256 152 255 202 253 268 294 155 217 152 341 128 397 53
169 132 115 68 270 269 284 407 279 344 236 268 225 405 226 343 2 2
;
403 0 254 102 257 152 255 201 253 268 294 154 217 151 334 117 365 32
176 123 142 43 270 268 284 407 279 343 236 267 225 404 226 343 2 2
;
404 0 254 102 256 152 255 201 253 267 293 154 217 150 331 114 348 27
175 114 157 36 270 267 284 407 279 343 236 267 225 404 226 343 0 2
;
405 0 254 102 257 151 255 200 253 266 293 151 217 149 322 102 316 23
179 107 187 27 270 266 284 407 279 342 236 266 225 404 226 342 0 2
;
406 0 254 102 257 151 255 200 253 266 292 151 218 147 320 101 303 27
183 102 201 25 270 266 284 407 279 341 236 265 225 404 226 342 0 0
;
407 0 254 102 257 151 255 200 253 265 291 151 218 147 313 98 278 25
194 97 225 24 271 265 284 407 279 339 236 264 225 404 227 340 0 0;
408 0 254 102 257 151 255 199 253 263 291 152 218 147 309 97 269 28
197 98 234 27 271 263 284 407 279 339 236 263 225 404 227 340 1 0;
409 0 254 103 257 151 255 197 253 259 290 151 219 147 305 94 259 27
200 96 239 34 271 259 284 407 278 338 234 258 225 404 227 339 1 1;
410 0 254 103 257 151 255 197 253 258 290 151 219 147 304 94 261 27
200 96 238 32 272 259 284 407 278 337 234 258 225 404 227 338 1 1;
411 0 254 103 257 151 255 197 253 259 290 151 219 146 306 95 274 24
200 97 227 27 272 260 284 407 278 337 235 259 225 404 227 338 1 1;
412 0 254 103 257 151 255 197 253 261 290 151 219 146 310 97 285 24
196 98 216 26 272 261 284 407 278 337 235 261 225 404 227 338 0 1;
413 0 254 103 257 151 255 198 253 262 290 150 219 146 318 100 310 25
190 102 191 27 271 262 284 407 278 338 236 262 225 404 227 339 0 0
;
414 0 254 103 257 151 255 198 253 263 290 150 219 146 322 104 323 27
183 106 177 29 271 263 284 407 278 339 236 262 225 404 227 340 0 0
;
415 0 254 103 257 151 255 198 253 264 290 151 219 146 331 113 349 32
176 112 151 38 270 264 284 407 279 340 236 263 225 404 227 340 0 2
;
416 0 254 103 257 151 255 199 253 264 291 152 219 147 333 116 362 35
172 112 138 41 270 265 284 407 279 340 236 264 225 404 227 341 2 2
;
417 0 254 102 257 151 255 199 253 265 291 152 218 148 338 123 385 49
166 118 119 57 270 265 284 407 279 341 236 265 225 404 227 341 0 2
;
418 0 254 102 257 151 255 199 253 265 292 152 218 148 340 125 392 58
165 121 113 65 270 266 283 407 279 341 236 265 225 404 227 342 0 2
;
419 0 254 102 256 151 255 200 253 266 292 152 217 149 343 129 406 71
167 130 104 79 270 266 283 407 279 341 236 266 225 404 227 342 2 2
;
420 0 254 102 256 151 255 200 253 266 292 153 217 149 343 132 410 78
166 132 102 85 270 267 284 407 279 342 236 266 225 404 227 342 2 2
;
421 0 254 102 256 151 255 200 253 267 292 153 217 150 345 136 414 91
165 135 98 94 270 267 284 407 280 344 236 266 225 404 227 342 2 2;
422 0 254 102 256 151 255 200 253 267 292 153 217 150 346 137 415 96
165 136 96 97 270 267 284 407 280 344 236 267 225 404 227 342 2 2;
423 0 254 102 256 151 255 201 253 267 292 153 217 150 347 139 417 103
165 138 95 102 270 267 284 407 280 344 236 267 225 404 227 343 2 2
;
424 0 254 102 256 151 255 201 253 267 292 154 217 150 347 140 417 105
165 139 94 103 270 268 284 407 280 345 236 267 225 404 227 343 2 2
;
425 0 254 102 256 151 255 201 253 268 293 154 217 151 347 142 419 108
165 140 94 106 270 268 284 407 280 346 236 267 225 404 227 343 2 2
;
426 0 254 102 257 151 255 201 253 268 293 154 217 151 347 142 419 109
166 141 93 107 270 268 284 407 280 346 236 267 225 404 227 343 2 2
;
427 0 254 102 257 151 255 201 253 268 293 154 217 151 347 142 420 110
166 141 93 108 270 268 284 407 280 345 236 268 225 404 227 343 2 2
;
428 0 254 102 257 152 255 201 253 268 293 154 217 151 347 143 423 109
166 141 93 109 270 268 284 407 280 346 236 268 225 404 227 343 2 2
;
429 0 254 102 257 152 255 201 253 268 293 154 217 151 347 143 422 109
166 141 101 113 270 268 284 407 280 345 236 268 225 404 227 343 2 2
;
430 0 254 102 257 152 255 201 253 268 293 154 217 151 348 143 422 109
166 142 101 113 270 268 284 407 280 346 236 268 225 404 227 343 2 2
;
431 0 254 102 257 152 255 201 253 268 293 154 217 151 348 143 421 109
166 142 101 114 270 268 284 407 280 346 236 268 225 404 227 343 2 2
;
432 0 254 102 257 152 255 201 253 268 293 154 217 151 348 143 421 109
166 142 101 114 270 268 284 407 280 346 236 268 225 404 227 343 2 2
;
433 0 254 102 257 152 255 201 253 268 293 154 217 151 348 143 421 109
166 142 101 114 270 269 284 407 280 345 236 268 225 404 227 343 2 2
;
434 0 254 102 257 152 255 201 253 268 293 154 217 151 348 143 420 109
166 142 102 115 270 269 284 407 280 346 236 268 225 404 227 343 2 2
;
435 0 254 102 257 152 255 201 253 268 293 154 217 152 348 143 421 110
166 143 102 115 270 269 284 407 280 345 236 268 225 404 227 343 2 2
;
436 0 254 102 257 152 255 201 253 268 293 154 217 152 348 143 422 109
166 143 102 115 270 269 284 407 280 345 236 268 225 404 227 343 2 2
;
437 0 254 102 257 152 255 201 253 268 293 154 217 152 348 143 423 109
166 143 102 116 270 269 284 407 280 346 236 268 225 404 227 343 2 2
;
438 0 254 102 257 152 255 201 253 268 293 154 217 152 348 144 423 110
166 143 102 116 270 269 284 407 280 345 236 268 225 404 227 343 2 2
;
439 0 254 102 257 152 255 201 253 268 293 154 217 152 348 144 423 110
166 143 102 116 270 269 284 407 280 346 236 268 225 404 227 343 2 2
;
440 0 254 102 257 152 255 201 253 268 293 155 217 152 348 144 423 110
166 143 102 116 270 269 284 407 280 346 236 268 225 404 227 343 2 2
;
441 0 254 102 257 152 255 201 253 268 293 155 217 152 348 144 424 110
166 143 101 116 270 269 284 407 280 346 236 268 225 404 227 343 2 2
;
442 0 254 102 257 152 255 201 253 268 293 155 217 152 348 144 424 111
166 143 101 116 270 269 284 407 280 345 236 268 225 404 227 343 2 2
;
443 0 254 102 257 152 255 201 253 268 293 155 217 152 347 144 423 112
166 144 101 116 270 269 284 407 280 346 236 268 225 404 227 343 2 2
;
444 0 254 102 257 152 255 201 253 268 293 155 217 152 347 145 421 113
166 144 101 116 270 269 284 407 280 346 236 268 225 404 227 343 2 2
;
445 0 254 102 257 152 255 201 253 268 293 155 217 152 347 145 423 113
166 144 101 117 270 269 284 407 280 345 236 268 225 404 227 343 2 2
;
446 0 254 102 257 152 255 201 253 268 293 155 217 152 347 145 421 114
166 144 100 117 270 269 284 407 280 344 236 268 225 404 227 343 2 2
;
447 0 254 102 257 152 255 201 253 268 293 155 217 152 347 145 423 114
166 144 101 117 270 269 284 407 280 345 236 268 225 404 227 343 2 2
;
448 0 254 102 257 152 255 201 253 268 293 155 217 152 347 146 425 114
166 144 101 118 270 269 284 407 280 345 236 268 225 404 227 343 2 2
;
449 0 254 102 257 152 255 201 253 268 293 155 217 152 347 146 426 114
166 144 101 118 270 269 284 407 280 344 236 268 225 404 227 343 2 2
;
450 0 254 102 257 152 255 201 253 268 293 155 217 152 347 146 420 116
166 145 101 118 270 269 284 407 280 346 236 268 225 404 227 343 2 2
;
451 0 254 102 257 152 255 201 253 268 293 155 217 152 347 146 420 116
166 145 101 119 270 269 284 407 280 345 236 268 225 404 227 343 2 2
;
452 0 254 102 257 152 255 202 253 268 293 155 217 152 347 146 421 116
166 145 101 118 270 269 284 407 280 346 236 268 225 404 227 343 2 2
;
453 0 254 102 257 152 255 202 253 269 293 155 217 152 347 146 420 116
166 145 101 119 270 269 284 407 280 346 236 268 225 404 227 343 2 2
;
454 0 254 102 257 152 255 202 253 269 293 155 217 152 347 146 421 115
166 145 100 119 270 269 284 407 280 346 236 268 225 404 226 343 2 2
;
455 0 254 102 257 152 255 202 253 269 293 155 217 152 347 146 421 116
166 145 100 119 270 269 284 407 280 345 236 268 225 404 226 343 2 2
;
456 0 254 102 257 152 255 202 253 269 293 155 217 152 347 147 426 115
166 145 101 120 270 269 284 407 280 345 236 268 225 404 226 343 2 2
;
457 0 254 102 257 152 255 202 253 269 293 155 217 152 347 147 423 115
166 145 101 120 270 269 284 407 280 345 236 268 225 404 226 343 2 2
;
458 0 254 102 257 152 255 202 253 269 293 155 217 152 347 147 425 112
166 145 101 118 270 269 284 407 280 345 236 268 225 404 226 343 2 2
;
459 0 254 102 257 152 255 202 253 269 293 155 217 152 347 145 422 109
166 145 102 115 270 269 284 407 280 346 236 268 225 404 226 343 2 2
;
460 0 254 102 257 152 255 201 253 268 293 155 217 152 347 139 416 93
166 140 101 98 270 269 284 407 280 345 236 268 225 404 226 343 2 2
;
461 0 254 102 257 152 255 201 253 268 293 155 217 151 345 135 415 78
168 136 105 88 270 269 284 407 280 345 236 268 225 404 227 343 2 2
;
462 0 254 102 257 152 255 201 253 268 294 153 217 150 343 126 398 52
171 128 123 65 270 268 284 407 280 345 236 267 225 404 227 343 0 2
;
463 0 254 102 257 151 255 201 253 267 294 153 217 149 340 120 386 37
175 120 136 55 270 268 284 407 280 344 236 267 225 404 227 343 0 2
;
464 0 254 102 257 151 255 201 253 267 294 153 218 148 334 108 349 27
179 112 165 34 270 267 284 407 280 344 236 266 225 404 227 343 0 2
;
465 0 254 102 257 151 255 200 253 266 294 151 218 146 330 104 331 22
185 105 181 27 270 266 284 407 280 344 236 265 225 404 227 343 0 2
;
466 0 254 102 257 151 255 200 253 265 293 150 218 144 323 99 300 26
192 95 213 23 270 265 283 407 279 341 236 264 225 404 227 341 0 0;
467 0 254 102 257 151 255 199 253 264 292 151 218 144 318 98 284 24
195 95 226 25 270 264 283 407 279 340 236 264 225 404 227 341 0 0;
468 0 254 102 257 151 255 198 253 259 290 149 220 143 312 94 268 28
199 94 244 28 272 260 284 408 279 338 235 259 225 404 227 339 1 1;
469 0 254 103 257 151 255 197 253 259 289 149 221 143 311 93 270 27
201 94 242 27 272 259 284 408 279 338 235 258 225 404 227 339 1 1;
470 0 254 102 257 151 255 197 253 260 290 149 220 143 312 94 287 20
199 94 219 24 271 260 284 408 279 338 235 259 225 404 227 339 0 1;
471 0 254 102 257 151 255 198 253 261 290 149 220 143 316 96 303 19
195 96 202 26 271 262 284 407 279 338 235 261 225 404 227 339 0 0;
472 0 254 102 257 151 255 198 253 262 290 150 220 143 328 105 342 21
185 109 165 33 271 263 284 407 279 339 236 262 225 404 227 340 0 2
;
473 0 254 102 257 151 255 198 253 263 291 150 219 144 332 112 364 29
175 111 144 40 271 263 284 407 280 344 236 262 225 404 227 340 0 2
;
474 0 254 102 257 151 255 199 253 264 292 151 218 146 340 124 401 61
172 128 114 74 270 265 284 407 279 343 236 264 225 404 227 341 0 2
;
475 0 253 102 257 151 255 199 253 265 292 151 218 147 342 133 412 78
168 130 104 90 270 265 284 407 280 343 236 264 225 404 227 341 0 2
;
476 0 253 102 257 151 255 200 253 266 292 152 217 148 346 138 418 104
167 138 103 117 270 266 284 407 280 345 236 266 225 404 227 342 2 2
;
477 0 253 102 256 151 255 200 253 266 292 153 217 149 346 139 419 109
166 140 103 122 270 267 284 407 280 345 236 266 225 404 227 342 2 2
;
478 0 253 102 256 151 255 201 253 267 292 153 216 149 346 140 417 103
166 141 103 119 270 267 284 407 280 344 236 267 225 404 227 342 2 2
;
479 0 252 102 256 152 255 201 253 267 292 153 216 149 343 135 413 80
166 138 102 99 270 267 284 407 280 343 236 267 225 404 227 343 0 2
;
480 0 252 102 256 152 255 201 253 267 292 153 216 149 341 129 404 68
166 133 106 85 270 267 284 407 280 344 236 267 225 404 227 343 0 2
;
481 0 252 102 256 152 255 201 253 267 292 153 216 149 339 125 398 51
170 130 114 73 270 267 284 407 280 345 236 267 225 404 227 343 0 2
;
482 0 252 102 256 151 255 201 253 267 293 152 216 149 332 115 363 30
175 121 141 53 270 267 284 407 280 345 236 266 225 404 227 343 4 2
;
483 0 252 102 256 151 255 200 253 266 292 151 216 147 329 110 325 23
179 110 172 32 270 266 284 407 280 345 236 266 225 404 227 342 0 2
;
484 0 252 102 256 151 255 200 253 266 292 150 217 147 322 100 307 25
180 108 189 30 270 266 284 407 280 341 236 265 225 404 227 342 0 2
;
485 0 252 102 256 151 255 200 253 265 290 149 217 146 317 98 276 30
188 100 220 32 270 265 284 407 279 340 236 264 225 404 227 342 0 2
;
486 0 252 102 256 151 255 199 254 263 290 149 218 146 313 96 264 34
194 97 235 31 271 263 284 407 279 339 236 263 225 404 227 341 1 2;
487 0 253 102 256 151 255 198 253 259 289 148 219 145 309 94 262 35
194 96 237 36 271 260 284 407 279 338 235 259 225 404 227 340 1 1;
488 0 253 102 256 151 255 198 253 260 289 149 219 145 309 94 265 32
194 96 234 29 271 260 284 407 279 338 235 259 225 404 227 340 1 1;
489 0 253 101 256 150 255 198 253 261 289 149 219 145 312 96 282 25
190 99 211 28 272 262 284 407 279 338 235 261 225 404 227 340 0 0;
490 0 253 101 256 150 255 198 253 262 289 150 219 145 317 96 294 21
182 103 197 28 271 263 284 407 280 341 236 262 225 404 227 340 0 0
;
491 0 253 101 256 150 255 198 253 263 290 150 218 145 325 101 324 24
178 108 167 32 271 264 284 407 280 343 236 263 225 404 227 340 0 2
;
492 0 253 101 256 150 255 198 253 264 290 150 218 145 330 105 340 25
174 112 152 37 271 264 284 407 280 344 236 263 225 404 227 341 0 2
;
493 0 252 101 256 150 255 199 253 264 291 150 217 146 335 115 374 31
168 116 124 52 270 265 284 407 280 344 236 264 225 404 227 341 0 2
;
494 0 252 101 256 150 255 199 253 265 291 150 217 147 338 121 387 43
166 119 114 63 270 265 284 407 280 345 236 265 225 404 227 342 2 2
;
495 0 252 101 256 151 255 199 253 266 291 150 217 148 342 125 407 63
165 130 105 86 270 266 284 407 280 346 236 265 225 404 227 342 2 2
;
496 0 252 101 256 151 255 200 253 266 291 150 216 148 343 129 413 72
165 133 98 91 270 266 284 407 280 346 236 266 225 404 227 343 2 2;
497 0 252 101 256 151 255 200 253 266 292 151 216 149 344 132 419 84
164 135 93 102 270 267 284 407 281 346 236 266 225 404 227 343 2 2
;
498 0 252 101 256 151 255 200 253 267 292 151 216 149 345 133 419 86
164 136 92 103 270 267 284 407 281 346 236 267 225 404 227 343 2 2
;
499 0 252 101 256 151 255 200 253 267 292 151 216 150 345 133 417 78
164 136 94 96 270 267 284 407 281 347 236 267 225 404 227 343 2 2;
500 0 252 101 256 151 255 200 253 267 292 151 216 150 344 132 413 70
165 135 98 88 270 267 284 407 281 347 236 267 225 405 227 343 2 2;
501 0 252 101 256 151 255 200 253 267 292 151 216 150 341 126 398 50
165 125 111 67 270 267 284 408 281 347 236 267 225 405 227 343 2 2
;
502 0 252 101 256 151 255 200 253 267 292 151 216 150 339 124 387 37
165 122 121 55 270 267 284 407 281 347 236 267 225 405 227 343 2 2
;
503 0 252 101 256 151 255 200 253 267 292 151 216 149 334 117 350 28
171 118 151 41 270 267 284 407 281 347 236 267 225 405 227 343 0 2
;
504 0 252 102 256 151 255 200 253 267 292 151 216 149 335 114 332 28
175 114 167 36 270 267 284 407 280 347 236 267 225 405 227 343 0 2
;
505 0 252 102 256 151 255 200 253 266 292 150 216 147 326 106 298 28
179 107 200 34 270 267 284 407 280 346 236 266 225 405 227 343 0 2
;
506 0 252 102 256 150 255 200 253 266 291 151 217 147 323 105 287 37
184 103 215 34 270 267 284 407 280 346 236 266 225 405 227 343 0 2
;
507 0 253 102 256 150 255 199 253 263 290 151 218 146 313 100 261 34
192 100 238 36 271 263 284 407 279 341 235 263 225 405 227 342 1 1
;
508 0 254 101 256 150 255 199 253 262 290 151 218 147 311 98 256 35
193 99 234 44 271 263 284 407 279 341 235 262 225 405 227 341 1 1;
509 0 254 101 256 150 255 198 253 262 289 151 219 146 310 98 266 33
194 99 232 37 271 262 284 407 279 341 235 262 225 405 227 341 1 1;
510 0 254 101 256 150 255 198 253 262 289 152 219 146 312 99 273 29
193 99 224 35 271 263 284 407 279 341 235 262 225 405 227 341 0 1;
511 0 254 101 256 150 255 198 253 264 290 152 219 146 319 105 299 34
183 103 201 31 271 264 284 407 279 343 235 263 225 405 227 341 0 2
;
512 0 254 101 256 150 255 199 253 264 290 152 219 146 324 108 311 34
178 107 187 32 270 265 284 407 279 344 235 264 225 405 227 341 0 2
;
513 0 254 102 256 150 255 199 253 265 290 152 218 146 330 115 337 32
173 114 157 38 270 265 284 407 279 345 235 264 225 405 227 341 0 2
;
514 0 254 102 256 150 255 199 253 265 290 152 218 147 335 119 350 36
171 115 143 42 270 266 284 407 280 346 235 265 225 405 227 342 2 2
;
515 0 254 102 256 150 255 199 253 266 291 152 217 147 338 124 379 42
170 124 121 58 270 266 284 407 280 346 235 265 225 405 227 342 2 2
;
516 0 254 102 256 151 255 200 253 266 291 152 217 148 340 127 390 51
169 126 114 67 270 266 284 407 280 346 236 266 225 405 227 342 2 2
;
517 0 254 102 256 151 255 200 253 267 292 153 217 149 343 130 405 67
167 132 103 84 270 267 284 407 280 347 236 266 225 405 227 343 2 2
;
518 0 254 102 256 151 255 200 253 267 292 153 217 149 344 132 410 74
166 135 100 91 270 267 284 407 280 347 236 267 225 405 227 343 2 2
;
519 0 254 102 256 151 255 200 253 267 292 153 216 150 345 137 416 86
165 137 94 101 270 268 284 407 280 347 236 267 225 405 227 343 2 2
;
520 0 254 102 256 151 255 201 253 268 292 153 216 150 346 139 417 90
165 139 93 106 270 268 284 407 280 348 236 267 225 405 226 343 2 2
;
521 0 253 102 256 151 254 201 253 268 292 154 216 150 346 142 417 98
164 142 99 116 270 268 284 407 280 348 236 268 225 405 226 343 2 2
;
522 0 253 102 256 151 254 201 253 268 292 154 216 151 346 143 417 101
164 144 99 118 270 268 284 407 280 348 236 268 225 405 226 343 2 2
;
523 0 253 102 256 151 254 201 253 268 292 155 216 151 346 146 418 106
164 146 99 121 270 269 284 407 280 348 236 268 225 405 226 343 2 2
;
524 0 253 102 256 151 254 201 253 268 292 155 216 151 346 146 419 108
165 147 99 123 270 269 284 407 280 348 236 268 225 405 226 343 2 2
;
525 0 253 102 256 151 254 201 253 269 292 155 216 152 346 148 421 113
165 149 98 127 270 269 284 407 280 348 236 268 225 404 226 343 2 2
;
526 0 253 102 255 151 254 201 253 269 291 155 216 152 346 149 424 115
166 151 98 129 270 269 284 407 280 348 236 269 225 404 226 343 2 2
;
527 0 253 102 255 152 254 202 253 269 291 155 216 152 346 150 425 122
166 153 97 133 270 269 284 407 280 345 236 269 225 404 226 344 2 2
;
528 0 253 102 255 152 254 202 253 269 291 156 216 153 346 151 426 124
166 154 98 134 270 269 284 407 280 346 236 269 225 404 226 344 2 2
;
529 0 253 102 255 152 254 202 253 269 291 156 216 153 346 152 427 126
165 156 91 135 270 269 284 407 280 346 236 269 225 404 226 344 2 2
;
530 0 253 102 255 152 254 202 253 269 291 156 216 153 346 153 427 127
165 156 96 138 270 270 284 407 280 347 236 269 225 405 226 344 2 2
;
531 0 253 102 255 152 254 202 253 269 291 156 216 153 345 154 425 128
165 157 96 139 270 270 284 407 280 347 236 269 225 405 226 344 2 2
;
532 0 253 102 255 152 254 202 253 270 291 156 216 153 345 154 425 128
165 157 97 139 270 270 284 407 280 345 236 269 225 405 226 344 2 2
;
533 0 253 102 255 152 254 202 253 270 291 156 216 153 345 154 426 128
166 157 97 139 270 270 284 407 280 345 236 269 225 405 226 344 2 2
;
534 0 252 102 255 152 254 202 253 270 291 156 216 154 345 154 426 129
166 158 91 138 270 270 284 407 280 346 236 270 225 405 226 344 2 2
;
535 0 252 102 255 152 254 202 253 270 291 156 216 154 345 155 426 130
165 159 91 138 270 270 284 407 280 346 236 270 225 405 226 344 2 2
;
536 0 252 102 255 152 254 202 253 270 291 156 216 154 345 155 426 130
165 159 96 141 270 270 284 407 280 347 236 270 225 421 226 344 2 2
;
537 0 252 102 255 152 254 202 253 270 291 157 216 154 345 155 426 131
165 159 91 140 270 270 284 407 280 347 236 270 225 421 226 344 2 2
;
538 0 252 102 255 152 254 202 253 270 291 157 216 154 345 156 426 132
164 160 97 142 270 270 284 407 280 347 236 270 225 421 226 344 2 2
;
539 0 252 102 255 152 254 202 253 270 291 157 216 154 345 156 427 132
165 160 97 143 270 270 284 407 280 347 236 270 225 421 226 344 2 2
;
540 0 252 102 255 152 254 202 253 270 291 157 216 154 344 156 428 132
165 160 97 143 270 270 284 407 280 347 236 270 225 421 226 344 2 2
;
541 0 252 102 255 152 254 202 253 270 291 157 216 154 344 156 428 132
165 160 91 140 270 270 284 407 280 348 236 270 225 421 226 344 2 2
;
542 0 252 102 255 152 254 202 253 270 291 157 216 154 344 156 428 130
164 160 91 140 270 270 284 407 280 348 236 270 225 421 226 344 2 2
;
543 0 252 102 255 152 254 202 253 270 291 157 216 154 344 155 425 122
165 159 92 134 270 270 284 407 280 348 236 270 225 421 226 344 2 2
;
544 0 252 102 255 152 254 202 253 270 291 157 216 154 345 150 417 105
163 157 95 120 270 270 284 407 280 348 236 270 225 421 226 344 2 2
;
545 0 252 102 255 152 254 202 253 270 291 157 216 154 345 148 413 94
162 152 97 109 270 270 284 407 280 348 236 270 225 421 226 344 2 2
;
546 0 252 102 255 152 254 202 253 270 291 156 216 154 343 139 399 70
162 143 106 87 270 270 284 407 280 348 236 270 225 421 226 344 2 2
;
547 0 252 102 255 152 254 202 253 270 291 156 216 154 341 136 390 57
165 138 114 76 270 270 284 407 280 348 236 270 225 405 226 344 2 2
;
548 0 252 102 255 152 254 202 253 269 291 155 216 153 338 130 376 46
168 133 124 66 270 270 284 407 280 348 236 269 225 405 226 344 2 2
;
549 0 253 102 256 152 254 201 253 268 292 154 216 151 334 120 345 33
170 130 150 52 269 269 284 407 280 348 236 268 225 405 226 344 0 2
;
550 0 253 102 256 151 254 201 253 267 292 152 217 150 327 110 315 28
176 114 178 36 270 268 284 407 280 347 236 267 225 404 226 343 0 2
;
551 0 253 102 256 151 254 201 253 267 292 151 217 149 324 106 302 33
177 111 193 34 270 267 284 407 280 347 236 266 225 404 226 343 0 2
;
552 0 253 102 256 151 255 200 253 266 291 152 217 147 316 100 274 31
186 104 220 37 270 266 284 407 279 344 236 266 225 404 227 342 0 2
;
553 0 253 102 256 151 255 199 254 263 290 150 218 147 313 99 265 34
192 101 229 40 272 263 284 407 279 340 236 264 225 404 227 341 0 1
;
554 0 253 102 256 151 255 199 254 262 289 151 218 147 310 97 264 32
193 100 231 40 272 262 284 407 279 339 236 262 225 405 227 340 1 1
;
555 0 253 102 256 151 255 199 254 262 289 151 218 146 310 97 274 28
193 100 223 37 272 263 284 407 279 339 236 262 225 405 227 340 0 1
;
556 0 253 102 256 151 255 199 253 264 290 151 218 146 319 103 306 24
185 106 195 36 271 264 284 407 279 343 236 263 225 405 227 341 0 2
;
557 0 253 102 256 151 255 199 253 264 290 151 218 147 324 108 324 30
177 110 178 35 271 264 284 407 280 344 236 264 225 405 227 341 0 2
;
558 0 253 102 256 151 255 199 253 265 290 151 218 147 333 119 360 37
170 126 144 53 270 265 284 407 280 345 236 265 225 405 227 341 2 2
;
559 0 253 102 256 151 254 199 253 266 291 152 217 148 336 125 377 44
168 126 129 59 270 266 283 407 280 346 236 265 225 405 227 342 2 2
;
560 0 253 102 256 151 254 200 253 266 291 153 216 149 342 135 399 70
163 135 109 82 270 267 283 407 280 346 236 266 225 404 227 342 2 2
;
561 0 253 102 256 151 254 200 253 267 291 153 216 150 344 139 408 81
161 137 102 92 270 267 284 407 280 347 236 267 225 405 227 343 2 2
;
562 0 253 102 255 151 254 201 253 268 292 154 216 151 347 148 414 104
160 146 96 110 270 268 284 407 280 346 236 268 225 405 226 343 2 2
;
563 0 253 102 255 151 254 201 253 268 292 155 216 152 347 151 417 111
163 150 94 116 270 268 284 407 280 346 236 268 225 405 226 343 2 2
;
564 0 253 102 255 152 254 201 253 269 291 156 216 152 346 157 419 124
166 155 101 131 269 269 284 407 280 346 236 268 225 405 226 343 2 2
;
565 0 253 102 255 152 254 202 253 269 291 156 216 153 347 159 421 128
169 159 103 136 269 269 284 407 280 347 236 269 225 405 226 343 2 2
;
566 0 253 102 255 152 254 202 253 269 291 157 216 153 348 162 423 134
170 163 104 143 269 270 284 407 280 346 236 269 225 405 226 344 2 2
;
567 0 253 102 256 152 254 202 252 270 291 157 216 154 349 163 424 136
171 165 105 146 269 270 284 407 280 345 236 270 224 421 226 344 2 2
;
568 0 253 102 256 152 254 202 252 270 291 158 216 154 348 166 422 138
172 167 106 151 269 270 284 407 280 347 236 270 224 422 226 344 2 2
;
569 0 253 102 256 152 254 202 252 270 291 158 216 154 348 167 422 139
172 169 107 152 269 270 284 407 280 346 236 270 224 422 226 344 2 2
;
570 0 253 102 256 152 254 203 252 271 291 158 216 155 347 169 422 141
173 171 107 155 269 271 284 407 280 347 236 270 225 422 226 344 2 2
;
571 0 253 102 256 152 254 203 252 271 291 158 216 155 347 170 422 142
173 171 108 156 269 271 284 407 280 347 236 271 225 422 226 344 2 2
;
572 0 252 102 255 152 254 203 252 271 291 159 216 156 346 172 421 145
173 173 108 157 269 271 284 407 280 348 236 271 225 422 226 344 2 2
;
573 0 252 102 255 152 254 203 252 271 291 159 216 156 346 172 421 145
174 173 108 158 269 271 284 407 280 346 236 271 225 422 226 344 2 2
;
574 0 252 102 255 152 254 203 252 271 291 159 216 156 346 173 421 146
174 174 109 159 269 271 284 407 280 345 236 271 225 423 226 344 2 2
;
575 0 252 102 255 152 254 203 252 271 291 159 216 156 346 173 421 147
174 174 109 159 269 271 284 407 280 346 236 271 225 423 226 344 2 2
;
576 0 252 102 255 152 254 203 252 271 291 159 216 157 346 174 421 148
174 175 109 159 269 272 284 407 280 346 236 271 225 423 226 344 2 2
;
577 0 252 102 255 152 254 203 252 271 291 159 216 157 346 174 421 149
174 175 109 160 269 272 284 407 280 346 236 271 225 423 226 344 2 2
;
578 0 252 102 255 152 254 203 252 272 291 159 216 157 345 176 420 151
174 176 109 161 269 272 284 407 280 347 236 271 225 423 226 344 2 2
;
579 0 252 102 255 153 254 203 252 272 291 159 216 157 344 177 419 153
174 177 109 162 269 272 284 407 280 346 236 272 225 423 226 344 2 2
;
580 0 251 102 255 153 254 203 252 272 290 159 216 157 343 179 418 158
175 178 110 165 269 272 284 408 281 347 236 272 225 423 226 344 2 2
;
581 0 251 102 255 153 254 203 252 272 290 160 216 157 342 180 418 161
175 179 110 166 269 272 284 408 281 347 236 272 225 423 226 344 2 2
;
582 0 251 102 255 153 254 204 252 272 290 160 216 157 341 182 417 166
176 181 110 170 269 272 284 408 281 347 236 272 225 423 226 344 2 2
;
583 0 251 102 255 153 254 204 252 272 290 160 216 158 341 184 415 168
176 183 111 171 269 272 284 408 281 347 236 272 225 423 226 344 3 2
;
584 0 251 102 255 153 254 204 253 272 290 160 216 158 339 185 411 171
177 185 110 172 269 272 284 408 281 348 236 272 225 423 226 344 3 2
;
585 0 251 102 255 153 254 204 253 272 290 160 216 158 338 187 408 173
178 187 111 174 270 272 284 408 281 348 236 272 225 423 226 344 3 3
;
586 0 251 102 256 153 254 204 253 272 290 160 216 158 336 190 400 181
182 197 118 182 270 273 284 407 281 346 236 272 225 423 226 344 3 3
;
587 0 252 102 256 153 254 204 253 273 291 160 217 158 334 197 396 188
184 199 122 189 270 273 284 407 281 346 236 272 225 423 226 344 3 3
;
588 0 252 102 256 153 255 204 253 273 291 161 217 159 333 199 387 207
192 202 132 206 270 273 284 408 281 346 236 273 225 424 226 344 3 3
;
589 0 252 102 256 153 255 204 253 273 291 161 217 159 331 201 381 219
194 203 138 216 270 273 284 407 281 345 236 273 225 424 226 344 3 3
;
590 0 252 102 256 153 255 204 253 273 291 162 217 160 328 204 369 243
199 205 151 236 270 273 284 407 281 345 236 273 225 424 227 344 0 3
;
591 0 252 102 256 153 255 204 253 273 292 162 217 160 326 208 360 254
202 206 159 244 270 273 284 407 281 345 236 273 225 424 227 344 0 3
;
592 0 252 102 256 153 255 205 253 273 292 163 218 160 319 211 343 272
206 209 176 259 270 274 284 408 281 345 236 273 225 424 227 345 0 3
;
593 0 252 102 256 153 255 205 253 273 292 163 218 160 317 212 334 279
208 210 183 264 270 274 284 408 282 347 236 273 225 424 227 345 0 1
;
594 0 253 102 257 153 255 205 254 274 292 164 218 160 312 216 318 285
211 213 197 272 270 274 284 408 282 345 237 273 225 424 227 346 3 1
;
595 0 253 102 257 154 256 205 254 274 292 164 218 160 309 219 310 287
213 213 202 274 271 274 284 408 282 345 238 273 225 425 227 346 0 1
;
596 0 253 102 258 154 256 205 254 274 293 165 220 161 305 220 297 286
215 213 210 274 271 274 284 408 282 344 238 273 225 425 228 346 1 1
;
597 0 253 102 258 154 256 205 254 273 293 165 221 160 305 220 290 286
217 213 212 272 271 274 284 408 283 344 238 273 225 425 228 346 1 1
;
598 0 252 102 259 154 257 205 255 273 293 166 223 160 305 220 283 286
220 212 212 273 271 274 284 408 283 344 240 272 225 426 229 347 1 1
;
599 0 251 103 260 154 258 206 256 273 293 166 225 160 305 219 281 286
222 212 210 272 272 274 284 408 284 345 241 272 225 427 230 348 3 1
;
600 0 249 105 261 155 260 207 258 273 291 168 229 160 307 218 278 286
226 211 208 268 273 275 284 408 285 346 245 272 223 430 233 350 3 1
;
601 0 248 106 261 155 260 207 259 273 290 168 231 161 307 218 277 289
228 211 207 265 273 275 284 407 285 346 246 271 223 430 235 349 3 1
;
602 0 246 108 261 156 261 208 261 272 290 169 235 161 306 220 276 294
232 209 207 260 274 275 285 422 286 345 248 270 225 428 237 344 0 1
;
603 0 244 109 261 156 261 208 262 272 287 169 238 163 304 218 275 298
234 209 210 256 274 274 285 423 287 344 250 269 227 423 238 343 0 1
;
604 0 243 110 261 156 261 208 262 272 287 168 239 164 303 218 274 298
235 209 212 255 274 274 286 423 287 344 250 269 230 405 238 342 0 1
;
605 0 241 111 260 156 261 208 262 272 285 168 239 164 302 217 272 298
236 208 214 254 274 274 286 423 287 344 251 269 230 403 238 341 0 2
;
606 0 237 112 258 156 260 207 262 271 282 167 239 164 298 217 268 296
239 205 218 253 273 273 286 422 288 343 251 269 233 400 238 342 0 2
;
607 0 235 113 256 156 259 207 262 271 280 167 239 163 296 216 265 294
239 205 219 253 273 273 286 422 288 343 251 269 236 396 238 340 0 2
;
608 0 232 114 253 156 256 206 260 270 276 166 236 163 291 213 258 289
237 205 220 255 271 272 286 405 287 342 250 269 241 390 239 338 0 0
;
609 0 226 117 248 156 253 206 259 270 271 165 231 163 285 212 249 282
233 204 221 255 269 271 286 405 286 342 249 269 243 389 240 336 0 0
;
610 0 223 117 245 157 250 206 257 270 269 165 229 163 280 211 245 279
231 204 221 256 265 271 286 405 285 341 248 269 243 388 240 336 0 0
;
611 0 219 119 240 157 247 207 255 271 263 164 227 169 272 211 235 271
228 212 219 256 264 271 286 422 282 341 247 271 243 388 239 336 0 0
;
612 0 216 121 237 158 244 207 253 272 260 164 224 170 268 211 230 268
225 212 217 258 261 271 286 423 280 341 245 272 243 387 239 336 0 0
;
613 0 210 124 232 160 239 208 249 272 255 166 222 172 255 215 219 266
226 214 213 256 257 272 286 424 277 342 242 272 243 387 238 336 0 0
;
614 0 207 125 229 161 238 209 249 272 253 168 220 174 250 218 215 264
224 215 211 253 257 272 286 425 275 342 241 272 244 389 237 337 0 0
;
615 0 202 128 224 163 234 211 246 275 249 172 215 175 239 222 206 263
220 216 202 260 254 275 286 428 272 345 239 275 244 390 237 338 3 0
;
616 0 199 130 221 164 232 212 246 275 248 173 213 176 232 225 204 261
218 217 219 268 253 276 286 429 271 346 239 275 244 391 236 338 0 0
;
617 0 195 132 218 165 230 213 245 276 243 176 209 177 225 225 197 262
206 222 197 274 253 276 285 430 269 347 238 276 245 398 236 345 1 1
;
618 0 193 133 216 166 229 213 245 276 239 177 207 177 221 225 196 262
204 222 197 273 253 276 284 431 268 347 238 277 246 398 236 345 1 1
;
619 0 191 133 213 167 228 214 245 278 238 182 205 178 215 226 190 266
203 222 190 271 253 278 281 435 266 351 238 278 246 398 236 344 1 1
;
620 0 191 134 213 167 227 216 246 282 237 183 204 178 213 227 190 266
202 222 187 275 254 282 278 439 265 348 240 284 246 398 236 344 1 1
;
621 0 190 133 212 168 227 217 247 283 235 185 203 179 210 227 189 266
202 221 187 276 254 283 276 439 265 348 240 285 245 398 236 344 1 1
;
622 0 190 133 211 168 226 217 246 283 234 185 202 179 209 227 190 265
202 221 186 277 254 281 275 437 265 349 240 284 246 400 236 346 1 1
;
623 0 190 133 210 168 226 216 246 282 224 177 201 179 208 223 189 266
200 222 186 274 253 280 275 436 265 350 239 284 246 401 236 347 1 1
;
624 0 190 133 210 168 225 216 246 282 232 185 201 178 207 218 196 258
204 215 190 265 253 280 275 436 265 350 239 284 246 401 236 347 1 1
;
625 0 191 132 210 168 225 216 246 281 224 176 201 178 207 218 199 249
204 214 191 265 252 279 275 436 264 350 239 283 246 401 236 347 1 1
;
626 0 191 132 210 168 225 216 245 281 224 176 201 178 207 218 199 250
204 214 191 265 252 279 275 436 264 351 239 283 245 401 236 347 1 1
;
627 0 192 132 210 168 225 215 245 280 227 179 202 178 207 218 197 255
204 213 191 265 252 278 275 435 264 351 239 282 246 402 236 347 1 1
;
628 0 192 132 210 168 225 215 245 280 227 179 202 178 208 218 197 255
204 213 193 264 252 278 275 435 264 351 239 282 243 388 236 348 1 1
;
629 0 193 132 211 167 225 215 245 280 228 180 202 178 208 218 199 253
204 213 192 264 251 278 275 435 264 351 239 282 243 388 236 348 1 1
;
630 0 193 131 211 167 225 215 245 280 228 180 202 178 208 219 199 253
205 213 192 264 251 278 275 436 264 351 239 282 243 387 236 348 1 1
;
631 0 194 131 211 167 226 215 245 279 228 180 203 177 208 218 199 253
205 212 193 264 251 277 275 435 263 350 239 281 243 387 236 348 1 1
;
632 0 194 131 211 167 226 215 245 280 229 179 203 177 209 223 196 261
206 212 193 264 251 277 275 435 263 350 239 281 243 387 237 347 1 1
;
633 0 195 131 212 167 226 215 245 279 227 177 204 177 209 219 199 253
206 213 192 265 252 277 274 435 263 350 239 281 243 387 237 348 1 1
;
634 0 196 131 212 167 226 215 245 279 227 176 204 177 209 219 199 253
206 208 193 264 252 277 274 435 263 350 239 281 244 387 237 348 1 1
;
635 0 197 131 213 167 227 215 246 279 227 176 205 177 210 221 199 253
206 212 192 266 252 277 273 435 262 345 241 281 244 387 237 349 1 1
;
