1436 0 308 67 303 116 301 166 300 233 339 128 267 124 349 177 359 235
250 169 258 233 316 233 326 371 329 303 283 233 271 367 274 303 4 0
;
1437 0 309 67 303 116 302 166 300 233 339 128 267 124 350 177 360 236
251 168 258 233 317 233 325 372 329 304 284 232 271 367 274 303 4 0
;
1438 0 311 66 306 115 304 166 302 233 342 127 270 124 352 177 361 237
255 169 260 234 319 233 325 372 328 306 286 232 271 367 275 304 1 0
;
1439 0 313 66 307 115 306 166 304 233 344 127 271 124 354 177 362 238
257 170 261 235 320 233 324 372 328 306 287 233 271 367 276 304 1 0
;
1440 0 317 65 311 114 309 166 307 233 348 127 276 124 358 177 366 238
261 172 262 235 323 234 325 373 330 308 290 233 271 367 278 305 1 0
;
1441 0 319 65 313 114 311 165 308 233 350 127 278 123 360 177 369 238
263 172 262 235 324 234 325 373 331 308 291 232 271 368 280 305 1 0
;
1442 0 324 63 318 112 316 163 313 232 355 126 283 122 367 176 375 237
267 171 261 233 330 233 324 372 334 306 296 230 270 370 280 302 1 0
;
1443 0 326 63 320 111 318 163 314 231 358 125 285 121 370 175 378 236
269 170 260 231 331 232 324 372 336 305 297 229 271 363 281 294 4 0
;
1444 0 328 62 323 110 321 161 317 229 361 123 288 120 378 171 384 233
271 168 257 228 335 231 324 372 338 304 300 228 274 339 281 280 4 0
;
1445 0 329 61 325 110 322 161 318 229 362 123 289 120 381 169 388 233
272 168 256 227 336 230 325 371 338 302 301 227 275 327 281 269 4 4
;
1446 0 331 61 327 110 325 160 322 228 365 122 290 119 385 167 397 232
273 170 254 228 340 229 326 372 336 300 304 227 284 296 285 246 0 0
;
1447 0 332 62 328 110 326 160 325 228 366 123 291 120 387 168 401 232
274 171 254 230 343 229 326 372 336 300 307 228 289 289 286 240 0 0
;
1448 0 334 64 331 112 332 163 334 231 368 125 293 122 389 170 408 233
275 173 254 234 352 232 326 372 336 300 316 231 293 283 293 227 0 4
;
1449 0 335 64 331 113 332 163 333 232 369 126 293 122 390 171 411 234
275 174 255 236 351 232 326 372 336 300 315 231 292 282 294 226 0 0
;
1450 0 335 65 331 113 331 163 331 231 369 127 294 123 390 171 414 235
276 175 258 235 350 232 326 373 337 301 312 231 290 293 297 232 4 0
;
1451 0 336 64 332 113 331 163 330 231 369 127 294 123 390 171 413 235
276 175 258 234 349 232 326 373 337 300 310 230 289 302 298 242 4 0
;
1452 0 336 63 332 111 330 162 328 229 370 125 294 121 389 171 407 234
277 174 260 233 347 231 325 372 337 301 309 228 287 323 296 258 4 4
;
1453 0 336 62 332 110 330 161 327 229 370 124 294 120 389 170 403 234
277 173 260 232 346 230 325 372 337 301 308 227 286 331 296 263 4 4
;
1454 0 335 60 331 108 329 159 326 228 369 121 294 119 388 170 396 232
278 172 259 231 344 229 325 372 337 302 308 226 284 347 295 276 4 0
;
1455 0 335 59 331 107 328 159 325 227 369 120 293 118 387 170 394 232
277 171 257 230 344 229 325 372 337 302 307 225 284 356 294 283 0 0
;
1456 0 333 57 329 106 327 158 324 227 368 119 292 116 384 170 390 232
276 169 254 230 342 229 326 371 336 303 306 225 282 373 293 294 4 4
;
1457 0 332 57 328 105 326 157 324 227 367 118 291 116 383 171 389 233
274 169 253 230 342 229 326 371 336 303 306 225 282 378 291 303 4 4
;
1458 0 329 56 326 105 324 157 322 227 364 118 288 115 379 171 387 233
271 168 249 231 339 229 326 372 337 304 304 226 282 378 291 308 4 4
;
1459 0 327 56 324 105 322 157 320 228 362 118 286 115 378 171 386 234
269 168 248 231 338 229 326 372 337 304 303 226 283 378 291 309 4 4
;
1460 0 323 55 319 104 318 157 317 228 358 117 282 114 374 170 385 234
264 167 243 229 335 229 326 372 336 305 300 228 283 377 291 309 4 4
;
1461 0 321 55 317 104 316 157 316 228 356 117 280 114 372 170 383 233
262 166 241 228 333 229 326 372 336 305 299 228 283 377 290 308 4 0
;
1462 0 316 55 313 104 312 157 312 228 352 116 276 113 368 169 381 232
258 165 236 226 329 229 325 371 334 305 295 228 283 376 288 308 4 0
;
1463 0 314 54 311 104 311 157 310 228 350 116 273 113 367 168 379 232
255 165 234 225 327 229 325 371 332 304 294 228 283 376 287 308 4 0
;
1464 0 310 54 307 104 307 157 307 228 346 116 269 113 364 167 375 231
251 165 228 224 324 228 325 371 330 303 290 228 283 376 284 308 4 4
;
1465 0 306 54 304 104 304 157 304 228 343 116 266 114 360 166 371 231
248 165 224 224 321 228 324 370 328 302 288 228 282 375 282 306 4 0
;
1466 0 304 54 303 104 303 157 303 228 341 116 265 114 359 166 369 231
246 165 223 225 320 228 324 370 327 302 287 228 282 375 281 306 4 0
;
1467 0 303 54 301 104 302 157 302 228 340 116 263 114 357 165 367 231
245 166 222 227 319 228 324 370 327 302 285 228 282 375 280 306 4 0
;
1468 0 301 54 299 104 300 157 301 228 338 116 261 114 355 166 362 231
243 166 221 230 318 229 324 371 324 303 284 228 282 375 279 306 4 4
;
1469 0 299 55 297 104 298 157 299 229 336 116 259 114 353 166 358 231
241 167 220 232 316 229 324 371 323 303 282 229 282 376 278 306 0 4
;
1470 0 298 55 297 104 297 158 298 229 335 116 258 114 352 166 356 232
241 167 220 232 315 229 324 371 323 303 281 229 282 376 277 306 0 4
;
1471 0 297 55 296 104 296 158 297 229 335 116 257 114 351 166 354 232
240 168 219 232 314 229 324 371 322 304 280 229 282 376 276 307 4 4
;
1472 0 297 55 295 105 295 159 295 230 334 117 256 115 350 168 352 235
239 169 217 232 312 230 324 371 321 305 279 229 282 377 274 308 0 4
;
1473 0 296 56 294 106 294 159 293 230 332 118 254 116 349 170 351 238
238 170 213 231 310 231 324 372 320 305 277 230 282 377 271 308 0 4
;
1474 0 295 57 293 107 293 160 292 231 331 119 253 117 348 171 351 239
237 170 211 230 309 231 324 372 319 306 276 230 282 378 270 308 0 4
;
1475 0 294 58 291 108 291 161 291 232 328 120 251 118 346 173 352 240
234 170 204 230 308 232 324 373 318 307 274 231 282 378 270 309 4 4
;
1476 0 293 59 290 108 290 161 290 232 327 121 251 118 345 173 353 240
231 171 201 229 307 232 323 373 317 308 273 232 282 379 269 309 4 4
;
1477 0 291 59 288 109 288 161 288 232 325 121 249 119 343 173 353 239
227 171 193 227 305 232 323 375 317 307 271 232 283 379 268 310 4 0
;
1478 0 290 60 287 109 287 161 287 232 324 121 248 119 343 173 353 239
225 170 190 226 304 231 322 374 317 306 270 232 283 379 268 310 4 2
;
1479 0 288 60 286 109 286 160 286 231 322 120 247 119 342 171 354 236
222 169 183 222 303 230 316 360 319 299 269 231 283 379 268 310 4 2
;
1480 0 287 59 285 108 285 160 285 230 322 120 247 119 341 170 356 234
220 168 180 220 302 229 315 355 320 296 268 231 282 378 268 310 4 2
;
1481 0 287 59 284 107 285 159 285 229 321 119 246 118 341 168 357 233
219 167 177 219 302 228 314 345 321 292 268 230 282 378 269 310 4 2
;
1482 0 287 58 284 106 284 157 285 227 320 118 246 117 340 167 359 230
218 164 173 214 302 225 311 327 326 272 268 228 282 378 275 307 4 2
;
1483 0 287 57 284 105 284 156 286 225 320 117 246 117 340 166 360 229
217 163 172 213 303 223 311 313 326 268 268 227 282 378 275 305 4 2
;
1484 0 287 57 284 105 284 156 285 225 320 117 246 116 340 166 361 229
217 162 170 211 303 223 310 300 324 247 267 226 282 378 275 303 4 2
;
1485 0 287 57 284 105 284 156 285 225 321 118 246 116 341 167 361 230
217 162 169 211 303 223 310 297 324 246 267 226 282 378 276 302 4 2
;
1486 0 287 58 284 105 284 156 285 225 321 118 246 116 341 167 361 231
217 163 169 213 303 224 311 298 324 246 267 226 282 378 276 303 4 2
;
1487 0 288 59 284 107 284 157 285 226 321 119 247 117 341 169 360 233
217 164 172 217 303 225 314 305 325 253 267 227 282 378 275 304 4 2
;
1488 0 288 59 284 107 285 158 286 226 321 120 247 117 341 170 359 233
218 165 174 218 304 226 316 313 327 266 268 227 282 378 275 304 4 2
;
1489 0 288 59 284 107 285 158 287 227 322 120 247 117 340 170 357 232
220 166 180 221 304 226 321 331 328 276 269 228 282 377 275 305 4 0
;
1490 0 288 59 285 107 286 158 287 226 322 119 248 117 340 170 357 232
221 166 184 222 305 225 324 339 329 281 270 227 282 377 275 305 4 2
;
1491 0 289 58 286 106 287 157 289 226 323 119 249 116 340 168 357 230
224 165 192 224 306 225 329 350 330 289 272 227 282 376 276 305 4 2
;
1492 0 290 57 287 105 288 156 290 226 324 118 250 116 341 168 358 230
225 166 195 225 307 225 331 354 330 290 273 227 282 377 276 305 4 2
;
1493 0 292 57 289 105 290 156 292 226 326 118 252 115 343 167 362 229
228 166 201 227 309 225 333 367 331 296 276 228 282 377 276 306 4 2
;
1494 0 294 56 290 105 292 157 294 227 328 118 254 115 345 167 365 229
231 167 205 229 311 226 333 373 331 298 277 228 282 377 276 307 4 0
;
1495 0 295 56 292 105 293 157 295 228 330 118 255 115 347 167 367 230
233 168 208 230 312 227 333 374 330 300 278 228 282 377 276 307 4 0
;
1496 0 299 56 296 105 297 158 298 229 334 118 259 115 352 167 372 231
238 169 215 231 315 228 332 373 328 303 281 229 282 377 275 306 4 0
;
1497 0 304 56 300 105 300 158 300 229 339 118 263 115 356 167 378 231
245 169 222 233 317 229 331 372 327 302 284 228 282 375 276 304 4 0
;
1498 0 307 56 303 105 302 158 302 229 341 118 266 115 359 166 381 230
247 170 226 234 319 229 332 372 328 303 285 228 282 375 276 303 4 0
;
1499 0 312 55 307 105 306 158 305 228 345 118 270 115 363 166 386 230
252 169 235 234 322 229 332 372 329 302 289 227 282 375 279 302 4 0
;
1500 0 314 55 308 105 308 158 307 228 347 118 271 115 365 166 389 230
255 169 240 234 323 229 332 372 330 302 290 227 283 375 280 303 4 0
;
1501 0 318 55 312 105 311 158 310 228 350 119 275 115 368 166 394 229
259 168 248 233 327 229 332 372 332 301 293 227 283 374 283 304 4 0
;
1502 0 320 55 313 105 312 158 311 228 352 119 277 115 369 166 395 229
261 168 252 232 328 229 332 371 332 301 294 227 283 374 284 305 4 1
;
1503 0 324 55 316 105 315 158 313 228 354 119 280 114 370 167 396 231
265 167 259 232 330 229 332 371 335 301 297 228 283 374 286 305 4 4
;
1504 0 325 55 318 105 316 158 315 229 356 119 281 115 371 167 395 232
266 167 263 230 331 229 332 370 337 301 298 228 283 375 287 306 4 4
;
1505 0 328 55 320 105 319 158 318 229 358 120 283 115 372 169 393 234
269 165 269 225 334 230 332 370 338 301 301 228 283 375 288 306 4 4
;
1506 0 329 55 321 105 320 158 319 229 359 120 284 114 373 170 392 234
271 164 272 222 336 230 332 370 339 301 303 228 283 375 289 306 4 0
;
1507 0 331 56 323 105 322 158 322 229 361 120 287 114 374 171 390 235
273 162 278 216 338 230 333 371 341 302 305 229 283 375 291 307 4 0
;
1508 0 332 56 324 105 324 158 323 229 362 120 288 114 375 172 389 236
274 161 280 213 340 230 334 371 341 302 307 229 283 375 291 307 4 0
;
1509 0 334 56 326 105 326 158 326 229 364 121 291 114 375 173 389 236
276 160 283 208 342 230 334 371 342 303 309 229 284 376 293 308 4 0
;
1510 0 335 56 327 105 327 158 326 229 365 121 292 114 375 174 390 236
277 159 285 208 343 230 334 371 343 303 310 229 284 376 294 308 4 0
;
1511 0 337 57 329 105 329 158 329 230 366 121 295 114 376 174 391 237
279 159 287 208 345 230 334 372 344 303 312 229 284 376 295 310 4 0
;
1512 0 338 57 330 105 330 158 330 230 367 121 297 114 377 175 393 237
280 158 287 209 346 231 334 372 345 304 314 229 284 376 296 311 0 0
;
1513 0 340 57 332 105 332 159 332 231 369 122 300 114 378 176 395 237
282 158 287 214 348 231 334 372 347 305 316 230 284 377 298 311 4 0
;
1514 0 341 58 333 105 333 159 333 231 369 122 301 114 379 176 397 237
283 159 286 218 349 232 334 372 348 305 317 230 284 377 299 312 4 0
;
1515 0 342 58 335 106 335 159 336 232 370 123 304 115 380 177 400 237
286 162 285 226 352 233 334 372 350 307 320 231 284 378 304 311 4 0
;
1516 0 343 59 336 106 336 160 337 232 371 123 304 115 381 177 402 236
287 163 285 229 353 233 334 372 352 307 321 232 284 378 304 312 0 0
;
1517 0 344 59 337 107 338 160 339 233 373 124 306 116 383 177 405 236
288 167 285 233 355 234 334 373 354 309 323 232 285 379 309 313 0 0
;
1518 0 345 60 338 107 339 160 341 233 373 124 307 116 384 177 406 236
289 169 285 235 357 234 334 373 355 309 324 232 285 378 311 312 0 4
;
1519 0 346 60 340 107 341 160 343 232 375 124 308 117 386 177 407 236
291 173 284 236 360 234 334 373 357 309 326 231 286 378 316 309 4 4
;
1520 0 346 60 340 107 342 160 344 232 376 123 309 117 388 177 407 236
292 174 285 236 361 233 334 373 358 309 327 231 286 379 318 308 4 4
;
1521 0 347 60 342 107 343 159 346 231 378 123 310 117 391 176 410 235
293 174 283 236 364 232 335 372 364 306 328 229 292 365 324 302 4 0
;
1522 0 347 60 342 107 344 159 346 230 379 122 310 117 393 175 412 235
293 174 281 235 365 231 335 372 364 306 328 228 296 353 328 293 4 4
;
1523 0 348 59 343 106 345 157 347 227 380 121 310 116 396 171 416 232
292 173 277 234 366 228 335 371 363 312 328 225 300 334 335 279 4 4
;
1524 0 348 59 344 105 345 155 347 225 381 120 310 116 397 169 418 231
291 171 275 233 366 226 335 371 357 311 328 223 304 324 337 271 4 4
;
1525 0 348 58 344 104 345 153 346 222 381 118 310 115 399 166 422 228
290 169 269 230 367 223 335 370 350 304 326 220 306 300 344 249 4 4
;
1526 0 348 57 344 103 345 153 346 221 381 117 310 114 400 164 423 227
289 168 265 230 367 222 335 370 349 304 326 220 307 291 345 246 4 4
;
1527 0 348 57 344 103 345 152 345 221 382 117 310 114 401 164 425 226
287 168 257 228 366 222 334 370 349 304 324 219 307 290 346 243 4 0
;
1528 0 348 57 344 103 345 153 345 221 382 117 309 115 402 164 426 226
287 168 254 227 366 222 334 370 349 304 324 219 306 294 346 244 4 0
;
1529 0 347 58 344 104 345 153 345 221 382 118 309 116 402 164 425 227
285 168 249 225 366 222 334 370 349 303 324 220 302 303 348 256 4 0
;
1530 0 347 58 344 104 345 153 345 221 382 118 309 116 402 164 424 228
284 168 248 224 366 222 336 360 351 303 324 220 299 314 347 265 4 0
;
1531 0 348 57 344 104 345 153 345 222 382 118 309 115 402 164 421 228
283 167 247 221 366 223 334 371 367 296 324 221 293 337 336 281 4 2
;
1532 0 348 57 344 103 345 153 345 222 382 118 309 115 401 164 419 228
282 166 246 219 365 223 336 358 344 293 324 221 292 342 331 287 4 2
;
1533 0 348 56 344 103 344 153 344 224 382 117 309 114 398 166 414 228
281 164 243 218 363 225 334 371 359 303 324 222 286 364 319 298 4 2
;
1534 0 347 56 344 103 344 154 343 225 381 117 308 113 397 167 412 229
280 164 242 217 362 227 334 372 357 304 324 223 284 372 315 302 4 0
;
1535 0 347 55 342 103 341 155 340 227 380 118 307 113 394 170 407 233
277 164 239 216 358 229 334 372 353 305 322 225 281 384 304 311 0 0
;
1536 0 345 55 341 103 339 156 338 229 379 118 306 113 393 171 405 235
276 164 238 216 355 231 335 373 352 305 320 227 280 386 302 311 4 0
;
1537 0 343 56 337 104 336 158 335 231 376 119 303 114 389 174 401 238
274 164 237 217 352 232 334 373 351 304 317 229 280 384 299 310 4 4
;
1538 0 341 56 336 104 335 158 334 231 374 120 301 114 387 176 399 239
273 164 237 217 351 233 334 372 350 304 317 230 281 384 298 310 4 4
;
1539 0 338 55 332 104 332 158 331 231 371 119 297 113 383 176 394 239
271 163 238 218 348 232 334 373 348 305 314 230 281 383 297 310 4 4
;
1540 0 336 54 330 103 330 158 329 231 369 119 295 113 381 175 391 239
270 163 239 220 347 232 334 372 347 306 312 230 281 384 297 311 4 4
;
1541 0 332 54 327 103 326 158 326 231 366 118 290 113 377 175 385 239
267 163 240 224 343 231 333 372 344 307 308 230 281 384 295 311 4 4
;
1542 0 330 53 325 103 325 158 324 230 364 118 287 113 376 175 383 237
266 164 240 226 342 231 333 373 343 306 307 230 281 384 294 311 4 4
;
1543 0 326 53 321 103 321 157 321 230 360 118 284 113 372 173 380 236
264 165 240 230 339 231 333 373 341 306 304 229 281 382 290 309 0 4
;
1544 0 324 53 319 103 319 157 319 230 358 117 282 113 370 173 378 236
262 165 239 232 337 231 333 373 340 305 302 229 281 383 289 309 4 4
;
1545 0 320 52 316 103 316 157 316 230 355 117 278 113 367 171 376 235
259 168 239 236 334 231 332 372 338 305 299 229 281 382 286 310 4 4
;
1546 0 317 52 313 103 313 157 313 230 352 116 274 114 365 170 373 233
256 170 238 237 331 231 332 373 336 305 296 229 280 381 284 310 1 4
;
1547 0 315 52 311 103 311 157 312 230 350 116 273 114 363 170 372 232
255 170 237 237 329 231 332 373 335 305 294 229 280 381 284 310 1 2
;
1548 0 311 52 308 103 308 157 309 230 347 116 269 114 362 168 369 232
252 171 233 238 326 231 331 373 333 305 291 229 280 381 281 310 4 0
;
1549 0 309 52 306 103 307 158 307 230 346 116 267 115 361 168 368 232
250 171 230 238 325 231 331 373 332 305 290 229 280 381 280 309 4 0
;
1550 0 305 53 303 104 304 158 304 230 343 115 264 116 359 167 365 232
248 171 224 237 321 231 331 372 329 305 287 230 280 381 278 308 4 4
;
1551 0 303 53 302 104 302 158 302 231 342 115 262 117 359 167 364 233
247 171 220 236 320 231 331 372 328 305 285 230 280 381 277 308 4 0
;
1552 0 301 53 300 104 300 158 300 231 339 114 260 118 358 167 363 234
246 171 217 235 318 231 331 373 327 306 283 230 280 381 276 307 4 0
;
1553 0 297 54 297 105 297 158 296 231 336 115 257 118 356 166 362 235
244 171 211 232 314 232 331 373 325 307 280 230 280 381 274 307 0 2
;
1554 0 293 54 294 105 293 159 293 232 332 115 255 119 353 166 360 236
243 172 208 231 310 233 331 373 323 309 276 231 279 382 271 308 0 2
;
1555 0 292 55 292 105 292 159 291 232 330 115 254 120 352 166 359 235
242 173 208 231 308 233 331 374 322 310 275 232 279 382 269 309 0 2
;
1556 0 288 55 290 105 289 159 288 233 327 115 252 120 350 165 356 236
240 174 209 233 305 233 332 375 321 311 271 232 279 382 267 311 0 2
;
1557 0 287 55 288 105 287 159 286 233 325 115 251 121 349 165 355 236
240 174 210 233 302 233 333 375 320 310 269 233 279 382 266 311 0 2
;
1558 0 284 55 286 106 284 159 282 233 322 115 248 121 347 165 353 235
238 176 213 235 299 232 333 373 316 308 266 233 278 383 265 312 0 2
;
1559 0 283 55 285 105 283 159 281 232 321 115 247 121 345 165 352 235
237 176 214 236 297 232 332 372 314 306 264 233 278 383 264 312 0 2
;
1560 0 282 55 283 105 281 158 278 232 319 114 246 121 343 165 351 234
236 177 215 236 295 231 323 364 309 304 261 232 278 383 264 312 4 2
;
1561 0 281 55 282 105 279 158 277 231 318 114 245 120 343 164 351 233
235 177 214 236 294 230 318 357 306 302 260 232 278 383 264 312 0 2
;
1562 0 280 54 280 104 278 156 275 229 317 113 243 120 342 164 350 232
234 176 211 235 293 228 309 338 301 290 258 230 278 380 264 311 0 2
;
1563 0 279 53 280 103 278 156 275 228 316 113 243 119 341 163 349 232
233 176 209 234 293 227 306 331 298 284 257 228 278 380 265 310 0 2
;
1564 0 278 53 279 102 276 154 273 226 316 112 242 118 341 162 348 232
231 173 204 232 292 226 301 321 293 271 255 226 278 380 266 308 0 2
;
1565 0 277 53 278 102 276 154 273 225 315 112 241 118 341 162 348 232
230 173 201 231 291 225 301 315 290 265 255 225 278 381 267 308 0 2
;
1566 0 277 53 278 102 275 154 272 225 315 112 241 118 340 162 347 232
229 171 196 230 291 225 301 313 289 263 254 225 278 381 267 308 0 2
;
1567 0 276 53 277 102 275 154 272 225 315 112 241 119 340 162 347 233
228 171 194 229 291 225 302 315 288 264 254 225 278 381 266 308 0 2
;
1568 0 276 53 277 103 275 154 272 225 315 113 240 119 339 163 347 233
227 171 191 229 291 225 310 328 287 275 254 225 278 381 265 309 0 2
;
1569 0 276 53 277 103 275 154 272 225 315 113 240 119 339 163 347 233
227 170 191 229 291 225 315 340 289 286 254 225 278 380 264 309 0 2
;
1570 0 276 54 277 103 275 154 272 226 314 112 240 119 338 164 346 233
227 170 192 230 291 226 321 358 296 303 254 226 278 380 263 309 0 2
;
1571 0 276 54 277 103 275 154 272 227 314 112 240 119 338 164 346 233
226 170 193 230 291 226 326 371 298 305 254 227 277 380 263 309 0 2
;
1572 0 277 55 277 103 275 155 273 228 315 113 242 119 337 164 346 233
226 170 195 231 291 227 332 381 304 308 255 229 277 382 263 311 0 2
;
1573 0 278 55 277 103 275 155 273 229 316 113 243 120 337 164 345 233
226 171 196 232 291 228 332 381 306 309 256 230 277 383 263 311 0 2
;
1574 0 279 54 278 103 276 156 275 230 316 113 244 120 337 164 344 233
227 172 199 233 293 230 334 384 312 313 258 231 277 383 263 311 0 2
;
1575 0 279 55 278 103 277 156 277 231 317 113 244 120 337 164 343 232
227 172 201 234 294 230 333 383 314 313 260 231 277 383 263 311 0 2
;
1576 0 281 55 279 103 280 157 280 232 317 113 245 119 337 164 343 231
227 173 203 236 297 232 332 381 318 312 263 232 277 383 263 311 0 2
;
1577 0 282 55 281 103 281 157 282 232 319 114 245 119 338 164 343 231
228 173 204 237 299 232 331 380 320 312 265 233 277 383 263 310 0 2
;
1578 0 285 55 283 103 283 158 285 233 321 115 245 118 340 164 345 231
229 174 206 238 302 233 330 380 322 311 268 233 277 382 264 308 0 2
;
1579 0 286 54 284 103 285 158 286 233 323 115 246 117 341 164 346 230
229 173 207 238 304 233 330 380 322 310 269 233 277 382 265 308 0 2
;
1580 0 289 53 287 103 288 157 290 232 326 115 249 115 343 165 349 230
231 172 209 237 308 232 329 380 322 310 272 232 277 382 267 308 0 0
;
1581 0 291 53 288 102 289 157 292 232 328 115 251 114 345 165 352 230
232 171 210 237 309 232 329 380 322 310 274 232 277 382 269 307 0 0
;
1582 0 294 52 291 102 292 157 295 232 331 115 253 114 348 166 357 232
235 170 212 236 312 232 329 379 323 308 277 232 278 382 271 308 4 0
;
1583 0 296 52 292 102 294 157 296 232 333 115 256 113 349 167 361 233
236 170 213 235 314 232 329 378 325 308 278 231 278 381 273 308 4 0
;
1584 0 300 51 296 101 298 156 300 231 337 116 259 112 352 169 367 234
239 168 217 234 318 232 329 378 327 307 283 231 278 381 275 308 4 0
;
1585 0 302 51 298 101 299 156 302 231 338 116 261 112 354 171 370 235
241 167 219 233 319 232 329 378 328 307 284 231 278 381 277 309 4 0
;
1586 0 307 51 301 101 303 156 305 231 342 116 265 112 357 172 374 237
246 165 225 231 323 232 330 378 331 307 288 231 279 381 279 310 4 4
;
1587 0 309 51 303 101 305 156 307 231 343 117 267 111 358 172 375 238
248 165 229 230 325 232 330 378 332 307 290 231 279 381 280 310 4 4
;
1588 0 314 51 307 101 308 157 311 232 346 117 272 111 360 173 378 236
252 164 237 230 328 232 330 378 335 308 294 231 279 381 284 312 4 4
;
1589 0 316 51 309 101 310 157 313 232 348 118 275 111 361 174 379 237
254 164 241 230 330 232 330 378 335 308 296 231 280 381 284 312 4 4
;
1590 0 320 52 313 101 314 157 317 232 351 119 279 111 362 174 381 236
258 163 248 230 334 232 330 378 338 309 300 232 280 382 287 312 4 4
;
1591 0 322 52 315 102 316 157 319 232 352 119 282 111 363 175 381 237
260 163 252 231 335 232 330 378 339 309 302 232 281 382 289 312 4 4
;
1592 0 326 52 318 102 320 157 323 233 355 119 286 111 364 176 382 238
265 164 258 234 339 233 330 378 342 309 307 232 281 383 292 314 4 4
;
1593 0 328 53 320 102 322 157 325 233 356 119 289 111 365 177 383 238
267 165 261 235 341 233 330 377 343 310 309 233 282 383 294 315 2 4
;
1594 0 331 53 323 102 326 158 329 234 358 120 293 112 368 178 383 239
271 166 266 235 345 234 331 377 345 311 314 233 282 384 296 316 0 4
;
1595 0 333 54 325 103 328 158 331 234 359 120 295 112 369 178 383 239
273 167 268 236 347 234 331 377 346 312 316 234 282 384 298 317 0 4
;
1596 0 336 55 328 104 331 159 335 235 362 121 299 113 372 179 388 238
277 168 272 237 351 235 331 377 348 313 320 234 282 385 301 318 0 0
;
1597 0 338 55 330 104 333 159 337 235 363 122 301 114 373 179 390 238
279 168 273 237 353 235 332 377 350 313 321 234 282 385 303 317 0 0
;
1598 0 340 55 333 104 336 158 340 234 366 121 304 113 376 179 390 238
282 168 275 235 356 235 332 376 351 311 324 233 279 385 307 312 0 4
;
1599 0 341 55 334 103 337 158 342 233 368 121 305 113 378 178 393 237
283 168 273 234 358 234 332 376 353 310 325 232 279 381 311 306 0 0
;
1600 0 343 55 337 103 339 157 343 231 371 120 306 113 381 177 398 236
284 167 269 232 360 232 332 376 357 308 327 230 278 365 319 299 0 4
;
1601 0 344 55 338 103 340 156 344 230 372 120 307 113 383 177 400 236
284 168 266 231 361 232 332 375 359 307 327 228 282 349 322 295 4 4
;
1602 0 346 55 340 102 342 155 345 227 373 120 308 112 386 175 404 236
284 167 261 229 363 228 332 375 355 313 327 225 283 331 330 284 4 4
;
1603 0 346 55 340 102 342 154 345 225 374 119 309 112 387 175 407 236
284 166 259 228 364 225 332 375 352 311 326 224 285 327 332 278 4 4
;
1604 0 348 55 341 102 343 153 345 223 376 120 310 112 389 174 412 235
283 165 256 227 364 224 332 374 345 307 325 222 294 295 348 255 4 4
;
1605 0 349 55 342 102 343 152 344 222 377 120 310 112 389 174 414 235
283 165 255 227 364 223 332 374 344 306 324 221 295 294 348 254 4 4
;
1606 0 350 55 343 102 343 152 343 221 378 120 311 112 390 174 416 236
282 165 254 227 363 223 332 374 344 305 323 220 300 296 349 252 4 4
;
1607 0 351 55 343 102 343 152 343 221 378 121 311 112 390 174 416 236
282 164 255 227 363 222 334 367 344 304 323 220 304 304 349 252 4 4
;
1608 0 352 55 344 102 344 152 344 221 379 121 312 112 391 174 415 236
283 164 255 227 364 222 334 368 346 304 324 220 307 321 350 256 4 4
;
1609 0 353 56 345 102 345 152 345 222 379 121 312 112 390 175 411 237
283 164 256 227 364 223 334 369 345 303 325 221 303 321 346 269 4 4
;
1610 0 353 56 345 102 345 152 345 222 379 121 312 112 390 175 409 237
283 164 256 227 364 223 335 370 345 303 325 221 299 332 339 282 4 4
;
1611 0 353 56 345 102 345 152 345 223 379 121 312 112 389 176 404 238
283 164 256 227 364 224 336 370 363 286 325 222 292 345 329 290 0 4
;
1612 0 353 55 345 102 345 152 345 223 379 121 312 111 388 176 402 238
283 164 256 227 364 224 332 376 361 293 325 222 287 354 328 291 0 4
;
1613 0 353 55 345 102 345 152 344 224 379 121 312 111 388 177 400 238
283 164 257 226 363 226 332 375 356 303 326 223 288 353 321 296 4 4
;
1614 0 351 55 344 102 344 153 343 226 378 121 312 111 387 177 397 238
283 163 257 225 361 228 332 375 352 305 325 224 279 377 310 304 4 4
;
1615 0 350 55 342 102 341 155 340 229 378 121 311 111 386 177 396 239
282 163 256 223 357 231 332 375 348 308 323 226 276 388 303 310 0 4
;
1616 0 348 55 341 102 340 156 338 230 377 121 309 111 386 178 396 239
282 164 256 223 355 232 332 374 348 308 321 228 277 388 300 312 0 4
;
1617 0 347 55 340 103 338 156 336 231 376 121 308 111 385 178 397 240
281 164 256 223 353 233 332 374 348 308 319 229 278 387 299 311 4 4
;
1618 0 345 55 337 103 336 157 333 231 374 121 305 111 384 177 399 240
279 164 255 223 350 233 332 374 347 307 317 230 279 386 297 311 0 4
;
1619 0 342 54 335 102 333 157 331 232 372 120 302 111 383 177 400 239
277 164 253 225 348 233 332 375 347 307 314 230 279 386 297 312 4 4
;
1620 0 340 54 333 102 332 157 330 231 371 120 300 111 382 176 400 239
275 164 251 227 347 233 332 375 346 307 312 230 279 386 297 312 4 4
;
1621 0 338 53 332 102 330 157 328 231 370 119 298 111 382 175 399 239
274 163 249 228 346 233 332 376 346 307 311 230 279 386 296 312 4 4
;
1622 0 335 52 329 101 327 157 325 231 367 118 293 110 380 173 397 238
270 163 245 229 343 232 332 376 344 307 308 229 279 386 293 311 4 4
;
1623 0 331 51 325 101 323 156 322 230 364 117 288 110 379 170 396 238
266 164 239 230 339 231 332 375 342 306 304 229 279 386 289 309 4 4
;
1624 0 328 51 323 101 322 156 320 230 362 117 286 111 377 169 394 238
263 165 237 231 337 231 332 375 341 306 303 229 279 385 288 309 4 4
;
1625 0 326 51 321 101 320 156 318 230 360 117 284 111 376 169 393 237
261 166 234 231 336 231 332 375 339 305 301 229 279 385 287 309 4 4
;
1626 0 321 50 316 101 316 156 315 230 356 116 279 111 372 167 389 234
257 167 231 232 332 231 331 375 337 305 297 229 279 383 285 309 4 4
;
1627 0 315 50 312 101 311 156 311 230 352 115 274 111 369 166 384 232
252 167 228 233 328 231 331 376 335 306 293 229 279 383 281 310 4 0
;
1628 0 313 50 310 101 309 156 309 230 350 114 271 111 367 165 380 231
251 167 226 233 326 231 331 376 334 306 291 229 278 383 280 311 4 0
;
1629 0 307 50 305 102 305 157 304 230 345 114 265 113 363 164 374 231
247 168 222 234 322 231 330 377 331 307 287 230 278 383 277 311 4 4
;
1630 0 305 51 302 102 302 157 302 230 343 114 263 113 362 164 371 231
246 169 221 234 320 231 330 377 329 308 285 230 278 383 276 310 0 4
;
1631 0 299 51 298 103 298 157 298 231 338 114 258 115 357 164 366 231
243 170 217 236 316 231 330 379 327 310 280 230 277 383 273 309 0 0
;
1632 0 297 51 296 103 296 157 296 231 335 114 256 115 356 164 365 231
241 171 215 236 314 231 330 380 326 310 279 230 277 383 272 308 0 4
;
1633 0 292 52 291 103 292 157 292 231 331 114 252 116 352 164 363 231
237 171 212 237 310 231 332 381 325 308 274 231 277 383 270 307 0 4
;
1634 0 290 52 289 103 290 157 290 231 329 114 250 116 350 164 362 231
235 171 210 237 308 230 334 382 325 307 273 231 277 383 269 308 0 4
;
1635 0 286 52 286 103 287 157 288 230 326 114 247 117 347 164 360 231
231 171 207 236 305 229 333 381 323 303 270 231 277 383 268 308 0 0
;
1636 0 285 52 284 103 285 156 287 230 324 113 245 117 346 164 359 231
230 171 205 236 304 229 328 373 322 301 269 231 277 383 268 309 0 0
;
1637 0 282 51 282 102 283 156 285 229 322 113 243 117 344 164 357 230
228 171 201 235 303 227 319 358 319 295 267 230 277 383 269 309 4 0
;
1638 0 281 51 281 102 282 155 284 228 321 112 242 117 343 163 356 230
228 171 200 235 302 227 316 353 317 292 266 230 277 383 269 309 0 0
;
1639 0 279 51 279 102 280 155 282 228 319 112 241 117 342 163 355 230
226 171 198 235 300 226 310 339 314 279 264 229 277 383 270 309 4 0
;
1640 0 278 51 279 102 280 155 281 227 319 112 240 117 341 163 355 230
226 171 198 236 299 226 310 334 313 275 263 229 277 384 270 309 4 0
;
1641 0 277 50 278 101 278 154 279 227 318 112 239 117 341 163 356 229
225 171 199 236 298 226 309 321 311 272 261 228 277 384 270 308 4 0
;
1642 0 277 50 277 101 278 154 279 227 318 111 239 117 341 163 356 230
225 171 200 236 297 226 309 317 310 268 260 228 277 384 270 308 4 0
;
1643 0 276 50 277 101 277 154 278 226 317 111 238 116 340 163 356 230
225 171 201 236 297 225 311 314 309 263 259 227 277 384 270 307 0 0
;
1644 0 276 49 276 101 277 154 278 226 317 111 238 116 340 163 356 230
224 171 201 236 297 225 312 314 309 263 259 227 277 384 270 307 0 0
;
1645 0 276 49 276 101 277 154 278 226 317 111 238 116 340 163 356 231
224 171 202 237 296 225 316 321 310 271 259 228 277 384 270 307 4 0
;
1646 0 276 49 276 101 277 154 278 227 316 111 237 116 340 163 356 231
224 171 202 238 297 225 317 327 311 278 259 228 277 384 270 308 4 0
;
1647 0 275 49 276 101 277 154 278 227 316 111 237 116 340 163 356 230
225 172 202 238 297 225 316 338 314 287 260 228 277 384 270 309 4 4
;
1648 0 276 49 276 101 277 154 279 227 317 111 238 116 340 162 356 230
225 172 203 238 297 225 315 341 316 289 260 228 277 384 270 309 4 0
;
1649 0 276 49 277 100 278 154 280 227 317 111 238 116 340 162 356 229
226 172 205 238 299 225 316 346 318 294 262 229 277 384 270 309 0 0
;
1650 0 277 49 277 100 279 154 281 227 317 111 239 115 340 162 357 229
226 172 206 238 299 225 319 353 319 295 263 229 277 384 270 309 0 0
;
1651 0 279 48 279 100 281 154 283 228 319 111 240 115 341 162 358 228
226 171 206 238 301 226 322 355 324 298 265 229 277 384 270 309 4 0
;
1652 0 281 48 280 100 282 154 284 228 320 111 241 114 341 162 359 228
226 171 206 238 303 226 325 355 326 299 266 230 277 384 270 310 4 0
;
1653 0 284 48 283 100 284 155 287 229 323 112 243 114 343 162 361 228
227 170 206 236 305 228 331 358 328 300 269 230 277 383 270 310 4 0
;
1654 0 286 48 284 100 286 155 288 229 325 112 245 113 344 162 362 229
228 170 206 236 306 228 333 363 329 302 270 230 277 383 270 310 4 0
;
1655 0 291 49 288 101 290 156 292 230 329 113 249 113 347 164 364 231
230 170 206 235 310 230 336 371 331 306 274 231 277 383 270 309 4 0
;
1656 0 293 50 290 101 292 156 294 231 331 114 251 113 349 165 366 232
231 169 207 235 312 231 337 374 332 307 276 231 277 383 270 309 4 4
;
1657 0 298 51 295 102 296 157 298 232 335 115 256 114 353 168 369 234
235 169 209 235 316 232 336 374 331 307 281 231 277 383 271 308 4 0
;
1658 0 301 51 297 103 299 157 300 232 338 115 259 114 355 169 372 234
238 169 211 234 318 232 336 374 330 307 283 231 277 383 272 308 4 0
;
1659 0 306 51 302 103 303 158 305 232 343 115 264 114 359 170 376 234
244 169 218 234 323 233 336 374 331 308 287 231 277 382 275 309 4 4
;
1660 0 308 51 305 103 306 157 307 232 344 115 267 114 362 169 378 234
247 169 222 234 325 232 336 374 332 308 290 231 277 382 278 309 4 4
;
1661 0 313 51 309 103 311 157 312 231 350 116 272 113 367 169 384 235
253 168 232 235 330 232 336 374 335 306 295 231 278 382 281 312 4 4
;
1662 0 316 51 312 103 313 157 314 231 352 116 274 114 369 169 388 235
256 168 236 236 332 232 336 374 337 306 297 231 278 382 283 312 4 4
;
1663 0 320 52 316 103 317 157 319 231 356 116 278 114 373 169 393 235
262 169 245 237 336 231 337 373 341 306 301 230 279 384 287 312 4 4
;
1664 0 323 52 318 103 319 157 321 231 358 116 281 114 374 169 395 235
264 170 249 238 339 231 337 372 342 305 303 230 279 385 289 312 4 4
;
1665 0 327 53 322 103 323 158 324 231 362 117 285 115 378 169 399 234
269 172 255 239 342 231 337 372 346 304 307 230 279 385 292 312 4 4
;
1666 0 329 53 324 104 325 158 326 231 364 117 287 115 379 169 401 234
271 172 258 239 344 231 337 372 348 304 309 231 279 385 295 312 4 4
;
1667 0 332 54 327 104 328 158 330 231 367 118 291 116 383 170 404 235
275 172 262 239 348 232 337 372 351 304 313 231 280 385 297 314 4 4
;
1668 0 334 55 329 105 330 158 332 231 368 118 291 116 384 171 405 235
277 172 264 239 349 231 338 372 352 305 315 231 280 385 299 314 4 4
;
1669 0 338 56 332 105 333 159 335 232 372 119 296 116 386 172 408 234
280 172 268 239 353 232 338 372 355 307 318 231 281 385 301 314 4 4
;
1670 0 339 56 334 106 335 159 337 232 373 119 298 117 388 172 409 234
282 172 270 239 354 232 338 372 355 307 319 231 281 385 302 314 4 4
;
1671 0 342 57 336 106 337 159 339 232 375 120 301 117 389 172 412 234
285 172 273 239 357 232 339 371 357 307 322 231 282 385 305 313 4 0
;
1672 0 343 58 337 106 339 159 340 232 376 120 303 117 390 172 413 234
286 172 275 239 357 233 339 371 357 307 323 231 283 385 307 312 4 4
;
1673 0 346 58 340 107 341 159 342 232 378 121 305 117 392 173 415 234
288 172 277 238 360 233 339 372 358 308 325 231 284 385 309 312 4 4
;
1674 0 347 58 340 107 341 159 343 232 379 121 306 117 392 173 416 234
289 172 278 237 360 233 339 372 358 308 326 231 285 385 310 313 4 4
;
1675 0 348 59 342 107 343 159 345 231 380 121 307 117 394 173 416 234
290 172 280 236 362 232 339 372 359 309 328 230 287 385 313 314 0 4
;
1676 0 349 59 342 107 344 159 346 231 380 122 308 117 394 173 416 234
291 172 280 236 363 232 339 373 360 309 329 230 289 384 315 314 0 4
;
1677 0 350 60 343 107 345 159 347 231 381 122 310 117 394 174 416 235
292 172 280 235 365 232 339 373 364 308 330 230 293 379 324 308 4 4
;
1678 0 350 60 344 107 345 159 348 230 381 122 310 117 394 174 415 235
292 172 280 234 365 232 339 374 367 307 330 229 298 368 326 307 4 4
;
1679 0 351 60 344 107 346 159 348 230 381 122 311 117 394 175 413 236
293 172 279 234 366 231 340 372 360 302 330 228 304 349 333 300 4 4
;
1680 0 351 60 344 107 346 158 348 229 381 122 311 117 394 176 411 236
293 171 279 233 366 231 340 370 360 300 330 228 306 344 335 296 4 0
;
1681 0 351 60 344 107 346 157 348 227 381 122 311 117 393 176 409 237
293 171 278 233 366 228 341 363 354 296 330 226 311 322 340 297 4 4
;
1682 0 351 60 344 106 345 156 346 224 381 122 311 117 393 176 406 237
293 171 278 233 365 224 340 371 359 299 328 224 312 301 344 269 4 0
;
1683 0 351 60 344 106 344 156 342 223 380 122 311 116 392 177 405 237
293 171 277 233 362 224 340 371 359 299 323 223 318 309 340 253 4 0
;
1684 0 350 60 344 106 344 155 344 223 380 122 311 116 392 176 405 236
293 171 277 233 363 223 341 366 348 303 325 222 317 307 345 262 4 4
;
1685 0 350 60 344 106 344 155 345 223 379 121 311 116 391 176 404 236
293 171 277 233 365 224 339 371 351 303 326 222 312 302 343 263 4 4
;
1686 0 350 60 344 106 344 155 345 223 379 121 311 116 391 176 403 236
292 171 277 234 365 224 339 371 351 304 326 222 308 309 339 266 4 4
;
1687 0 349 60 343 106 344 155 346 224 379 121 310 116 390 176 404 236
292 171 276 234 365 225 339 371 352 305 327 223 302 318 328 275 4 4
;
1688 0 348 59 342 106 343 156 345 225 378 121 309 116 390 175 405 236
291 171 276 234 364 226 339 371 353 305 326 224 288 336 319 284 4 0
;
1689 0 347 59 341 106 343 156 344 226 377 121 308 116 389 175 405 236
290 171 275 235 363 227 340 370 352 304 326 225 281 346 314 287 4 0
;
1690 0 346 59 341 106 342 156 344 226 377 121 307 116 389 175 406 236
289 170 274 235 362 228 340 370 352 304 325 225 277 356 307 294 4 0
;
1691 0 344 58 338 105 339 157 339 228 375 121 304 116 388 175 405 236
287 171 272 235 357 230 339 371 352 303 322 226 270 375 301 303 4 0
;
1692 0 342 58 337 105 337 157 337 229 374 121 303 116 388 174 405 236
286 171 270 236 355 230 339 371 351 303 320 227 269 382 298 307 4 4
;
1693 0 339 57 333 106 333 158 333 230 371 121 300 116 386 174 404 237
282 172 265 237 350 231 339 370 351 303 316 229 269 384 295 309 4 4
;
1694 0 337 57 331 106 331 159 331 231 370 121 297 117 385 174 403 237
280 172 263 237 349 232 339 370 350 303 314 230 270 385 293 310 4 4
;
1695 0 332 57 327 106 327 159 328 232 366 121 292 116 381 173 400 238
274 173 257 238 345 232 339 371 348 303 310 231 270 385 292 310 4 4
;
1696 0 330 56 325 106 325 159 325 232 364 120 289 116 378 173 398 238
271 173 253 238 343 232 339 371 347 303 308 231 270 385 292 310 4 4
;
1697 0 325 55 320 105 321 158 322 232 359 119 284 115 374 172 391 238
266 171 245 236 339 232 338 371 344 304 305 231 270 385 288 308 4 4
;
1698 0 322 55 318 104 319 158 320 231 357 118 281 114 372 172 387 237
263 170 240 236 337 232 338 371 342 305 302 231 270 385 287 308 4 4
;
1699 0 317 54 314 104 314 158 315 231 353 117 276 115 368 171 378 237
257 169 231 234 332 232 338 373 339 306 298 231 270 385 283 308 4 4
;
1700 0 314 54 311 104 312 158 312 231 351 117 273 115 366 171 374 236
254 169 227 234 330 232 337 373 337 306 295 231 270 385 282 309 4 4
;
1701 0 309 54 307 104 307 158 308 231 346 117 269 115 361 171 367 235
249 170 220 233 325 231 337 373 334 307 291 231 270 384 277 311 4 0
;
1702 0 305 53 303 104 303 158 304 231 342 116 264 115 357 170 361 234
245 170 216 234 321 232 337 373 331 307 286 231 269 382 273 311 1 0
;
1703 0 303 53 301 104 301 158 302 231 340 117 261 115 355 169 359 234
243 170 215 234 319 232 337 374 330 307 284 231 269 382 271 311 4 0
;
1704 0 298 53 296 104 297 158 298 232 335 116 257 115 351 169 354 234
239 171 214 235 315 232 337 374 328 308 280 231 269 381 268 310 0 0
;
1705 0 296 53 294 104 295 158 296 232 333 116 255 115 349 168 353 234
238 171 213 236 314 232 337 375 327 308 279 231 269 382 266 309 0 0
;
1706 0 292 53 290 104 291 158 293 232 329 116 251 116 346 168 350 234
235 171 210 237 311 232 337 374 325 308 276 231 269 382 264 308 0 0
;
1707 0 290 53 288 104 289 158 291 232 327 116 249 116 344 168 348 234
233 171 209 237 309 232 337 374 325 309 274 231 269 382 263 308 4 0
;
1708 0 285 53 284 104 285 158 287 232 323 116 244 116 341 168 346 234
229 172 205 237 305 232 337 375 323 310 270 231 268 382 262 308 4 0
;
1709 0 283 53 282 104 283 158 285 232 321 116 242 117 340 168 345 234
228 172 203 237 303 232 336 376 322 311 268 232 268 382 261 308 4 0
;
1710 0 280 53 278 104 280 158 282 232 318 116 239 117 337 167 343 234
224 173 200 237 299 232 336 377 318 310 264 232 268 382 258 308 4 0
;
1711 0 278 53 276 104 278 158 280 232 316 115 237 117 336 167 342 234
222 173 197 237 297 232 336 377 317 310 262 232 268 383 258 308 0 0
;
1712 0 275 53 274 104 275 157 277 231 313 115 234 117 333 167 340 234
219 173 193 237 295 231 333 374 314 308 260 232 267 384 257 309 0 0
;
1713 0 273 53 272 104 274 157 276 231 312 115 233 117 331 167 339 234
217 173 191 237 294 230 329 374 313 307 259 232 267 384 256 309 0 0
;
1714 0 272 53 271 104 273 157 275 231 311 115 232 117 330 168 339 234
215 173 189 236 293 230 325 372 311 306 258 231 267 383 256 309 0 0
;
1715 0 269 53 268 104 271 157 273 230 308 115 230 117 328 167 337 233
213 173 187 237 291 229 310 362 307 301 256 231 267 383 256 310 4 0
;
1716 0 267 53 267 103 269 156 272 229 307 115 228 118 326 166 336 232
212 173 185 238 290 228 299 353 302 298 254 231 267 383 256 311 4 0
;
1717 0 266 53 266 103 269 156 272 229 306 114 228 118 325 166 336 231
211 173 185 238 290 227 295 350 300 295 254 231 267 383 257 311 4 0
;
1718 0 265 52 265 103 268 156 271 228 305 114 227 118 324 165 338 230
211 172 186 239 289 227 291 338 297 284 253 230 267 383 259 312 0 4
;
1719 0 264 52 265 103 267 155 270 228 305 114 227 118 324 165 338 229
211 172 188 240 289 226 290 332 297 280 252 229 267 383 259 311 0 4
;
1720 0 264 52 264 102 267 155 270 227 305 113 226 117 324 165 341 229
212 172 191 239 288 225 293 320 297 269 251 228 267 383 259 309 0 0
;
1721 0 264 51 264 102 266 154 269 226 304 113 226 117 324 164 341 229
212 172 192 238 288 225 295 314 297 267 251 228 267 383 260 306 0 0
;
1722 0 264 51 264 102 266 154 269 226 304 112 226 117 325 164 343 228
213 172 194 237 288 225 300 310 297 264 251 228 267 383 260 306 4 0
;
1723 0 264 51 264 102 266 154 269 226 304 112 226 116 325 164 343 228
213 172 194 237 288 225 304 311 298 264 251 228 267 383 260 305 4 0
;
1724 0 264 51 264 102 267 154 270 226 304 112 226 116 325 164 344 229
213 171 193 237 289 225 312 320 304 275 252 228 267 383 260 306 0 0
;
1725 0 264 51 264 102 267 154 271 226 305 112 226 117 326 164 344 229
213 171 192 237 289 225 318 325 307 280 252 228 267 382 260 306 0 0
;
1726 0 265 51 265 102 268 154 272 227 305 113 227 117 327 164 343 230
214 171 190 238 291 225 321 336 313 291 254 229 267 382 261 307 4 0
;
1727 0 266 51 266 102 269 155 273 227 306 112 227 117 328 164 343 230
214 171 190 237 292 225 324 344 315 294 255 229 267 382 261 308 4 0
;
1728 0 269 51 269 102 272 155 276 228 308 112 229 116 329 164 344 231
215 171 190 236 294 226 330 358 318 301 258 230 267 382 261 308 4 0
;
1729 0 270 51 270 102 273 155 277 229 309 113 231 116 330 164 344 231
215 172 191 236 295 227 331 362 320 303 259 231 267 382 261 308 4 0
;
1730 0 275 51 273 102 276 156 281 230 313 113 234 116 333 165 346 232
217 171 194 236 298 229 334 372 323 306 263 231 267 382 260 307 4 0
;
1731 0 277 52 276 102 279 157 282 231 315 114 236 116 334 165 347 232
218 171 195 236 300 230 334 375 323 307 265 231 267 382 260 307 4 0
;
1732 0 282 52 281 103 283 157 286 232 320 114 242 116 339 165 350 232
223 171 199 236 304 232 334 374 323 308 269 232 267 382 260 306 4 0
;
1733 0 285 52 283 103 285 158 288 232 323 115 244 116 341 165 352 232
226 171 202 237 306 232 334 374 323 307 271 232 267 382 261 306 4 0
;
1734 0 291 52 288 103 290 158 292 232 329 115 250 115 346 165 356 232
232 172 209 237 310 233 333 374 322 307 275 232 268 381 263 307 4 0
;
1735 0 293 52 291 103 293 158 294 232 331 115 253 115 349 165 359 232
235 172 213 237 312 233 333 374 322 307 277 232 268 381 265 307 4 0
;
1736 0 299 52 296 103 297 158 299 232 336 115 257 115 354 166 366 232
242 171 223 237 317 233 333 374 325 306 281 231 268 381 269 310 4 4
;
1737 0 301 52 298 103 299 158 301 232 339 115 260 114 357 166 370 233
245 171 229 238 319 232 333 374 327 306 283 231 268 381 271 310 4 4
;
1738 0 306 52 302 103 303 158 304 232 342 115 264 114 360 167 377 233
249 171 238 239 322 232 333 374 329 306 287 231 269 381 273 311 4 1
;
1739 0 308 52 304 103 305 158 306 232 344 115 266 114 362 168 380 234
251 171 243 239 324 232 333 374 331 305 288 231 269 382 275 312 4 1
;
1740 0 311 52 306 103 307 158 309 232 347 116 268 114 365 169 383 236
255 171 249 238 326 232 333 373 333 305 291 232 269 383 277 312 4 4
;
1741 0 312 52 308 103 309 158 310 232 348 116 270 115 366 169 384 237
257 171 251 238 328 232 333 373 334 305 293 232 269 383 278 312 4 4
;
1742 0 315 53 310 103 311 158 313 232 351 116 272 115 368 170 386 237
259 170 253 238 330 233 333 373 336 306 295 232 270 384 280 312 4 4
;
1743 0 316 53 311 103 312 158 313 232 352 117 273 115 369 170 386 237
260 171 253 238 331 233 333 373 337 306 296 232 270 384 281 312 4 4
;
1744 0 318 53 312 104 313 158 315 232 353 117 275 115 370 171 386 238
261 170 253 237 332 233 334 372 338 306 297 232 270 384 282 312 4 0
;
1745 0 319 53 313 104 314 158 315 232 353 117 276 115 370 171 386 238
261 171 252 237 333 233 333 372 338 306 298 232 270 384 282 312 4 1
;
1746 0 320 53 314 104 315 158 316 232 354 118 277 115 370 172 384 239
261 171 251 237 334 233 333 372 339 306 299 232 270 384 283 312 4 1
;
1747 0 320 53 314 104 315 158 317 232 354 118 277 114 369 173 383 240
261 171 251 237 334 233 333 372 339 306 299 232 270 385 283 312 4 1
;
1748 0 321 54 315 104 316 158 317 233 355 119 278 114 369 174 381 239
261 171 251 237 334 233 333 372 340 306 300 232 270 385 283 312 0 1
;
1749 0 322 54 315 104 316 158 317 233 355 119 278 114 368 174 379 239
261 171 250 237 335 233 333 372 340 306 300 232 270 385 283 312 0 1
;
1750 0 322 54 315 104 316 158 317 233 355 119 278 114 367 174 377 240
261 171 250 237 335 233 333 373 340 306 300 232 270 385 284 312 0 1
;
1751 0 322 54 315 104 316 158 317 233 355 119 278 114 367 175 376 240
261 171 250 237 335 233 333 373 340 307 300 232 270 385 284 312 4 1
;
