468 0 304 81 300 126 298 171 296 234 334 140 267 137 366 144 365 90
236 145 233 93 313 235 303 371 310 305 279 233 270 376 273 307 3 2
;
469 0 303 81 300 126 298 171 295 234 334 140 266 137 365 145 364 91
234 145 231 93 313 235 303 371 310 305 278 233 267 375 272 307 3 2
;
470 0 302 81 298 126 296 171 294 234 332 140 265 137 363 146 363 92
233 145 229 92 311 235 303 372 309 304 277 233 259 374 269 307 3 2
;
471 0 301 81 297 126 295 171 293 234 331 140 264 137 362 146 363 92
231 145 227 92 310 235 303 371 308 304 275 233 256 373 267 307 3 2
;
472 0 298 81 294 126 292 171 290 234 327 141 260 137 360 147 363 90
228 145 224 92 307 235 303 371 307 304 273 234 249 372 263 309 0 2
;
473 0 296 81 292 125 290 171 289 235 326 141 258 137 359 147 363 90
226 145 222 92 306 235 303 371 306 304 271 234 248 373 262 310 0 2
;
474 0 292 81 287 125 286 171 285 235 324 140 254 137 356 147 360 87
222 144 218 90 302 236 302 371 304 304 268 234 246 374 258 311 2 2
;
475 0 289 81 285 125 284 171 283 235 321 141 252 137 354 147 358 86
220 144 217 88 300 236 302 371 303 304 266 234 245 374 257 311 2 2
;
476 0 285 81 280 125 280 171 278 235 316 141 247 137 349 147 354 86
214 143 214 87 296 236 301 370 300 305 261 235 245 374 254 312 2 2
;
477 0 282 81 277 125 277 170 276 235 314 141 244 136 347 147 351 85
210 142 212 87 293 236 301 370 298 305 259 234 245 374 253 312 2 0
;
478 0 277 81 272 125 272 170 272 235 308 141 239 135 341 146 347 84
205 141 207 86 289 236 300 371 295 309 255 234 245 375 250 312 2 0
;
479 0 275 80 269 125 270 170 270 235 306 140 237 135 339 146 345 83
203 141 204 86 287 236 299 372 294 310 252 234 245 375 249 312 2 0
;
480 0 270 80 265 124 265 170 265 235 301 139 232 135 335 145 340 82
197 139 198 86 282 235 299 373 291 312 247 234 244 375 246 312 2 0
;
481 0 268 80 263 124 263 170 263 234 300 139 230 134 331 145 338 82
195 140 195 87 280 235 299 374 289 313 246 234 244 375 245 312 2 0
;
482 0 264 79 259 123 259 169 258 234 294 139 226 134 328 144 333 82
190 140 190 88 276 234 299 374 286 313 241 234 244 375 243 311 2 0
;
483 0 263 79 257 123 257 169 257 234 293 138 224 134 326 144 330 82
189 140 188 89 274 234 300 375 285 313 240 234 243 375 243 311 2 0
;
484 0 259 79 254 123 254 169 254 234 290 138 221 134 322 144 325 82
186 141 183 89 271 234 298 374 282 313 237 234 243 375 241 311 2 0
;
485 0 258 79 253 123 253 169 253 234 288 138 221 134 320 144 323 84
185 141 181 89 270 234 297 374 281 313 236 233 243 375 241 310 2 3
;
486 0 255 79 251 123 251 169 251 233 286 138 218 134 317 145 320 86
183 142 179 89 268 233 294 374 278 311 234 233 242 374 240 310 3 3
;
487 0 254 79 250 123 250 169 250 233 285 138 217 134 317 145 318 87
182 142 178 89 267 233 291 374 277 310 233 233 242 374 239 309 3 3
;
488 0 252 79 248 123 249 169 249 233 283 138 216 134 315 145 317 89
181 142 177 90 266 233 287 372 275 308 232 233 242 374 239 309 3 3
;
489 0 252 79 248 123 248 169 249 233 283 138 215 134 314 145 316 90
180 142 176 90 266 233 286 372 274 307 232 233 242 374 239 309 3 3
;
490 0 251 79 247 124 248 169 249 233 282 138 214 134 313 145 315 91
180 142 174 91 266 232 284 370 274 307 232 233 242 374 239 309 3 3
;
491 0 250 79 247 124 248 169 249 233 282 138 214 134 313 145 315 92
179 142 174 91 266 232 284 370 274 306 232 233 242 374 238 309 3 3
;
492 0 250 79 247 124 248 169 249 233 282 138 214 134 312 146 315 93
179 143 174 91 265 232 284 368 274 306 232 233 242 374 238 309 3 3
;
493 0 250 79 247 124 248 169 249 233 282 138 214 134 312 146 315 94
179 143 174 91 266 232 284 369 274 306 232 233 242 374 238 310 3 3
;
494 0 250 79 248 124 248 169 249 233 284 138 214 134 314 146 316 94
179 143 176 91 266 232 286 370 277 308 232 233 242 374 238 310 0 3
;
495 0 250 80 249 124 249 169 250 233 285 138 214 134 315 147 319 92
180 143 178 91 267 233 288 370 278 310 233 233 242 374 239 310 3 0
;
496 0 251 80 249 124 250 169 251 233 285 138 214 134 316 147 320 89
181 143 179 89 268 233 288 370 279 310 234 234 242 374 239 310 2 0
;
497 0 253 81 251 124 252 170 253 234 286 139 215 135 318 146 322 86
183 142 183 86 270 234 289 370 281 310 236 235 242 374 240 310 2 2
;
498 0 254 81 252 125 253 170 254 234 287 139 215 135 320 145 323 85
185 142 186 84 271 234 289 369 281 309 238 235 242 374 240 311 2 2
;
499 0 257 82 255 126 256 171 257 235 289 140 222 137 324 143 325 81
188 141 191 80 273 235 289 369 282 308 240 236 242 374 241 311 2 2
;
500 0 259 82 257 126 258 171 258 236 291 140 224 137 325 142 326 78
191 140 194 79 275 236 289 369 282 307 242 236 242 375 242 311 2 2
;
501 0 263 82 260 126 260 172 261 236 294 140 227 137 328 141 327 77
195 138 200 77 278 236 289 368 284 306 244 236 242 375 243 312 2 2
;
502 0 265 82 262 126 262 172 263 236 296 140 229 137 328 141 327 79
197 138 203 78 279 236 289 368 285 306 246 235 243 375 244 312 2 2
;
503 0 266 83 263 126 264 172 264 235 297 140 229 137 329 141 327 82
199 137 206 79 280 236 289 368 285 305 247 235 243 375 245 312 3 2
;
504 0 270 83 267 127 267 172 267 235 300 140 235 137 330 142 326 88
203 139 212 85 283 235 290 368 287 304 250 235 243 375 247 312 3 0
;
505 0 273 84 270 127 269 172 269 235 303 140 237 137 332 144 326 94
208 143 217 92 285 235 290 368 288 304 252 235 244 375 248 311 3 3
;
506 0 274 84 271 127 270 172 270 235 304 140 238 137 333 145 328 96
208 143 218 94 286 235 290 368 289 303 253 234 244 375 249 311 3 3
;
507 0 277 84 272 127 272 171 271 234 307 140 240 138 335 148 332 99
211 146 220 98 288 235 291 368 290 304 255 234 244 375 250 311 0 3
;
508 0 278 84 273 127 272 171 272 234 307 140 241 138 335 148 334 100
213 146 221 99 289 235 291 368 290 304 256 234 244 375 251 311 0 3
;
509 0 280 84 276 127 275 172 273 234 310 142 244 138 338 144 340 101
214 147 221 100 290 235 291 368 291 304 257 234 244 375 252 311 0 3
;
510 0 281 84 277 127 275 172 274 235 311 142 244 138 340 150 341 102
215 148 221 101 290 235 291 368 291 304 257 234 244 375 253 311 0 3
;
511 0 282 84 278 127 277 172 275 235 312 143 246 138 341 152 343 104
217 148 223 102 291 235 291 368 292 304 259 234 245 374 254 311 0 3
;
512 0 283 84 279 127 277 172 276 235 313 143 246 138 342 153 344 105
217 149 223 103 292 235 291 368 293 304 259 234 245 374 254 311 0 3
;
513 0 284 84 279 127 278 172 276 235 314 143 247 138 343 153 345 106
219 150 224 105 293 235 291 368 293 304 260 234 245 373 255 311 0 3
;
514 0 284 84 280 127 278 172 277 235 315 143 248 138 343 153 346 107
220 151 224 105 293 235 291 368 293 304 260 234 245 372 255 311 3 3
;
515 0 285 84 281 127 279 172 277 235 315 143 249 138 344 154 349 106
221 152 223 107 294 236 291 369 294 303 261 234 245 372 255 311 2 3
;
516 0 285 83 281 127 280 172 278 235 316 144 249 138 345 155 350 105
221 152 222 108 294 236 292 369 294 303 261 234 245 372 256 311 2 3
;
517 0 286 84 282 127 280 172 278 235 317 144 249 138 345 156 351 103
221 153 221 108 295 236 292 369 295 303 262 234 245 371 256 311 2 2
;
518 0 286 84 282 127 281 172 279 235 317 144 250 138 346 156 351 102
222 153 221 109 295 236 292 369 295 304 262 235 245 371 256 311 2 2
;
519 0 287 84 283 127 281 172 279 236 317 144 250 138 346 156 351 100
222 153 222 108 296 236 292 369 295 304 263 235 245 371 256 312 2 2
;
520 0 287 84 283 127 282 172 280 236 317 144 250 138 346 155 351 98
222 153 221 108 296 236 292 369 295 304 263 235 245 371 257 312 2 2
;
521 0 288 84 283 127 282 173 280 236 318 144 251 139 347 155 351 96
223 153 222 107 297 237 292 369 296 304 264 235 245 372 257 312 2 2
;
522 0 288 84 284 127 282 173 280 236 318 144 251 139 347 155 351 97
223 153 222 106 297 237 292 369 296 304 264 235 245 372 257 312 2 2
;
523 0 289 84 284 127 282 173 281 236 318 144 251 139 348 153 352 97
223 153 221 106 297 237 292 369 296 304 264 235 245 372 257 312 3 2
;
524 0 289 84 284 128 283 173 281 236 318 144 252 139 348 153 352 97
223 153 221 106 297 237 292 369 296 304 264 236 245 373 257 312 3 2
;
525 0 289 84 285 128 283 173 281 236 318 144 252 139 349 151 353 96
223 153 221 106 298 237 292 369 296 304 265 236 245 373 257 312 0 2
;
526 0 290 85 285 128 283 173 282 236 319 144 252 139 350 150 354 95
223 153 221 105 298 237 292 369 296 304 265 236 246 373 257 313 3 2
;
527 0 290 85 285 128 284 173 282 236 319 144 252 139 352 148 356 93
223 153 220 104 298 237 292 368 297 304 265 236 246 373 258 313 3 3
;
528 0 290 85 285 128 284 173 282 236 319 144 253 139 353 147 357 92
223 153 220 104 299 237 293 368 297 304 266 236 246 373 258 313 3 0
;
529 0 291 85 286 128 285 173 283 236 320 143 253 139 354 146 359 91
224 153 220 103 299 237 293 368 297 305 266 236 246 374 258 313 0 2
;
530 0 291 85 286 128 285 173 283 236 321 142 253 140 355 145 359 91
224 153 220 103 299 237 293 368 297 305 267 236 246 374 258 313 0 2
;
531 0 292 85 287 128 285 173 284 236 322 142 254 140 356 145 360 91
224 152 220 103 300 237 293 369 298 305 267 236 246 374 259 313 0 3
;
532 0 292 85 287 128 286 173 284 236 322 142 255 140 357 144 361 92
225 152 221 103 301 237 293 369 298 304 268 235 246 374 259 313 0 0
;
533 0 293 86 289 128 287 173 285 236 324 142 256 140 358 144 363 91
226 152 221 103 302 237 293 369 299 305 269 235 245 374 260 313 0 2
;
534 0 293 86 289 128 288 173 286 236 324 142 256 141 359 144 363 91
226 152 222 103 302 237 293 370 299 305 269 235 246 374 260 313 0 2
;
535 0 294 86 290 129 289 173 287 236 325 142 257 141 360 144 363 92
227 152 222 103 304 237 293 370 300 305 271 235 246 374 262 313 0 2
;
536 0 294 86 290 129 289 173 287 236 325 142 257 141 360 144 364 92
227 153 223 103 304 237 293 370 300 305 271 235 246 374 262 313 0 2
;
537 0 295 87 291 129 290 173 288 236 326 142 258 141 361 145 364 91
227 153 223 104 305 237 293 370 301 305 272 235 246 374 263 313 3 2
;
538 0 296 87 292 129 290 173 289 236 326 143 258 142 361 146 364 91
228 153 223 104 305 237 293 370 301 305 272 236 246 375 264 312 2 2
;
539 0 296 87 292 130 291 173 289 236 327 144 259 142 362 147 364 90
229 153 224 104 306 237 294 370 301 305 273 236 246 375 264 312 2 2
;
540 0 297 87 293 130 291 173 290 236 327 144 259 142 362 148 364 91
229 154 224 104 306 237 294 370 301 305 273 236 246 375 264 312 2 2
;
541 0 297 88 293 130 292 174 290 236 327 145 260 142 362 148 365 90
230 154 225 104 307 237 294 370 302 305 274 236 247 374 265 312 2 2
;
542 0 297 88 293 130 292 174 291 236 328 145 260 142 362 148 365 88
230 153 225 104 307 237 294 370 302 305 274 236 247 374 265 312 2 2
;
543 0 298 88 294 130 293 174 291 236 328 145 260 142 363 148 366 86
230 153 226 103 308 237 294 370 302 305 275 236 248 374 266 312 2 2
;
544 0 298 88 294 130 293 174 291 236 328 145 260 142 363 147 367 86
231 153 227 103 308 237 294 370 302 305 275 236 248 374 266 312 2 2
;
545 0 298 88 294 130 293 174 291 236 328 144 261 142 363 147 368 87
232 152 228 102 308 237 294 369 302 305 275 235 248 374 266 312 0 2
;
546 0 298 88 294 130 293 174 292 236 329 144 261 142 364 147 368 88
232 151 228 101 308 237 294 369 302 305 275 235 248 374 266 312 3 2
;
547 0 299 88 295 130 293 173 291 236 329 144 261 141 364 146 369 90
233 151 229 101 308 237 294 370 302 305 275 235 248 374 266 312 0 2
;
548 0 299 88 295 130 293 173 291 235 329 143 262 141 364 146 369 91
233 151 230 100 308 236 294 370 302 305 275 235 248 374 265 312 0 2
;
549 0 299 87 296 130 294 173 291 235 330 143 262 141 365 145 369 95
234 150 230 99 308 236 294 369 302 304 275 234 247 374 265 311 0 2
;
550 0 299 87 296 129 294 173 291 235 330 143 262 141 366 145 369 97
234 150 230 99 308 236 294 368 302 304 275 234 247 374 265 310 3 2
;
551 0 300 87 296 129 294 173 291 234 330 142 263 141 366 145 370 99
234 149 229 99 308 235 294 369 302 304 275 233 247 374 265 310 0 2
;
552 0 300 87 297 129 294 173 291 234 331 142 264 141 366 145 371 99
235 149 228 99 307 235 294 369 302 304 275 233 247 374 264 309 0 2
;
553 0 300 87 297 129 294 172 291 234 331 142 264 141 366 145 371 99
235 148 228 99 307 235 294 369 302 303 275 233 248 374 264 309 0 2
;
554 0 301 87 297 129 294 172 290 234 331 142 264 141 367 145 370 99
234 148 228 99 307 235 294 369 302 303 274 233 249 375 264 310 0 2
;
555 0 301 87 297 129 295 172 291 234 331 142 264 141 367 146 370 98
234 148 228 99 307 235 294 369 302 303 274 233 249 375 264 309 0 2
;
556 0 301 87 298 129 295 172 290 234 331 142 264 140 366 146 367 99
235 148 230 99 307 235 294 369 302 303 274 233 250 375 264 309 0 2
;
557 0 301 87 298 129 295 172 290 234 331 142 264 140 366 146 366 99
235 148 231 100 307 235 294 369 302 303 274 233 251 376 264 309 0 2
;
558 0 301 87 298 129 294 172 290 234 331 142 264 140 365 148 362 99
235 148 232 101 306 235 294 369 301 303 274 233 251 376 264 310 3 3
;
559 0 301 87 298 129 294 172 290 234 331 142 265 140 364 149 360 99
235 148 233 101 306 235 294 368 301 303 274 233 251 376 264 310 2 3
;
560 0 301 87 298 129 294 173 289 234 331 143 265 140 361 151 356 99
235 147 234 100 305 235 294 369 301 303 273 233 251 376 264 310 2 3
;
561 0 301 87 298 129 294 173 289 234 331 143 265 140 360 152 355 98
235 147 235 99 305 235 294 369 301 303 273 233 251 376 264 310 2 0
;
562 0 301 87 298 129 294 173 288 234 330 143 265 140 358 152 353 96
235 147 237 97 304 235 293 369 300 303 272 233 249 375 263 310 2 0
;
563 0 301 87 297 129 293 173 288 234 330 143 264 139 357 152 352 95
235 142 237 97 304 235 293 369 300 303 272 233 248 374 263 309 2 0
;
564 0 301 87 296 129 292 173 287 234 329 143 263 140 355 151 351 94
234 143 237 97 303 235 293 369 300 302 271 233 245 373 261 309 2 3
;
565 0 301 87 296 129 292 173 287 234 328 143 262 140 355 151 351 94
234 141 237 98 303 235 293 369 299 302 270 233 244 373 260 309 2 3
;
566 0 299 87 294 129 291 172 286 234 327 143 261 140 352 153 351 103
233 146 235 103 302 235 293 369 299 302 270 233 242 372 259 309 2 3
;
567 0 298 87 293 129 290 172 285 234 327 144 261 140 349 164 350 116
232 149 234 108 302 235 293 368 299 302 269 233 242 371 259 309 2 3
;
568 0 296 86 290 128 287 172 283 234 324 143 259 139 340 172 346 144
230 157 230 125 300 235 293 368 298 302 267 233 242 371 257 309 3 3
;
569 0 295 86 289 128 287 172 283 234 322 142 258 139 336 178 343 162
229 164 227 136 299 235 293 368 297 303 266 232 242 371 257 309 3 3
;
570 0 292 86 287 128 284 172 280 234 321 141 254 138 339 172 334 189
237 175 224 162 297 235 293 368 296 304 264 232 243 371 256 309 0 0
;
571 0 291 85 286 128 283 172 280 234 320 141 253 138 333 180 331 201
235 169 223 175 296 235 293 369 296 304 264 232 244 371 256 309 0 0
;
572 0 289 85 283 127 281 172 278 234 316 142 250 137 326 180 325 217
228 169 227 198 294 235 292 369 294 305 262 233 244 373 255 311 3 3
;
573 0 288 84 282 127 280 171 277 233 315 142 249 137 324 181 320 221
233 177 229 205 293 234 292 369 294 305 261 232 245 373 254 311 3 0
;
574 0 286 83 280 126 278 171 275 233 314 141 247 136 321 181 314 223
233 177 235 213 291 234 291 369 292 305 259 232 245 374 253 311 0 0
;
575 0 285 83 279 126 277 171 274 233 313 141 246 135 319 181 313 222
233 178 237 214 290 234 291 369 292 305 258 232 245 374 253 311 0 0
;
576 0 283 82 278 126 276 171 273 233 312 140 244 135 318 181 311 220
231 178 238 215 289 234 291 368 291 305 257 232 245 374 252 311 1 0
;
577 0 282 82 277 126 275 171 272 233 311 140 243 135 318 180 309 218
231 178 237 215 288 234 291 368 291 305 256 232 245 374 251 311 1 0
;
578 0 281 81 275 126 274 171 272 233 310 140 242 135 318 179 310 210
229 177 232 209 287 234 290 368 290 305 256 232 245 374 251 311 0 0
;
579 0 280 81 275 126 273 171 271 233 310 140 241 136 318 177 313 201
228 176 228 203 287 234 290 368 290 305 255 232 245 374 251 311 0 0
;
580 0 278 81 274 126 272 171 271 234 308 141 240 136 326 172 319 182
226 173 222 187 287 234 290 368 290 306 255 233 245 374 250 312 0 2
;
581 0 278 81 273 126 272 171 271 234 307 140 239 136 318 186 323 168
225 170 219 177 287 234 290 368 290 306 255 233 245 374 250 312 0 0
;
582 0 277 82 273 127 272 172 270 234 305 140 239 137 321 172 326 142
225 179 215 158 287 235 290 368 290 306 254 234 245 374 250 312 0 3
;
583 0 276 82 272 127 272 172 270 234 305 140 239 137 322 175 326 134
221 177 215 147 286 235 290 368 290 305 254 234 245 374 250 312 2 3
;
584 0 276 82 272 127 271 172 270 234 305 140 239 137 322 175 325 125
218 173 214 138 286 235 290 368 290 305 254 234 245 374 250 312 2 3
;
585 0 275 82 272 127 271 172 270 234 305 140 239 137 326 157 325 112
222 173 216 121 286 235 290 367 290 305 254 234 245 374 250 312 2 3
;
586 0 275 82 272 127 271 172 270 235 305 140 239 137 328 161 325 106
216 155 217 112 287 235 290 367 290 304 254 234 245 374 250 312 2 2
;
587 0 274 82 272 127 271 172 270 235 305 140 239 138 328 160 326 103
216 156 218 108 287 235 290 367 290 304 254 235 245 374 250 312 2 2
;
588 0 274 83 272 127 271 172 270 235 305 140 239 138 330 157 329 99
216 156 219 103 287 235 290 367 290 303 254 235 245 374 250 312 2 2
;
589 0 274 83 272 127 272 172 271 235 305 140 239 138 330 156 331 97
216 155 220 102 287 236 290 367 290 303 254 235 245 374 250 311 3 2
;
590 0 274 83 272 127 272 172 271 235 305 140 239 139 331 153 332 96
216 153 221 99 287 236 290 367 290 303 254 235 245 374 251 311 3 0
;
591 0 274 83 272 127 272 172 271 235 305 140 239 138 332 153 333 96
215 152 222 98 287 236 290 367 290 303 254 235 245 374 251 311 3 0
;
592 0 275 83 272 127 272 172 271 236 306 141 239 138 333 151 334 95
217 141 223 97 287 236 290 367 290 303 254 235 245 374 251 311 3 0
;
593 0 275 83 273 127 272 172 271 236 306 141 240 138 334 150 335 95
217 141 223 96 287 236 290 367 290 303 254 235 245 374 251 311 0 0
;
594 0 275 83 273 127 272 172 271 236 307 141 240 138 335 149 339 94
215 145 222 95 287 236 290 366 290 303 254 235 245 374 251 311 3 0
;
595 0 275 83 273 127 272 172 271 236 308 142 240 138 336 149 340 94
214 146 222 95 287 236 290 366 290 303 254 235 245 374 251 311 3 0
;
596 0 276 83 273 127 272 172 271 236 308 142 240 138 337 149 341 93
214 146 223 95 288 236 290 366 290 303 255 235 245 374 251 311 3 3
;
597 0 276 83 273 127 272 172 271 236 308 142 240 138 337 149 341 94
216 140 223 95 288 236 290 366 290 303 255 235 245 374 251 311 3 3
;
598 0 276 83 274 127 273 172 271 236 309 142 240 138 338 149 341 94
216 140 224 95 288 236 290 366 290 303 255 235 245 374 251 311 3 0
;
599 0 276 83 274 127 273 172 272 236 309 142 241 138 338 149 341 94
217 139 224 95 288 236 290 367 290 303 255 235 245 374 251 311 3 3
;
600 0 277 83 274 127 273 172 272 236 309 142 241 138 338 149 342 94
217 139 224 95 288 236 291 366 290 303 255 235 245 374 251 311 0 3
;
601 0 277 83 274 127 273 172 272 236 309 142 241 138 338 149 342 93
217 139 224 95 289 236 291 366 290 303 255 235 245 374 252 311 3 3
;
602 0 277 83 274 127 273 172 272 236 309 142 241 138 338 149 342 92
217 139 224 95 289 236 291 367 290 303 256 235 245 374 252 311 3 3
;
603 0 278 83 274 127 273 172 272 236 309 142 242 138 338 148 342 92
217 139 224 95 289 236 291 366 291 303 256 235 245 374 252 311 3 3
;
604 0 278 83 275 127 274 172 273 236 309 142 241 138 339 149 342 90
217 139 224 95 289 236 291 367 291 303 256 235 245 374 252 311 2 2
;
605 0 278 83 275 127 274 172 273 236 309 142 242 138 339 149 341 90
217 138 224 96 289 236 291 367 291 303 256 235 245 374 252 311 2 2
;
606 0 278 83 275 127 274 172 273 236 309 142 241 138 339 149 340 90
218 137 224 95 289 236 291 367 291 303 256 235 245 374 252 311 2 3
;
607 0 278 83 275 127 274 172 273 236 309 142 242 138 340 149 340 90
218 139 224 95 289 236 291 367 291 303 256 235 245 374 252 311 2 2
;
608 0 278 83 275 127 274 172 273 236 309 142 242 138 340 149 342 89
218 138 223 95 290 236 291 367 291 303 256 235 246 375 252 311 2 0
;
609 0 278 83 275 127 274 172 273 236 309 142 242 138 340 149 343 89
218 138 224 95 290 236 291 367 291 303 256 235 246 375 252 311 2 0
;
610 0 279 83 275 127 274 172 273 236 309 142 241 138 341 149 343 88
218 138 224 94 290 236 291 367 291 303 257 235 246 375 252 311 2 0
;
611 0 279 83 275 127 274 172 273 236 310 142 242 137 341 147 341 85
218 138 224 93 290 236 291 367 291 303 257 235 246 375 252 311 3 0
;
612 0 279 83 276 126 274 172 273 236 310 142 242 138 343 145 341 84
218 138 225 93 290 236 291 367 291 303 257 235 246 375 252 311 3 0
;
613 0 279 83 276 126 275 172 274 236 310 142 242 138 342 144 340 83
218 138 224 93 290 237 291 367 291 303 257 235 246 375 252 311 3 0
;
614 0 279 84 276 126 275 172 274 236 311 142 242 138 342 142 338 82
218 137 224 93 290 237 291 367 291 303 257 235 246 375 252 311 3 0
;
615 0 279 84 276 126 275 172 274 236 311 142 243 138 342 142 338 82
217 137 224 93 291 237 291 368 291 303 257 235 246 375 252 311 3 0
;
616 0 280 84 276 126 275 172 274 236 311 141 243 138 342 141 338 81
217 137 223 92 291 237 291 368 292 303 257 235 246 375 252 311 3 2
;
617 0 280 84 276 126 275 172 274 236 311 141 243 138 342 140 339 81
217 138 223 92 291 237 291 368 292 303 257 236 246 375 252 311 3 2
;
618 0 280 84 276 126 275 172 274 236 311 141 243 138 342 140 339 81
217 137 223 91 291 237 291 368 292 303 258 236 246 375 253 311 0 0
;
619 0 280 84 276 127 275 172 274 236 311 141 243 138 342 139 339 81
217 137 223 90 291 237 291 368 292 303 258 236 246 375 253 311 3 0
;
620 0 280 84 276 127 275 172 274 236 311 141 243 138 342 139 339 80
217 136 223 90 291 237 291 368 292 304 258 236 246 375 253 311 3 0
;
621 0 280 84 277 127 276 172 274 236 312 141 243 138 343 139 339 79
217 136 223 89 291 237 291 368 292 304 258 236 246 375 253 311 3 2
;
622 0 280 84 277 127 276 172 275 236 312 141 243 138 343 139 339 78
217 136 224 89 291 237 291 368 292 304 258 236 246 375 253 311 2 2
;
623 0 280 84 277 127 276 172 275 236 312 141 243 138 343 139 338 77
217 136 225 89 291 237 291 368 292 304 258 236 246 375 253 311 2 2
;
