0 0 220 188 212 205 210 229 208 263 222 210 210 209 224 233 220 255
214 232 222 261 211 264 209 337 213 304 205 261 197 328 199 294 1 1
;
1 0 220 188 212 205 210 229 208 263 222 210 210 209 224 233 220 255
214 232 222 261 211 264 209 337 213 304 205 261 197 328 199 294 1 1
;
2 0 220 190 213 206 211 229 209 263 223 211 211 209 224 234 223 252
217 231 229 258 211 264 209 335 214 303 206 262 197 328 203 295 1 1
;
3 0 220 189 214 206 212 230 209 263 223 211 211 210 225 234 217 257
219 232 234 257 211 264 209 335 215 303 206 262 199 329 206 298 1 1
;
4 0 219 190 214 206 212 230 209 263 223 212 211 210 225 234 236 257
221 234 236 256 211 264 211 334 214 301 207 263 199 328 199 298 1 1
;
5 0 220 190 214 207 212 230 208 264 224 212 212 210 225 234 238 252
222 234 239 253 211 264 211 340 214 300 206 263 199 330 200 299 1 1
;
6 0 221 191 214 207 212 230 208 264 224 212 213 210 225 235 239 258
223 234 239 251 210 264 212 341 214 300 206 263 199 330 200 300 1 1
;
7 0 222 192 215 207 213 231 209 264 225 212 214 211 226 235 241 251
224 234 241 251 211 264 217 330 219 299 206 264 200 331 201 300 1 1
;
8 0 222 191 216 207 213 231 210 264 225 212 214 211 227 235 240 251
223 232 241 252 212 264 218 330 220 299 207 264 200 330 201 300 1 1
;
9 0 224 192 217 208 214 231 211 264 226 213 215 211 228 235 239 253
223 232 241 253 213 264 221 331 221 301 208 264 201 330 202 300 1 1
;
10 0 224 192 217 208 215 231 211 264 227 213 216 211 228 235 239 253
223 232 237 252 214 264 223 330 222 301 209 264 201 329 202 299 1 1
;
11 0 226 193 218 208 216 231 213 264 228 213 217 211 229 235 235 254
224 233 237 255 216 264 225 328 222 300 210 264 202 329 204 300 1 1
;
12 0 226 193 218 208 216 231 213 264 228 213 217 211 229 235 235 254
224 233 237 255 216 264 225 328 222 300 210 264 202 329 204 300 1 1
;
13 0 227 192 220 208 219 232 217 264 229 213 219 212 231 235 235 255
227 235 237 257 219 264 225 327 224 296 214 264 204 327 209 299 1 1
;
14 0 229 193 221 209 219 232 217 264 230 213 220 212 231 235 235 255
228 235 238 257 219 264 226 327 228 297 214 264 207 326 211 295 1 1
;
15 0 230 194 222 209 222 232 222 264 231 214 221 212 232 236 240 257
229 235 241 258 224 264 226 327 228 298 219 264 212 322 214 292 1 1
;
16 0 230 194 223 209 222 232 222 264 231 214 221 212 233 236 242 256
230 235 243 258 225 264 226 327 229 298 219 264 211 321 214 293 1 1
;
17 0 231 194 224 209 224 232 224 263 232 214 221 212 234 236 245 255
230 235 246 256 227 263 226 327 229 296 221 263 212 320 216 288 1 1
;
18 0 232 194 224 209 224 231 224 263 233 214 221 212 234 236 246 255
230 235 247 255 227 263 226 327 229 297 222 263 213 319 216 291 1 1
;
19 0 233 194 225 209 225 231 225 263 233 214 222 212 235 235 247 256
230 235 248 255 228 263 226 327 229 296 223 262 213 321 218 291 1 1
;
20 0 233 195 225 209 225 231 226 263 233 214 222 212 235 236 246 256
230 235 247 254 228 263 226 327 229 296 223 263 214 321 217 291 1 1
;
21 0 233 196 225 209 225 232 225 264 233 214 223 212 235 236 246 258
230 235 246 255 228 264 226 327 229 297 223 263 214 317 216 290 1 1
;
22 0 233 196 225 209 225 232 225 264 233 214 223 213 235 236 246 258
230 235 246 256 228 264 226 327 229 296 223 264 214 317 216 290 1 1
;
23 0 233 197 225 210 225 232 225 264 233 215 223 213 235 236 244 261
229 234 244 258 227 264 226 327 229 295 222 264 213 317 216 290 1 1
;
24 0 233 197 224 210 224 232 224 264 233 215 223 212 234 236 246 264
229 234 243 259 226 264 226 327 229 295 221 264 212 321 216 288 1 1
;
25 0 232 196 224 210 224 232 224 263 233 214 222 212 234 236 245 261
228 235 241 261 226 264 226 326 229 293 221 263 210 321 214 289 1 1
;
26 0 232 196 224 210 224 232 224 263 233 215 222 213 234 236 245 261
227 234 240 260 226 264 226 326 228 293 221 263 209 320 214 289 1 1
;
27 0 231 196 224 210 224 233 223 264 232 215 221 213 233 237 230 245
225 234 238 259 226 264 226 327 229 297 221 263 206 322 213 289 1 1
;
28 0 230 197 223 211 222 233 222 264 231 216 220 214 233 237 229 245
224 234 237 259 225 265 226 327 227 293 219 264 202 327 210 291 1 1
;
29 0 228 198 221 213 221 235 220 265 229 217 218 216 231 239 229 249
222 235 235 259 223 265 225 330 226 301 218 265 202 323 209 293 1 1
;
30 0 226 199 219 213 219 235 219 266 228 218 216 216 229 239 229 249
220 235 234 258 221 266 225 330 226 301 216 266 202 323 208 294 1 1
;
31 0 224 200 217 214 217 236 216 266 226 218 215 217 227 240 226 250
217 236 232 259 219 267 224 327 224 294 213 266 202 323 210 291 1 1
;
32 0 223 200 216 214 216 236 216 266 224 219 214 217 226 240 224 249
216 236 230 259 219 266 224 328 223 300 213 266 202 319 206 283 1 1
;
33 0 221 201 214 215 213 236 212 267 222 219 211 218 223 240 224 256
214 237 226 260 215 267 224 326 222 296 210 266 199 324 204 295 1 1
;
34 0 221 201 213 215 213 236 212 266 222 219 211 218 223 240 222 256
213 237 224 261 214 267 224 325 222 297 209 265 199 323 203 294 1 1
;
35 0 221 201 213 215 213 236 212 266 222 219 211 218 223 240 222 256
213 237 224 261 214 267 224 325 222 297 209 265 199 323 203 294 1 1
;
36 0 218 202 211 215 211 237 210 267 219 219 209 219 220 240 219 255
211 238 221 262 212 267 224 321 224 295 207 267 197 325 200 299 1 1
;
37 0 218 202 211 216 210 237 210 267 219 220 208 219 220 240 219 259
211 238 220 263 212 267 219 323 224 297 207 267 197 321 200 294 1 1
;
38 0 217 202 210 216 210 237 210 267 218 220 208 219 219 240 220 260
211 239 220 263 212 267 217 322 225 296 207 267 197 320 201 294 1 1
;
39 0 216 202 210 216 210 237 210 267 218 220 208 219 219 240 221 260
211 238 222 262 212 267 217 316 223 291 208 267 197 320 200 294 1 1
;
40 0 216 203 210 217 210 238 211 267 218 221 208 220 219 241 224 262
213 239 224 261 213 267 215 318 222 294 208 267 197 321 200 293 1 1
;
41 0 217 204 210 218 210 239 211 268 218 222 208 221 219 242 225 260
214 241 225 262 213 267 216 316 222 293 209 269 197 320 200 294 1 1
;
42 0 208 222 207 240 208 257 210 279 215 245 204 246 215 267 213 288
222 242 227 264 213 279 221 321 224 299 208 280 197 320 195 302 1 0
;
43 0 208 222 207 241 209 257 211 280 215 245 205 246 216 267 214 288
222 242 228 264 213 279 220 321 221 299 208 280 192 328 195 302 0 0
;
44 0 211 225 211 243 210 261 209 284 220 248 210 248 221 269 229 265
227 244 230 265 211 285 228 318 226 296 206 284 191 330 194 304 0 1
;
45 0 216 227 214 245 212 262 211 286 222 249 205 248 226 247 231 270
220 242 220 262 218 286 221 306 217 292 204 285 195 326 198 300 0 0
;
46 0 216 267 211 279 210 294 210 313 219 283 201 279 222 284 233 260
200 300 200 322 214 314 220 344 216 330 205 313 194 330 197 304 1 0
;
47 0 213 268 205 280 204 297 203 319 213 284 196 279 217 284 235 262
194 301 198 324 208 320 214 344 210 331 198 319 200 329 193 306 0 0
;
48 0 202 301 -2.14748e+009 -2.14748e+009 202 313 202 313 -2.14748e+009
-2.14748e+009 -2.14748e+009 -2.14748e+009 203 326 214 313 202 326 207
335 199 319 210 352 201 319 208 302 222 353 206 302 1 0;
49 0 205 307 -2.14748e+009 -2.14748e+009 202 306 202 306 -2.14748e+009
-2.14748e+009 -2.14748e+009 -2.14748e+009 206 309 217 297 202 309 202
317 202 306 216 357 202 308 202 306 231 404 204 310 1 1;
