0 0 180 121 203 174 219 226 238 290 230 182 178 185 221 242 174 312
186 236 174 298 248 289 293 435 272 365 227 290 230 444 224 355 1 1
;
1 0 180 121 203 174 219 226 238 290 230 182 178 185 221 242 174 312
186 236 175 298 248 289 293 435 271 365 227 290 230 444 224 355 1 1
;
2 0 181 121 203 174 219 226 238 289 230 182 178 185 221 241 177 309
186 236 171 305 248 289 293 435 271 365 227 290 230 444 224 355 1 1
;
3 0 181 121 203 174 219 226 238 289 231 182 178 185 221 241 174 311
186 236 175 299 248 289 293 435 271 365 227 290 230 444 224 355 1 1
;
4 0 182 121 204 174 219 226 238 289 231 182 178 185 222 241 174 312
186 236 174 299 249 288 292 435 273 364 228 290 230 444 224 355 1 1
;
5 0 183 120 205 173 220 225 238 289 232 181 178 185 222 240 174 312
186 236 175 298 249 288 296 435 266 361 228 289 229 444 224 355 1 1
;
6 0 186 119 207 172 221 224 239 287 234 180 179 184 226 238 180 308
186 235 171 323 250 286 295 430 267 360 228 288 229 443 224 355 1 1
;
7 0 189 118 209 171 222 223 239 287 236 179 180 183 230 237 181 310
186 234 177 290 251 286 295 425 266 360 228 288 229 442 224 354 0 1
;
8 0 196 116 213 169 226 221 241 285 241 176 183 182 244 231 197 303
187 232 177 291 254 283 289 408 271 356 229 286 229 440 224 352 0 0
;
9 0 200 115 216 168 228 220 243 283 244 175 183 182 246 231 205 303
187 232 176 292 256 281 289 408 273 355 230 285 228 439 225 350 0 0
;
10 0 209 112 222 166 233 217 246 281 251 174 187 178 259 231 224 302
188 228 177 291 260 279 289 406 277 352 233 283 227 438 225 351 0 0
;
11 0 213 112 225 165 235 216 247 280 255 173 188 177 267 229 236 301
189 228 177 290 262 278 288 406 278 350 233 282 228 436 225 348 0 0
;
12 0 224 110 233 164 240 215 249 279 264 171 200 171 281 222 259 298
192 221 179 285 265 278 285 406 280 348 235 280 227 434 226 347 0 0
;
13 0 229 110 237 163 243 214 250 279 269 171 202 171 286 221 270 297
194 221 178 286 266 278 285 405 280 348 235 279 227 433 226 347 0 0
;
14 0 240 110 246 162 249 213 252 278 279 170 209 170 297 220 288 297
200 219 179 284 268 278 284 405 282 348 237 277 226 432 228 347 0 0
;
15 0 246 110 251 162 253 212 256 276 284 170 213 168 302 221 297 294
203 217 181 283 272 276 284 404 283 346 241 276 226 431 230 347 0 0
;
16 0 255 110 258 161 260 211 262 274 292 171 220 167 310 221 312 294
209 215 188 280 278 274 285 404 286 343 247 274 225 429 233 346 0 0
;
17 0 259 110 262 161 262 210 264 273 296 171 223 166 314 220 319 292
213 214 193 277 279 273 285 403 288 342 249 273 225 429 234 345 0 4
;
18 0 265 109 266 160 266 209 266 272 301 170 228 165 319 218 327 289
219 213 203 277 281 272 285 403 289 341 251 272 231 425 236 344 0 4
;
19 0 268 108 268 160 267 208 267 271 303 169 231 164 321 217 330 287
221 212 209 277 282 272 285 403 289 340 252 271 237 407 238 344 0 4
;
20 0 272 108 271 159 269 208 268 270 306 169 234 163 324 216 333 284
226 212 218 278 284 271 285 403 290 340 253 270 247 406 243 342 0 0
;
21 0 273 108 272 159 270 207 269 270 308 169 235 163 325 215 333 283
228 212 221 278 284 271 285 403 290 340 253 270 248 406 246 342 0 1
;
22 0 276 108 273 158 272 207 270 270 310 169 236 164 325 215 333 282
230 213 228 278 285 271 285 403 290 341 254 270 249 406 249 342 0 1
;
23 0 277 108 274 158 272 207 270 270 311 169 237 164 324 215 333 282
231 213 230 277 286 271 285 403 290 341 255 270 249 406 250 341 0 1
;
24 0 279 108 275 158 274 206 271 270 312 169 239 164 323 215 331 281
232 213 233 276 287 271 285 403 291 342 256 269 249 406 250 341 4 1
;
25 0 280 108 276 158 274 206 272 270 313 169 240 164 323 215 330 281
232 213 233 275 287 270 285 403 291 342 256 269 249 405 250 341 4 1
;
26 0 282 108 278 158 276 206 273 270 314 169 241 163 323 216 328 281
233 213 231 276 288 270 286 404 291 342 257 269 249 405 250 341 4 1
;
27 0 284 108 280 158 277 206 274 270 316 170 243 163 323 216 328 281
234 212 230 276 290 270 285 404 292 342 259 269 249 405 250 340 0 1
;
28 0 285 108 281 158 278 206 275 270 317 170 244 163 324 216 329 281
234 212 229 276 291 270 285 404 292 342 259 269 249 405 250 340 0 1
;
29 0 287 108 282 158 279 206 276 270 319 170 246 163 324 216 331 281
234 212 229 276 291 270 285 404 292 342 260 269 249 405 251 340 0 1
;
30 0 288 108 283 158 280 206 276 270 319 170 245 163 325 216 332 281
235 212 229 275 292 270 285 404 292 343 261 269 249 405 251 340 0 1
;
31 0 289 108 284 158 281 206 277 269 320 169 248 162 327 216 335 280
235 211 229 274 292 270 285 404 293 342 261 269 249 405 251 340 4 1
;
32 0 291 108 285 158 282 206 278 269 321 169 250 162 330 215 346 279
235 209 221 268 293 270 286 404 293 343 262 269 249 404 252 340 4 1
;
33 0 293 109 287 158 283 205 279 269 323 169 252 161 336 213 361 274
232 205 203 262 294 270 286 404 294 344 264 268 250 405 253 341 4 4
;
34 0 294 109 288 158 284 205 279 269 324 169 253 161 339 212 368 271
231 203 196 257 295 270 286 404 294 344 264 268 250 405 254 341 4 0
;
35 0 296 109 290 158 286 205 281 268 325 169 255 160 345 211 380 266
228 198 185 247 297 269 286 404 296 343 266 267 250 405 256 340 0 2
;
36 0 296 109 291 158 287 205 282 268 326 169 256 160 347 211 385 264
228 196 183 243 297 269 286 405 296 343 266 266 250 407 256 340 4 2
;
37 0 297 110 292 158 288 205 283 267 327 169 257 160 350 211 389 263
228 194 182 238 298 269 286 404 296 342 267 265 253 401 255 336 0 2
;
38 0 297 110 292 158 288 205 283 267 328 170 258 161 351 211 390 264
228 194 183 238 298 269 286 404 296 342 267 264 256 397 255 332 0 0
;
39 0 298 110 293 158 288 205 283 267 328 171 258 161 351 212 386 266
230 194 188 240 299 269 286 404 296 340 268 264 259 380 255 318 4 0
;
40 0 298 110 293 159 289 205 284 266 328 171 258 161 351 213 384 269
232 195 191 242 300 269 286 404 296 340 268 264 260 371 255 304 4 0
;
41 0 297 110 293 159 290 205 288 267 326 171 258 161 349 213 378 274
234 196 198 247 304 269 286 404 295 339 272 266 261 345 252 274 4 2
;
42 0 297 110 293 159 290 205 288 267 325 170 258 161 348 214 376 276
235 197 201 248 304 268 286 404 295 338 273 266 264 336 253 256 4 0
;
43 0 297 110 293 159 291 205 289 267 324 170 258 161 346 214 371 279
237 199 206 252 305 268 286 404 295 338 273 266 262 339 253 267 4 0
;
44 0 297 110 293 159 291 205 289 267 325 170 258 162 346 215 370 279
238 200 208 254 305 268 286 404 295 338 273 266 261 343 253 271 4 0
;
45 0 297 110 293 159 291 205 288 267 325 170 258 162 345 215 368 279
239 201 210 256 304 268 286 404 295 338 271 265 256 371 253 303 4 2
;
46 0 296 111 293 159 290 205 287 266 326 170 258 162 345 215 368 279
239 202 211 257 303 268 286 404 295 338 270 264 255 372 253 307 4 0
;
47 0 296 111 293 158 290 205 286 266 326 170 258 162 344 215 368 278
240 202 212 259 302 268 286 404 295 338 269 264 254 383 256 324 4 0
;
48 0 296 110 293 158 290 205 286 266 326 170 257 162 344 215 368 278
240 203 212 259 302 268 286 404 295 339 269 264 253 390 257 327 4 0
;
49 0 295 110 292 158 289 205 285 266 325 170 257 162 343 215 367 278
239 203 212 261 301 269 286 405 296 340 269 264 253 399 258 335 4 0
;
50 0 295 110 292 158 289 205 285 267 325 170 257 162 343 215 367 278
239 204 212 262 301 269 286 405 296 341 269 264 253 400 260 339 4 0
;
51 0 294 110 291 158 288 205 285 267 324 170 255 163 342 214 365 277
238 205 212 264 301 269 286 405 297 342 268 265 256 408 261 342 4 0
;
52 0 293 110 290 158 288 205 284 267 324 170 254 163 342 214 364 277
238 205 211 265 301 269 286 405 298 342 268 265 258 409 260 344 4 0
;
53 0 291 109 289 158 287 205 284 267 323 169 252 163 340 214 361 276
236 206 211 267 300 269 285 406 298 342 268 266 259 407 261 344 4 0
;
54 0 290 109 288 157 286 205 284 268 322 169 251 163 339 214 360 276
236 207 210 268 300 269 285 406 298 342 267 267 262 405 261 343 4 0
;
55 0 287 109 285 157 284 205 282 268 320 168 249 163 337 213 358 276
234 207 209 269 298 269 285 406 298 342 266 267 263 405 261 343 4 0
;
56 0 286 109 284 157 283 205 281 268 319 168 248 163 336 213 357 276
233 208 208 270 297 269 285 406 298 342 265 268 263 404 261 342 4 0
;
57 0 282 109 282 157 281 205 280 269 316 168 246 163 333 213 355 276
231 209 207 271 296 269 284 406 297 342 264 268 263 405 260 342 4 0
;
58 0 281 109 280 157 280 205 279 269 315 168 244 164 332 212 353 276
231 209 207 271 295 269 284 406 296 342 263 268 263 404 260 342 4 0
;
59 0 277 109 278 157 278 205 278 269 312 167 242 164 330 212 351 276
229 210 206 272 294 269 284 406 296 342 262 268 264 405 259 342 4 0
;
60 0 276 109 276 157 277 205 277 269 311 167 240 164 329 212 351 276
228 210 205 273 293 269 284 406 295 342 261 269 264 405 259 342 4 0
;
61 0 273 109 275 157 275 205 275 269 309 167 238 164 327 212 349 276
227 210 204 273 291 269 284 406 294 343 259 269 264 405 258 343 4 0
;
62 0 272 109 274 157 274 205 274 269 308 167 237 165 326 212 348 276
226 211 204 273 290 269 284 406 294 343 259 269 264 405 258 342 4 0
;
63 0 270 109 272 157 273 205 273 269 306 167 235 165 324 212 347 275
225 211 203 273 289 269 284 406 293 343 257 269 264 405 257 342 4 0
;
64 0 269 109 271 157 272 205 273 269 305 167 235 165 324 212 347 275
224 211 202 273 289 269 284 406 293 344 257 269 263 405 257 342 4 0
;
65 0 267 109 270 157 271 205 272 269 304 167 233 165 322 212 346 275
223 211 201 273 288 269 284 406 293 343 256 269 263 405 256 342 4 0
;
66 0 267 109 270 157 270 205 271 269 304 167 233 165 322 211 346 274
223 211 201 273 287 269 284 406 293 343 256 269 263 405 256 342 4 0
;
67 0 266 109 269 157 270 205 271 269 303 166 232 165 321 211 346 274
222 211 200 274 287 269 284 406 292 343 255 269 262 405 255 342 4 0
;
68 0 265 109 269 157 269 205 271 269 302 166 232 165 321 211 346 274
222 211 200 274 286 269 284 407 292 343 255 269 262 405 255 342 4 0
;
69 0 265 109 268 157 269 205 270 269 302 166 231 165 321 211 346 273
221 211 200 274 286 269 284 407 292 343 255 269 262 405 255 342 4 0
;
70 0 264 109 268 157 269 205 270 269 302 166 231 165 321 211 346 274
221 211 200 274 286 269 284 407 292 343 254 269 262 405 255 342 4 0
;
71 0 264 109 268 157 269 205 270 269 301 166 231 165 320 211 346 273
221 211 200 274 286 268 284 407 292 343 254 269 262 405 255 342 4 0
;
72 0 264 109 268 157 269 205 270 269 301 166 231 165 320 211 346 273
221 211 200 274 285 268 284 407 292 343 254 269 262 405 255 342 4 0
;
73 0 264 109 267 157 268 205 270 269 301 166 231 165 320 211 346 274
221 211 200 274 285 268 284 407 292 343 254 269 262 405 255 342 4 0
;
74 0 264 109 267 157 268 205 270 268 301 166 231 165 320 211 346 274
221 211 201 274 285 268 284 406 292 343 254 269 262 405 255 342 4 0
;
75 0 264 109 267 157 268 205 270 268 301 166 231 165 320 211 346 273
221 211 201 274 285 268 284 406 292 343 254 269 262 405 255 342 4 0
;
76 0 264 109 267 157 268 205 270 268 301 166 231 165 320 211 346 274
221 211 201 274 285 268 284 406 292 343 254 269 262 405 255 342 4 0
;
77 0 264 109 268 157 268 205 270 268 301 166 231 165 320 211 346 274
221 211 201 274 285 268 284 406 292 343 254 269 262 405 255 342 4 0
;
78 0 264 109 268 157 268 205 270 268 301 166 231 165 320 211 346 274
221 211 201 274 285 268 284 406 292 343 254 269 262 405 255 342 4 0
;
79 0 265 109 268 157 269 205 270 268 302 166 231 165 321 211 346 274
221 211 202 274 286 268 283 406 292 343 254 269 262 405 255 342 4 0
;
80 0 265 109 268 157 269 205 270 268 302 166 231 165 321 211 347 274
221 211 202 274 286 268 283 406 292 343 254 269 262 405 255 342 4 0
;
81 0 266 109 268 157 269 205 270 268 302 166 232 165 321 211 347 274
222 211 202 274 286 268 283 406 292 343 255 269 262 405 255 342 0 0
;
82 0 266 109 269 157 270 205 270 268 303 166 232 165 322 211 348 275
222 211 203 274 286 268 283 406 292 343 255 269 262 405 255 342 4 0
;
83 0 267 109 269 157 270 205 271 268 303 166 233 165 322 211 348 275
222 211 203 274 286 268 283 406 292 343 255 269 262 405 255 341 4 0
;
84 0 267 109 269 157 270 205 271 268 304 167 233 165 322 211 349 275
223 211 203 274 287 268 283 406 292 343 255 269 262 405 255 341 4 0
;
85 0 268 109 270 157 270 205 271 269 304 167 233 165 323 212 349 275
223 211 204 274 287 269 283 406 292 343 256 269 263 405 256 341 4 0
;
86 0 269 109 270 157 271 205 272 269 305 167 234 165 323 212 349 275
224 211 204 274 287 269 283 406 292 343 256 269 263 405 256 341 4 0
;
87 0 269 109 271 157 271 205 272 269 305 167 234 165 324 212 349 275
224 211 204 274 288 269 283 406 292 343 256 269 263 405 256 341 4 0
;
88 0 270 109 271 157 272 205 272 269 305 167 235 165 324 212 349 276
224 211 204 273 288 269 284 406 293 343 256 269 263 405 256 341 4 0
;
89 0 270 109 271 157 272 205 272 269 306 167 235 165 324 212 349 276
224 211 204 273 288 269 284 406 293 343 257 269 263 405 256 341 4 0
;
90 0 270 109 272 157 272 205 272 269 306 167 235 165 324 212 349 276
224 211 204 273 288 269 284 406 293 343 257 269 263 405 256 341 4 0
;
91 0 271 109 272 157 272 205 273 269 306 167 236 165 325 212 349 276
224 211 204 274 289 269 284 406 293 343 257 269 263 404 256 342 4 0
;
92 0 271 108 272 157 273 205 273 269 307 167 236 164 325 212 349 276
225 211 204 274 289 269 284 406 293 343 257 269 263 405 257 342 4 0
;
93 0 271 108 272 157 273 205 273 269 307 167 236 164 325 212 349 276
225 211 204 274 289 269 284 406 293 343 258 269 263 405 257 342 4 0
;
94 0 272 108 272 157 273 205 274 269 307 167 236 164 325 212 350 277
225 210 204 274 289 269 284 406 294 343 258 269 263 405 257 342 4 0
;
95 0 272 108 273 157 273 205 274 269 307 167 236 164 325 212 350 277
225 211 204 274 289 269 284 406 294 343 258 269 263 405 257 342 4 0
;
96 0 272 108 273 157 273 205 274 269 307 167 236 164 325 212 350 277
225 211 205 274 290 269 284 406 294 343 258 269 263 405 257 342 4 0
;
97 0 272 108 273 157 273 205 274 269 308 167 236 164 326 212 350 277
225 211 205 274 290 269 284 406 294 343 258 269 263 405 257 342 4 0
;
98 0 273 108 273 157 273 205 274 269 308 167 237 164 326 212 350 277
225 210 205 274 290 269 284 406 294 343 258 269 263 405 257 342 4 0
;
99 0 273 108 273 157 274 205 274 269 308 167 237 164 326 213 350 277
225 210 205 274 290 269 284 406 294 343 258 269 263 404 257 342 4 0
;
100 0 273 108 273 157 274 205 274 269 308 167 237 164 326 213 350 277
225 210 205 274 290 269 284 406 294 343 258 269 263 404 257 342 4 0
;
101 0 273 108 273 157 274 205 274 269 308 167 237 164 326 213 350 277
225 210 205 274 290 270 284 406 294 343 258 269 263 405 257 342 4 0
;
102 0 273 108 273 157 274 205 274 269 308 167 237 164 326 213 350 277
225 210 204 274 290 270 284 406 294 343 259 269 263 405 257 342 4 0
;
103 0 273 108 273 157 274 206 274 269 308 167 237 164 326 213 350 277
225 210 204 274 290 270 284 406 294 343 259 269 263 405 257 342 4 0
;
104 0 273 108 273 157 274 206 274 270 308 167 237 164 326 213 350 278
225 211 204 274 290 270 284 406 294 343 259 269 263 404 257 342 4 0
;
105 0 273 108 273 157 274 206 274 270 308 167 237 164 326 213 350 278
225 211 204 275 290 270 284 406 294 343 259 269 263 404 257 342 4 0
;
106 0 273 108 273 157 274 206 275 270 308 167 237 164 326 213 350 278
225 211 204 274 291 270 284 406 294 343 259 270 264 405 257 342 4 0
;
107 0 273 108 273 157 274 206 275 270 308 167 237 164 326 213 350 278
225 211 204 274 291 270 284 406 294 343 259 270 264 405 257 342 4 0
;
108 0 273 108 273 157 274 206 274 270 308 167 237 164 326 213 350 278
225 211 204 274 291 270 284 405 294 343 259 270 264 405 257 343 4 0
;
109 0 273 108 273 157 274 206 274 270 308 167 237 164 326 213 350 278
225 211 204 275 291 270 284 405 294 343 259 270 264 405 257 343 4 0
;
110 0 273 107 273 157 274 206 274 270 308 167 237 164 326 213 350 278
225 211 204 275 291 270 284 405 294 343 258 270 264 405 257 343 4 0
;
111 0 273 107 273 157 274 206 274 270 308 167 236 164 326 213 350 278
225 211 204 275 291 270 284 405 294 343 258 270 264 405 257 343 4 0
;
112 0 273 107 273 157 274 206 274 270 308 167 236 164 326 213 350 278
224 211 203 275 290 270 284 405 294 342 258 270 264 405 257 343 4 0
;
113 0 273 107 273 157 273 206 274 270 308 167 236 164 326 213 350 278
224 211 203 275 290 270 284 405 293 343 258 270 264 405 257 343 4 0
;
114 0 272 107 272 157 273 205 273 270 307 167 235 164 326 213 350 278
224 211 203 276 289 270 285 407 294 342 258 270 264 406 256 342 4 0
;
115 0 271 108 271 157 272 205 273 269 306 167 234 164 325 213 349 277
223 211 203 276 289 269 291 403 296 342 257 270 264 406 256 342 4 0
;
116 0 270 108 270 157 271 206 272 269 305 168 233 165 323 213 348 277
222 212 203 277 288 269 292 401 300 340 257 270 263 404 255 341 4 0
;
117 0 269 108 270 158 271 206 272 269 304 168 232 165 322 213 346 277
221 212 203 277 288 268 293 395 302 335 257 270 263 404 255 341 4 0
;
118 0 269 108 269 158 271 206 272 269 303 168 232 165 321 213 344 276
220 212 202 277 288 268 294 381 305 323 256 270 264 406 255 340 4 0
;
119 0 269 108 269 158 270 206 272 269 303 168 232 165 321 212 343 275
220 212 202 277 288 268 293 372 307 309 256 270 264 406 255 340 4 4
;
120 0 269 108 269 158 270 205 272 269 303 168 231 165 320 212 342 275
219 212 202 277 288 268 294 370 306 305 255 270 264 406 256 340 0 4
;
121 0 269 109 269 158 270 205 271 269 303 168 231 165 320 212 342 275
219 212 201 277 287 268 294 369 307 302 255 270 264 406 256 340 4 4
;
122 0 268 109 269 158 270 205 271 269 303 168 231 165 319 212 344 275
218 212 200 277 287 268 295 369 307 302 254 270 264 406 256 340 4 0
;
123 0 268 109 269 158 270 205 271 269 303 168 231 165 319 212 344 275
218 212 200 278 287 268 297 373 307 306 254 270 264 406 256 339 4 0
;
124 0 268 109 269 158 270 205 271 269 303 168 231 165 320 212 346 275
218 213 201 278 288 268 298 379 308 319 255 270 264 406 256 339 0 0
;
125 0 268 109 269 158 270 205 272 269 303 168 231 165 320 212 346 275
218 213 201 279 288 268 298 384 307 322 255 270 264 407 256 339 4 0
;
126 0 268 109 269 158 270 205 272 269 303 168 231 165 320 212 348 275
219 213 202 279 289 268 301 395 305 334 256 271 265 407 256 338 4 0
;
127 0 268 109 269 158 270 205 273 269 303 168 231 165 321 212 348 275
219 213 202 280 289 268 301 398 305 335 256 271 264 407 256 338 4 4
;
128 0 269 109 269 158 271 206 273 270 304 167 232 165 322 212 349 276
220 213 203 280 290 269 302 404 304 341 257 271 264 406 256 339 4 0
;
129 0 270 108 270 158 272 206 274 270 305 167 232 165 323 212 350 276
220 213 204 280 290 269 305 403 303 346 258 271 264 406 256 340 4 0
;
130 0 272 108 272 158 274 206 276 271 308 167 234 165 326 213 352 277
222 213 205 280 292 270 305 406 303 351 259 272 264 405 256 341 4 0
;
131 0 273 108 273 158 275 206 277 271 309 167 236 165 327 213 353 278
223 213 206 280 293 271 304 404 303 351 261 272 264 406 256 342 4 4
;
132 0 276 107 276 157 277 206 279 271 312 167 238 164 329 213 355 278
225 213 209 279 295 271 297 408 303 351 263 272 264 406 257 343 4 0
;
133 0 277 107 277 157 278 206 280 271 313 166 239 164 331 213 356 278
227 212 210 279 296 271 297 408 303 351 264 272 264 406 258 343 4 0
;
134 0 279 106 279 156 280 206 281 271 316 166 242 164 333 213 359 278
229 212 212 277 298 271 297 407 304 351 265 272 265 406 259 344 4 0
;
135 0 280 106 280 156 281 206 282 271 317 166 242 164 334 213 360 279
230 212 213 277 298 271 298 406 304 351 266 272 265 407 260 345 4 0
;
136 0 282 106 282 156 282 206 283 271 319 166 244 163 336 214 361 279
232 212 214 277 299 271 298 406 304 349 266 271 265 407 261 345 4 0
;
137 0 283 106 282 156 282 206 283 271 319 166 245 163 336 214 361 279
233 212 215 277 299 271 298 406 304 349 267 271 265 407 261 344 4 0
;
138 0 284 106 284 156 284 206 284 271 320 167 246 163 337 214 360 280
235 212 217 276 300 271 298 406 305 346 268 271 265 407 261 344 4 0
;
139 0 285 106 284 156 284 206 284 271 321 167 247 163 338 214 360 280
235 212 217 276 300 271 298 406 305 345 268 271 266 407 262 344 4 1
;
140 0 286 106 285 157 285 206 284 271 322 167 248 163 338 214 359 281
236 212 218 275 300 271 298 406 305 345 268 271 266 407 262 343 4 1
;
141 0 286 106 286 157 285 206 285 271 322 167 248 163 338 214 359 281
237 211 219 275 301 271 298 406 305 345 269 271 266 407 262 343 4 1
;
142 0 287 106 286 157 286 206 285 271 323 167 249 163 339 215 358 282
237 211 219 275 301 271 298 406 305 344 269 271 266 407 262 343 4 1
;
143 0 287 106 286 157 286 206 285 271 323 167 249 163 339 215 358 282
237 211 218 274 301 271 298 405 305 345 269 271 266 407 262 343 4 1
;
144 0 288 106 287 157 286 206 285 271 323 167 249 163 339 215 358 282
238 211 218 274 301 271 298 405 305 345 269 271 266 407 262 343 4 1
;
145 0 288 106 287 157 286 206 285 271 323 167 250 163 339 215 358 282
238 211 217 274 301 271 298 405 305 345 269 271 266 407 263 343 4 1
;
146 0 288 106 287 157 286 206 285 271 323 167 250 163 339 215 358 282
238 211 217 274 302 271 298 406 305 345 269 271 266 407 263 343 4 0
;
147 0 288 106 287 157 286 206 285 271 324 167 250 163 339 215 358 282
238 211 216 274 302 271 298 406 305 345 269 271 266 407 263 343 4 0
;
148 0 288 107 287 157 286 206 285 271 324 167 250 163 339 215 358 282
237 211 216 273 302 271 298 406 305 346 270 271 266 407 263 343 4 0
;
149 0 288 107 287 157 286 206 286 271 324 167 250 163 339 215 358 281
237 211 216 274 302 271 298 406 305 346 270 271 266 407 263 343 4 0
;
150 0 288 107 287 157 286 206 286 271 324 167 250 163 339 215 358 282
237 211 217 274 302 271 298 406 305 346 270 271 266 407 263 343 4 0
;
151 0 288 107 287 157 286 206 286 271 324 167 250 163 339 215 358 282
237 211 217 274 302 271 298 406 305 345 270 271 266 407 263 343 4 0
;
152 0 288 107 287 157 286 206 286 271 324 167 250 163 339 215 358 281
237 211 218 275 302 271 298 405 305 345 270 271 266 407 263 343 4 0
;
153 0 288 107 287 157 286 206 286 271 324 167 250 163 339 215 358 282
237 211 218 275 302 271 298 405 305 345 270 271 266 407 263 343 4 0
;
154 0 288 107 287 157 286 206 286 271 323 167 250 163 338 215 358 281
237 211 218 275 302 271 298 406 305 345 270 271 266 407 263 343 4 4
;
155 0 288 107 287 157 286 206 286 271 323 167 250 163 338 215 358 281
237 211 218 275 302 271 298 406 305 345 270 271 266 407 263 343 4 4
;
156 0 288 107 287 157 286 206 286 271 323 167 250 163 338 215 358 281
237 211 218 275 302 271 298 406 305 345 270 271 266 407 263 343 4 0
;
157 0 288 107 287 157 286 206 286 271 323 167 250 163 338 215 358 281
237 211 217 275 302 271 298 406 305 345 270 271 266 407 263 343 4 0
;
158 0 288 107 287 157 286 206 286 271 323 167 250 163 338 215 358 281
237 211 217 275 302 271 298 406 305 344 270 271 266 407 263 343 4 0
;
159 0 288 107 287 157 286 206 286 271 323 167 250 163 338 215 358 281
237 211 217 275 302 271 298 406 305 344 270 271 266 407 263 343 4 0
;
160 0 288 107 287 157 286 206 285 271 323 167 250 163 338 215 358 281
236 211 217 275 302 271 298 406 305 345 270 271 266 407 263 343 4 0
;
161 0 288 107 287 157 286 206 285 271 323 167 250 163 338 215 358 281
236 211 217 275 302 271 298 406 305 345 270 271 266 407 263 343 4 0
;
162 0 288 107 287 157 286 206 285 271 323 167 250 163 338 215 358 281
236 211 217 275 302 271 298 406 305 345 269 271 266 407 263 343 4 4
;
163 0 288 107 287 157 286 206 285 271 323 167 250 163 338 215 358 281
236 211 217 275 302 271 298 406 305 344 269 271 266 407 263 343 4 0
;
164 0 288 107 287 157 286 206 285 271 322 167 250 163 338 214 358 281
236 211 217 275 302 271 298 406 305 344 269 271 266 407 262 343 4 0
;
165 0 288 107 287 157 286 206 285 271 322 167 250 163 338 214 357 281
236 211 217 275 302 271 298 406 305 344 269 271 266 407 262 343 4 0
;
166 0 288 107 287 157 286 206 285 271 322 167 249 163 338 214 358 281
236 211 217 275 302 271 298 406 305 344 269 271 266 407 262 343 4 0
;
167 0 288 107 287 157 286 206 285 271 322 167 249 163 338 214 358 281
236 211 217 275 302 271 298 406 305 345 269 271 266 407 262 343 4 0
;
168 0 288 107 287 157 286 206 285 271 322 167 249 163 338 214 358 281
236 211 217 275 301 271 298 406 305 347 269 271 266 407 262 343 4 0
;
169 0 288 107 286 157 286 206 285 271 322 167 249 163 338 214 358 282
236 211 217 275 301 271 298 406 305 345 269 271 266 407 262 343 4 0
;
170 0 288 107 286 157 286 206 285 271 322 167 249 163 338 214 358 280
236 211 217 275 301 271 298 406 305 345 269 271 266 407 262 343 4 0
;
171 0 288 107 286 157 286 206 285 271 322 167 249 163 338 214 358 281
236 211 217 275 301 271 298 405 305 344 269 271 266 407 262 343 4 0
;
172 0 288 107 286 157 286 206 285 271 322 167 249 163 338 214 358 281
236 211 217 275 301 271 298 405 305 344 269 271 266 407 262 343 4 0
;
173 0 288 107 286 157 286 206 285 271 322 167 249 163 338 214 358 280
236 211 217 275 301 271 298 405 305 344 269 271 266 407 262 344 4 0
;
174 0 288 107 286 157 286 206 285 271 322 167 249 163 338 214 358 281
236 211 217 275 301 271 298 405 305 345 269 271 266 407 262 344 4 0
;
175 0 288 107 286 157 286 206 285 271 322 167 249 163 338 214 358 280
236 211 217 275 301 271 298 405 305 344 269 271 266 407 262 344 4 0
;
176 0 288 107 286 157 286 206 285 271 322 167 249 163 338 214 358 281
235 211 217 276 301 271 298 405 305 344 269 271 266 407 262 344 4 0
;
177 0 288 107 286 157 286 206 285 271 322 167 249 163 338 214 359 281
235 211 216 275 301 271 298 405 305 344 269 271 266 407 262 344 4 0
;
178 0 288 107 286 157 286 206 285 271 322 167 249 163 338 214 359 281
235 211 216 275 301 271 298 405 305 344 269 271 266 407 262 344 4 0
;
179 0 288 107 286 157 286 206 285 271 322 167 249 163 338 214 359 281
235 211 216 275 301 271 298 405 305 344 269 271 266 407 262 343 4 0
;
180 0 288 107 286 157 286 206 285 271 322 167 249 163 338 214 359 281
235 211 216 276 301 271 298 405 305 345 269 271 266 407 262 343 4 0
;
181 0 288 106 286 157 286 206 285 271 323 167 249 163 338 214 359 281
235 211 216 276 301 271 298 405 305 345 269 271 266 407 262 344 4 0
;
182 0 288 106 286 157 286 206 285 271 323 167 249 163 338 214 359 282
235 211 217 276 301 271 298 405 305 346 269 271 266 407 262 344 4 0
;
183 0 288 106 286 156 286 206 285 271 323 167 249 163 338 215 359 282
235 211 217 276 301 271 298 405 305 345 269 271 266 407 262 344 4 0
;
184 0 288 106 286 156 286 206 285 271 323 167 249 163 338 215 359 282
235 211 217 276 301 271 298 405 305 346 269 271 266 407 262 344 4 0
;
185 0 288 106 286 157 286 206 285 271 323 167 249 163 339 215 359 282
236 211 217 276 301 271 298 405 305 345 269 271 266 407 262 343 4 0
;
186 0 288 106 287 157 286 206 285 271 323 167 249 163 339 215 359 282
236 211 217 276 301 271 298 405 305 345 269 271 266 407 262 343 4 0
;
187 0 289 106 287 157 286 206 285 271 324 167 250 163 339 215 360 282
236 211 217 276 302 271 298 405 305 345 269 271 266 407 262 343 4 0
;
188 0 289 106 287 157 286 206 285 271 324 167 250 163 339 215 360 282
236 211 217 276 302 271 298 405 305 345 269 271 266 407 262 343 4 4
;
189 0 289 106 287 157 287 206 286 271 324 167 250 163 339 215 360 282
236 211 217 276 302 271 298 406 305 344 269 271 266 407 262 343 4 0
;
190 0 290 106 288 156 287 206 286 271 325 167 250 163 340 215 360 282
236 211 218 276 302 271 298 406 305 344 270 271 266 407 262 343 4 0
;
191 0 291 106 288 156 287 206 286 271 325 167 251 163 340 215 361 282
237 211 218 275 302 271 298 406 305 345 270 271 266 407 263 344 4 0
;
192 0 291 106 289 156 288 206 286 271 326 167 252 162 341 215 361 283
237 210 218 274 302 271 298 406 305 347 270 271 266 407 263 348 4 0
;
193 0 294 105 291 156 289 205 287 271 328 167 254 162 343 216 361 284
239 209 218 272 303 271 297 407 306 349 271 271 265 407 263 346 4 0
;
194 0 296 105 293 156 290 205 287 271 329 167 256 161 344 216 361 285
240 209 218 271 303 271 296 407 306 348 271 270 263 407 261 343 4 0
;
195 0 299 106 296 157 292 206 288 270 333 168 260 162 347 217 362 288
243 208 219 269 304 271 297 408 302 347 272 269 260 403 254 339 4 0
;
196 0 300 107 298 157 293 206 288 270 333 169 261 162 349 218 362 290
245 208 220 268 304 272 297 408 304 344 273 268 261 401 250 336 4 0
;
197 0 302 107 300 157 294 206 288 270 334 169 263 162 351 219 364 291
248 208 225 265 304 272 298 408 304 342 273 268 261 376 241 319 0 0
;
198 0 303 107 300 157 295 206 288 270 335 169 264 162 351 219 364 292
249 207 226 262 304 272 298 408 304 341 273 267 261 360 239 304 0 0
;
199 0 304 107 301 157 296 205 290 268 335 169 265 161 351 219 363 291
250 206 234 237 306 271 297 406 304 339 274 266 259 346 240 280 4 0
;
200 0 304 107 301 157 296 205 290 268 335 169 265 161 352 219 362 292
251 206 230 248 306 270 297 406 304 339 274 265 259 342 241 269 4 0
;
201 0 305 108 302 158 297 205 291 268 335 170 265 162 352 220 361 293
251 206 229 247 307 271 297 406 303 338 275 265 258 340 241 268 0 0
;
202 0 305 108 302 159 297 206 291 268 335 171 265 163 351 221 361 294
251 207 236 236 308 271 297 407 303 338 275 266 254 343 242 270 0 0
;
203 0 305 110 303 160 298 207 291 269 336 172 266 164 351 222 360 295
252 208 236 244 308 272 297 408 303 339 275 266 250 362 241 294 0 0
;
204 0 305 110 303 160 297 207 291 269 336 172 266 164 351 222 360 295
252 208 229 259 308 272 297 408 304 339 275 266 253 364 241 300 0 0
;
205 0 305 110 302 159 297 207 291 269 336 171 266 164 351 221 360 292
251 208 227 267 308 272 298 408 305 340 275 266 249 386 245 323 0 0
;
206 0 305 109 302 159 297 206 291 269 336 171 266 164 351 221 361 290
251 208 227 268 307 272 298 408 305 340 275 266 248 393 250 331 4 0
;
207 0 304 108 301 158 297 206 290 269 335 170 264 163 350 219 362 288
250 208 225 268 307 271 298 408 306 341 274 266 248 401 255 340 4 0
;
208 0 303 108 301 158 296 206 290 269 334 169 263 162 349 218 363 287
248 208 224 269 306 271 298 407 307 344 274 266 247 404 256 341 4 0
;
209 0 301 107 298 157 294 205 289 269 332 169 260 162 348 217 363 285
245 208 223 270 305 271 298 407 307 346 273 267 248 406 258 343 4 0
;
210 0 299 107 296 157 293 205 288 269 332 168 259 162 347 217 363 285
244 208 221 271 304 271 298 407 307 347 272 268 250 407 258 342 4 0
;
211 0 295 107 292 157 289 205 286 270 328 168 255 162 344 216 361 284
241 209 218 273 302 271 298 407 307 347 270 269 252 406 258 341 4 0
;
212 0 290 107 288 157 286 205 284 270 325 168 251 163 340 215 358 282
237 210 215 275 300 271 298 406 306 346 268 270 252 405 257 341 4 0
;
213 0 287 106 286 156 285 205 283 270 323 167 249 163 338 215 355 282
235 211 213 275 299 271 298 406 306 346 268 270 252 405 257 340 4 0
;
214 0 283 106 283 156 283 205 282 270 319 167 246 163 335 214 350 280
233 211 211 276 298 270 298 406 304 346 266 270 253 405 256 340 4 0
;
215 0 281 106 282 156 282 205 281 270 318 167 245 163 334 214 349 281
232 211 210 276 297 270 298 406 304 345 266 270 253 405 256 340 4 0
;
216 0 278 106 279 156 280 205 280 270 315 166 242 164 332 213 347 281
230 212 208 276 296 270 298 406 303 343 265 270 253 405 255 340 4 0
;
217 0 277 106 279 156 279 205 279 270 314 166 241 164 331 213 346 281
229 212 208 276 295 270 298 405 303 343 264 270 253 405 255 340 4 0
;
218 0 276 106 277 156 278 205 279 270 312 166 240 164 330 213 346 280
227 212 208 277 294 270 298 405 302 342 263 270 253 405 254 340 4 0
;
219 0 275 106 276 156 277 205 278 270 312 166 239 164 329 213 346 279
227 212 208 277 294 270 298 405 302 342 263 270 253 405 254 340 4 0
;
220 0 274 106 275 156 276 205 277 270 311 166 238 164 328 213 345 279
226 213 207 277 293 270 298 404 301 342 262 270 253 405 253 340 4 4
;
221 0 274 106 275 156 276 205 277 270 310 166 237 164 327 213 345 279
225 213 207 277 293 270 298 404 301 342 261 270 253 405 253 340 4 4
;
222 0 273 106 274 156 275 205 276 270 309 166 237 164 327 213 345 278
225 213 207 277 292 270 297 404 301 342 261 270 253 405 252 340 4 4
;
223 0 273 106 273 156 274 205 276 270 309 166 236 164 326 213 345 278
225 213 206 277 291 270 298 404 300 341 260 270 253 405 252 340 4 4
;
224 0 272 107 273 156 274 205 275 270 308 166 236 164 326 213 344 277
224 213 206 277 291 270 297 404 300 341 260 270 253 405 252 340 4 4
;
225 0 272 107 273 156 274 205 275 270 308 166 236 164 325 213 343 277
224 213 206 277 291 269 297 404 300 341 260 270 253 405 252 340 4 1
;
226 0 272 107 273 156 274 205 275 269 308 166 235 164 325 212 343 277
223 213 206 277 290 269 297 404 299 342 259 270 253 405 252 340 4 1
;
227 0 272 107 273 156 273 205 275 269 308 166 235 164 325 212 343 278
223 213 206 277 290 269 297 404 299 342 259 270 253 405 251 340 4 1
;
228 0 272 107 272 156 273 205 275 269 308 166 235 164 324 212 342 278
223 213 206 277 290 269 297 404 299 342 259 270 253 405 251 341 4 0
;
229 0 272 107 272 156 273 205 274 269 308 166 235 164 324 212 343 278
223 213 206 277 290 269 297 404 299 342 259 269 253 405 251 340 4 0
;
230 0 272 107 272 157 273 205 274 269 308 166 235 164 324 212 343 278
223 213 206 277 290 269 297 404 299 341 259 269 253 405 251 340 4 0
;
231 0 272 107 272 157 273 205 274 269 308 166 235 164 324 212 344 278
223 213 206 277 290 269 297 404 299 341 259 269 253 405 251 340 4 0
;
232 0 272 107 272 157 273 205 274 269 308 166 235 164 324 212 344 278
223 213 207 277 290 269 297 404 299 341 259 269 253 405 251 340 4 0
;
233 0 272 107 272 157 273 205 274 269 308 166 235 164 324 212 345 278
223 213 207 277 290 269 297 404 299 342 259 269 253 405 251 340 4 4
;
234 0 272 107 272 157 273 205 275 269 308 166 235 164 325 212 346 278
223 213 207 277 290 269 297 404 299 341 259 269 253 405 251 340 4 0
;
235 0 272 107 272 157 273 205 275 269 308 166 235 164 325 212 346 278
223 213 207 277 290 269 297 404 299 341 259 269 253 405 251 340 4 0
;
236 0 272 107 273 156 274 205 275 269 308 166 236 164 325 212 346 278
223 213 208 277 290 269 297 404 300 341 259 269 253 405 251 340 4 0
;
237 0 272 107 273 156 274 205 275 269 308 166 236 164 326 212 346 278
223 213 208 277 290 269 297 404 300 341 259 269 253 405 251 340 4 1
;
238 0 273 107 273 157 274 205 275 269 309 166 236 164 326 212 346 278
224 212 208 277 291 269 297 404 300 341 260 269 253 405 252 340 4 1
;
239 0 273 107 273 157 274 205 275 269 309 166 236 164 326 212 346 278
224 212 208 277 291 269 297 404 300 341 260 269 253 405 252 340 4 1
;
240 0 273 107 274 157 274 205 275 269 309 166 237 164 326 213 346 278
224 212 208 276 291 269 297 404 300 341 260 269 253 405 252 340 4 1
;
241 0 274 107 274 157 274 205 275 269 309 166 237 164 326 213 346 278
225 212 209 277 291 269 297 404 300 341 260 269 253 405 252 340 4 4
;
242 0 274 107 274 157 275 205 276 269 310 166 237 164 327 213 347 279
225 212 209 277 291 269 297 404 300 341 260 269 253 405 252 340 4 0
;
243 0 274 107 274 157 275 205 276 269 310 166 238 164 327 213 347 279
225 212 209 276 291 269 297 404 300 341 260 269 253 405 252 340 4 0
;
244 0 275 107 275 157 275 205 276 269 310 166 238 164 327 213 347 279
226 212 209 276 292 269 297 404 301 341 260 269 253 405 252 340 4 0
;
245 0 275 107 275 157 275 205 276 269 311 166 238 164 327 213 347 279
226 212 210 276 292 269 297 404 301 341 261 269 253 405 252 340 4 4
;
246 0 275 107 275 157 276 205 276 269 311 166 239 164 328 213 347 279
226 212 210 276 292 269 297 404 301 341 261 269 253 405 252 340 4 0
;
247 0 275 107 275 157 276 205 276 269 311 166 239 164 328 213 347 279
226 212 210 276 292 269 297 404 301 341 261 269 253 405 253 340 4 0
;
248 0 276 107 276 157 276 205 276 269 311 166 239 164 328 213 348 279
227 212 210 276 292 270 297 404 301 341 261 269 253 405 253 340 4 1
;
249 0 276 107 276 157 276 205 277 269 311 167 239 164 328 213 348 279
227 212 210 276 292 270 297 404 301 341 261 269 253 405 253 340 4 4
;
250 0 276 107 276 157 276 205 277 269 312 166 239 164 329 213 348 279
227 212 210 276 292 270 297 404 301 341 261 269 253 405 253 340 4 4
;
251 0 276 107 276 157 276 205 277 269 312 166 239 164 329 213 348 279
227 212 210 276 292 270 297 404 301 341 261 269 253 405 253 340 4 4
;
252 0 276 107 276 157 276 205 277 270 312 166 239 164 329 213 348 279
227 212 210 276 292 270 297 404 301 341 261 269 253 405 253 340 4 0
;
253 0 276 107 276 157 276 205 277 270 312 167 239 164 329 213 348 279
227 212 210 276 292 270 297 404 301 341 261 270 253 405 253 340 4 0
;
254 0 276 107 276 157 276 205 277 270 312 167 239 164 329 213 348 280
227 212 209 277 292 270 297 404 301 341 261 270 253 405 253 340 4 0
;
255 0 276 107 276 157 276 205 277 270 312 167 239 164 329 213 348 280
227 212 209 277 293 270 297 404 301 341 261 270 253 405 253 340 4 0
;
256 0 276 107 276 157 276 205 277 270 312 167 239 164 329 213 348 280
227 212 209 276 292 270 297 404 301 341 261 270 253 405 253 340 4 0
;
257 0 276 107 276 157 276 205 277 270 312 167 239 164 329 213 347 280
227 212 209 277 292 270 297 404 301 341 261 270 253 405 253 340 4 0
;
258 0 276 107 276 157 276 205 277 270 312 167 239 164 329 213 347 280
227 212 209 276 292 270 297 404 301 341 261 270 253 405 253 340 4 0
;
259 0 276 107 276 157 276 205 277 270 312 167 239 164 329 213 347 280
227 212 209 277 292 270 297 404 301 341 261 270 253 405 253 340 4 0
;
260 0 276 107 276 157 276 205 276 270 311 167 239 164 328 213 347 280
227 212 208 277 292 270 297 404 301 342 261 270 253 405 253 341 4 4
;
261 0 275 107 275 157 276 205 276 270 311 167 238 164 328 213 346 280
226 212 207 277 292 270 297 404 301 342 260 270 253 405 253 341 4 0
;
262 0 275 107 275 157 275 205 276 270 310 167 238 164 328 213 346 280
226 212 207 277 291 270 297 404 300 343 260 270 253 405 252 341 4 1
;
263 0 274 107 275 157 275 205 275 270 310 167 238 164 327 213 345 280
226 212 207 277 291 270 297 404 300 342 260 270 253 405 252 341 4 1
;
264 0 273 107 274 157 274 206 275 270 309 167 237 164 326 214 344 280
225 212 206 277 290 270 297 404 300 342 259 270 253 405 252 341 4 1
;
265 0 272 107 273 157 273 206 274 270 308 167 235 164 325 214 342 280
224 212 204 277 289 270 297 404 299 342 258 270 253 405 251 341 4 1
;
266 0 271 107 272 157 273 206 273 270 307 167 234 164 324 214 342 280
223 212 203 277 289 270 297 404 299 342 258 270 253 405 251 341 4 1
;
267 0 269 107 270 157 271 206 272 270 305 167 232 164 323 214 340 280
222 212 201 277 288 271 297 404 298 344 257 270 253 406 250 341 4 1
;
268 0 268 107 269 157 270 206 272 270 304 167 231 164 322 214 339 280
221 213 200 277 287 271 297 404 297 344 256 270 253 406 250 342 4 1
;
269 0 264 107 266 157 267 206 269 270 301 167 228 165 320 213 338 279
218 213 199 278 285 270 297 407 295 349 254 270 253 406 249 342 4 1
;
270 0 262 107 264 157 266 206 268 270 299 167 226 165 318 213 338 279
217 213 198 279 283 270 298 407 295 349 252 270 253 406 248 343 4 1
;
271 0 257 108 260 158 263 206 266 270 295 167 222 166 315 213 338 277
213 214 197 280 282 269 302 406 300 340 251 271 252 406 247 342 4 1
;
272 0 255 109 258 158 262 206 266 270 293 167 220 166 314 213 338 276
212 215 197 281 281 269 301 406 302 341 250 271 252 406 247 341 4 1
;
273 0 252 109 256 158 260 206 265 269 290 166 218 167 311 212 335 273
209 215 195 282 280 267 300 395 311 329 250 270 252 406 246 340 4 1
;
274 0 252 109 255 158 259 205 265 269 290 166 217 167 311 212 335 272
208 215 195 280 280 267 303 390 314 320 249 270 252 406 247 339 4 1
;
275 0 251 108 254 157 259 205 264 267 288 166 217 166 309 211 335 269
206 215 194 279 280 265 309 377 316 300 249 269 252 407 247 338 4 1
;
276 0 251 108 254 157 258 204 264 266 288 165 216 166 308 210 336 268
205 214 194 279 280 263 312 372 315 292 248 268 252 407 247 337 0 1
;
277 0 251 108 254 156 258 202 263 263 288 164 216 165 307 209 335 261
204 213 193 276 280 260 311 352 312 268 246 266 252 406 248 335 0 1
;
278 0 251 107 254 156 258 202 263 263 288 164 216 164 307 209 335 262
204 213 193 276 280 260 310 351 311 266 246 265 253 406 248 335 0 4
;
279 0 252 108 254 157 258 202 263 263 288 165 216 165 306 209 334 268
204 213 192 277 280 261 308 348 310 263 246 265 253 406 249 335 0 4
;
280 0 253 110 254 159 258 204 263 264 288 166 217 166 306 209 333 269
204 214 192 278 279 263 308 348 310 263 245 266 253 406 249 335 0 4
;
281 0 254 114 255 162 258 207 262 267 288 170 218 170 305 214 333 277
204 217 191 281 279 266 307 357 307 272 245 268 253 407 250 338 0 4
;
282 0 255 115 255 163 258 208 263 268 289 171 219 170 305 215 329 267
205 218 191 281 279 267 306 369 306 286 246 269 254 407 250 339 0 4
;
283 0 256 115 256 163 259 208 263 268 290 172 220 170 305 216 330 274
206 217 192 280 280 267 301 376 306 298 246 269 254 408 250 340 0 4
;
284 0 257 115 257 163 260 208 263 268 290 171 221 169 305 216 329 273
207 216 193 278 280 267 299 380 305 306 246 269 254 408 250 340 0 4
;
285 0 259 113 259 161 261 206 264 267 292 170 223 167 306 215 330 273
209 214 195 276 280 266 298 387 302 318 248 269 254 408 249 340 0 4
;
286 0 260 112 260 160 262 206 265 267 293 169 224 167 307 214 331 272
209 214 196 276 281 265 298 391 301 323 248 268 254 408 249 340 0 4
;
287 0 262 111 262 159 264 205 266 267 295 169 225 166 309 213 334 273
211 213 197 276 282 265 297 396 297 333 250 268 254 408 248 340 4 4
;
288 0 263 111 263 159 265 205 267 267 297 168 227 166 311 213 336 273
212 213 197 275 283 265 299 400 296 337 251 268 254 408 248 341 4 4
;
289 0 267 109 266 158 267 205 268 267 300 168 229 165 315 213 340 274
215 212 199 274 284 266 299 404 295 346 253 268 254 408 248 342 4 4
;
290 0 269 109 268 157 268 204 269 267 302 167 231 164 317 212 342 275
217 211 200 273 285 266 299 406 296 347 253 268 254 408 248 342 4 4
;
291 0 274 107 272 156 272 204 273 268 307 167 236 163 322 213 346 276
220 210 203 272 288 267 298 407 297 349 257 268 254 408 250 343 4 0
;
292 0 277 107 275 156 275 204 275 268 310 167 239 162 325 213 348 278
222 209 204 271 291 268 296 409 298 349 259 269 254 408 250 343 4 0
;
293 0 283 107 280 156 279 205 278 269 316 168 244 162 331 215 352 281
227 209 208 271 294 269 296 408 300 347 262 269 255 408 253 342 4 4
;
294 0 287 106 283 156 282 205 280 269 319 168 247 162 333 216 354 280
229 209 210 271 296 269 296 408 300 347 264 269 255 409 254 342 4 4
;
295 0 292 107 287 157 286 205 283 269 324 168 251 162 337 216 358 282
233 208 214 271 299 270 297 408 302 347 267 269 255 409 257 344 4 4
;
296 0 295 106 289 157 287 205 285 269 326 168 253 162 339 217 360 283
235 208 216 270 300 270 297 408 304 347 269 269 255 409 257 343 4 4
;
297 0 298 106 292 157 290 205 286 270 329 168 256 161 342 217 363 283
238 208 219 271 302 270 297 407 305 346 271 269 254 409 258 342 4 4
;
298 0 299 106 293 157 291 206 287 270 331 168 257 161 344 217 365 284
239 208 220 271 303 270 297 407 306 343 271 269 254 409 259 342 4 0
;
299 0 301 106 295 157 292 206 288 270 333 168 258 161 346 218 366 285
241 209 221 270 304 270 298 406 307 342 273 270 254 408 259 342 4 4
;
300 0 302 106 297 157 293 206 289 270 334 168 260 161 347 218 366 286
243 209 222 270 306 271 298 406 308 342 273 270 254 408 260 341 4 0
;
301 0 302 106 297 157 294 206 290 270 334 168 260 161 348 218 367 287
244 209 223 270 306 271 298 406 309 342 274 270 254 407 260 341 4 0
;
302 0 302 106 298 157 294 206 290 271 335 168 260 161 348 218 367 287
244 209 223 271 306 271 298 406 309 342 274 270 254 407 261 341 4 4
;
303 0 302 106 298 157 295 206 290 271 335 168 261 162 349 218 367 287
245 209 223 271 307 271 299 405 309 342 275 270 254 407 261 341 4 0
;
304 0 302 106 298 157 295 206 291 271 335 168 261 162 349 218 368 288
245 209 223 271 307 271 299 405 310 343 275 271 254 407 261 341 4 0
;
305 0 302 106 298 157 295 206 291 271 335 168 261 162 349 218 368 288
245 209 223 271 307 271 299 405 310 343 275 271 254 407 261 341 4 0
;
306 0 301 106 298 157 295 206 290 271 335 168 261 162 349 218 368 288
245 209 223 271 307 272 299 405 309 343 275 271 254 407 261 341 4 4
;
307 0 301 107 298 157 295 206 290 271 335 168 260 162 349 218 367 287
245 210 223 272 306 272 299 405 309 344 274 271 254 407 261 341 4 0
;
308 0 300 107 297 157 294 207 290 271 334 168 259 162 349 218 366 287
245 210 223 272 306 272 299 405 309 344 274 271 254 407 261 341 4 4
;
309 0 299 107 296 157 293 206 290 271 333 168 259 162 348 218 365 287
245 210 222 272 306 272 299 405 309 343 274 271 254 407 261 341 4 4
;
310 0 297 107 295 157 292 206 289 271 331 168 257 162 347 218 364 287
244 210 221 272 305 272 298 406 308 344 273 271 254 407 261 341 4 4
;
311 0 296 106 294 157 292 206 288 271 331 168 257 163 346 217 363 286
243 210 221 272 304 272 298 406 308 343 272 271 254 407 261 341 4 1
;
312 0 294 106 293 157 290 206 287 271 329 168 255 163 345 217 361 286
242 211 219 272 303 271 298 406 307 343 271 271 255 407 260 341 4 1
;
313 0 293 106 292 157 289 206 287 271 328 168 254 163 344 217 360 286
241 210 218 272 303 271 298 406 307 343 271 271 255 407 260 341 4 1
;
314 0 292 106 290 156 288 206 285 271 326 167 253 163 343 217 359 285
239 211 216 272 301 271 298 406 306 342 270 271 255 408 259 340 4 0
;
315 0 291 106 289 156 287 206 285 271 326 167 252 163 342 217 358 285
239 211 215 272 301 271 298 406 306 342 269 271 255 408 259 340 4 4
;
316 0 289 106 288 156 286 206 284 271 324 167 251 163 341 216 357 284
237 210 214 273 300 271 298 406 306 342 268 271 255 407 258 340 4 0
;
317 0 288 106 287 156 286 206 284 271 324 167 250 163 340 216 356 284
236 210 213 273 299 271 298 406 305 342 268 270 255 407 258 340 4 0
;
318 0 287 106 286 156 284 205 283 270 322 167 249 163 339 216 356 284
235 210 212 272 298 271 297 406 305 341 267 270 255 407 257 340 4 0
;
319 0 287 106 285 156 284 205 282 270 322 167 248 163 338 216 355 284
234 210 212 272 298 270 297 406 305 341 266 270 255 407 257 340 4 0
;
320 0 285 106 284 156 283 205 281 270 321 167 247 163 337 215 355 283
234 211 211 273 297 270 297 406 304 341 266 270 255 407 256 340 4 0
;
321 0 285 106 284 156 282 205 281 270 320 167 247 163 337 215 354 282
233 211 211 273 297 270 297 406 304 341 265 270 255 407 256 340 4 0
;
322 0 284 106 283 156 282 205 280 270 319 167 246 163 336 215 354 282
233 211 211 273 296 270 297 406 304 341 265 270 255 407 256 340 4 0
;
323 0 284 106 283 156 282 205 280 270 319 167 246 163 336 215 353 282
232 211 211 273 296 270 297 406 303 341 264 270 255 407 255 340 4 0
;
324 0 283 106 282 156 281 205 280 270 318 167 245 163 335 215 353 282
232 211 211 273 296 270 297 406 303 341 264 270 255 407 255 340 4 0
;
325 0 283 106 282 156 281 205 280 270 318 167 245 163 335 215 352 282
232 211 210 273 296 270 297 406 303 341 264 270 255 407 255 340 4 0
;
326 0 282 106 282 156 281 205 279 270 318 167 245 163 334 215 352 282
231 211 210 273 295 270 297 406 303 341 263 270 255 407 255 340 4 0
;
327 0 282 106 281 156 280 205 279 270 317 167 245 163 334 215 351 282
231 211 210 273 295 270 296 406 302 342 263 270 255 407 255 339 4 0
;
328 0 282 106 281 156 280 205 279 270 317 167 244 163 334 215 351 282
231 211 210 273 295 270 296 406 302 342 263 270 255 407 254 340 4 4
;
329 0 282 106 281 156 280 205 279 270 317 167 244 163 334 215 351 282
231 211 210 273 295 270 296 406 302 342 263 270 255 407 254 340 4 4
;
330 0 282 106 281 156 280 205 279 270 317 167 244 163 334 215 351 282
231 211 210 273 295 270 296 405 302 341 263 270 255 407 254 340 4 0
;
331 0 282 106 281 156 280 205 279 270 317 167 244 163 334 215 351 282
231 211 210 273 295 270 296 406 302 342 263 270 255 407 254 339 4 4
;
332 0 282 106 281 156 280 205 279 270 317 167 244 163 334 215 351 283
231 211 210 272 295 270 296 405 302 342 263 270 255 407 254 339 4 0
;
333 0 282 106 281 156 280 205 279 270 317 167 244 163 334 215 351 282
231 211 210 272 295 270 296 405 302 342 263 270 255 407 254 339 4 0
;
334 0 282 106 281 156 280 205 279 270 317 167 244 163 334 215 352 283
231 211 211 272 295 270 296 405 302 342 263 270 255 407 254 339 4 0
;
335 0 282 106 281 157 280 205 279 270 317 167 244 163 334 215 352 283
231 211 211 272 295 270 296 406 302 342 263 270 255 407 254 339 4 0
;
336 0 282 106 282 157 280 205 279 270 317 167 245 163 334 215 352 283
232 210 211 272 295 270 296 406 302 342 263 270 255 407 254 339 4 0
;
337 0 283 106 282 157 280 205 279 270 318 167 245 163 334 215 352 283
232 210 212 272 295 270 296 406 302 342 263 270 255 407 254 339 4 0
;
338 0 284 107 282 157 281 205 279 270 318 167 246 163 335 215 353 283
232 210 212 272 295 270 296 406 302 342 263 270 255 407 255 339 4 4
;
339 0 284 106 283 157 281 205 279 270 319 167 246 163 335 215 353 283
233 210 212 272 295 270 296 406 302 342 263 270 255 407 255 339 4 0
;
340 0 285 107 283 157 281 205 279 270 319 167 247 163 336 216 353 284
233 210 213 272 295 270 297 406 302 343 264 270 255 407 255 339 4 0
;
341 0 285 107 284 157 282 206 280 270 320 167 247 163 336 216 353 284
233 210 213 271 295 270 297 406 303 343 264 270 255 407 255 340 4 0
;
342 0 287 107 285 157 283 206 280 270 321 167 248 163 337 216 354 284
234 210 214 271 296 270 297 406 303 343 264 270 255 407 255 340 4 4
;
343 0 288 107 286 157 283 206 281 270 322 168 249 163 337 216 355 284
235 210 215 271 296 270 297 406 303 343 265 270 255 407 256 340 4 0
;
344 0 288 107 286 157 284 206 281 270 322 168 250 163 338 216 356 284
235 210 215 271 297 270 297 406 303 342 265 270 255 407 256 340 4 0
;
345 0 290 107 288 157 285 206 282 270 324 168 251 163 339 216 357 285
236 210 216 271 298 270 297 406 304 343 266 270 255 407 256 340 4 0
;
346 0 291 107 288 157 286 206 282 270 324 168 251 163 340 216 358 285
237 210 217 271 298 270 297 406 304 344 267 270 255 407 257 340 4 0
;
347 0 291 107 289 157 286 206 283 270 325 168 252 163 340 217 359 285
237 210 217 272 299 271 297 406 304 344 267 270 255 408 257 340 4 0
;
348 0 293 107 290 157 287 206 284 270 327 168 253 162 341 217 360 285
239 210 218 272 300 271 297 407 305 346 268 270 255 408 257 340 4 0
;
349 0 295 106 292 157 289 206 285 271 328 168 254 162 343 217 362 286
240 210 219 272 301 271 297 407 305 347 269 270 255 408 258 341 4 0
;
350 0 296 106 292 157 289 206 286 271 329 168 255 162 344 218 362 287
240 210 219 272 301 271 297 407 305 347 270 271 255 408 259 341 4 0
;
351 0 298 107 294 158 291 207 287 272 331 169 257 163 346 219 363 289
241 210 220 272 303 272 297 407 306 349 271 271 254 408 259 343 4 4
;
352 0 299 107 296 158 292 207 287 272 333 169 259 163 347 219 363 291
242 210 220 272 303 273 296 408 306 350 271 271 253 408 259 345 4 0
;
353 0 303 108 299 159 294 208 288 273 336 171 262 164 351 222 363 296
246 211 221 271 304 274 296 409 306 350 272 271 249 406 256 343 4 0
;
354 0 304 109 300 160 295 209 288 273 336 172 263 165 352 223 364 297
248 211 221 271 304 275 296 410 307 348 272 271 250 406 252 342 0 0
;
355 0 306 109 302 160 296 209 288 273 337 173 265 165 354 225 364 300
250 211 224 268 304 276 296 410 306 348 272 271 251 395 244 335 0 0
;
356 0 307 108 303 159 296 208 288 272 337 173 266 164 354 225 363 300
252 210 226 267 304 275 297 410 304 345 272 269 250 384 239 325 0 0
;
357 0 308 103 304 154 297 203 288 266 337 167 268 159 354 220 358 295
253 205 228 255 304 270 296 408 302 339 272 262 250 361 237 301 0 0
;
358 0 308 101 304 152 297 201 288 264 337 166 268 157 353 220 355 294
254 203 230 246 304 268 296 407 301 337 272 260 249 355 237 293 0 0
;
359 0 307 100 304 151 298 199 291 263 337 165 268 156 352 218 349 294
255 201 240 228 307 267 295 406 301 336 275 258 248 347 236 275 0 1
;
360 0 307 101 304 151 298 200 292 263 337 165 268 156 351 219 346 295
255 201 239 228 309 267 295 406 300 336 276 259 247 346 237 273 0 1
;
361 0 305 107 304 158 300 206 295 269 336 172 267 164 348 223 342 302
253 208 235 236 311 273 295 407 299 340 280 266 245 347 238 276 0 0
;
362 0 305 110 304 161 300 208 295 271 335 175 267 163 347 225 341 305
253 208 229 247 312 274 295 407 298 343 280 268 241 353 237 284 0 0
;
363 0 303 113 302 164 299 212 294 275 333 178 266 168 345 229 339 307
252 212 218 266 310 278 295 408 298 348 278 272 230 390 249 321 0 0
;
364 0 302 113 301 164 297 212 292 276 333 179 265 168 344 229 337 307
251 212 219 267 308 279 295 409 298 349 277 272 239 377 234 308 0 0
;
365 0 299 111 298 162 293 210 288 274 330 176 262 166 342 227 336 301
249 211 217 265 304 277 295 409 299 347 273 271 239 390 235 323 0 1
;
366 0 297 110 296 160 292 209 286 273 329 174 260 164 341 226 336 298
247 210 216 264 301 276 295 408 300 346 271 270 239 393 239 332 0 1
;
367 0 292 107 292 157 288 207 283 272 326 170 256 162 339 223 336 295
244 208 213 263 299 274 295 407 300 346 268 269 240 403 243 338 0 1
;
368 0 290 106 290 156 286 206 281 271 325 170 253 162 338 223 337 293
242 208 211 264 297 274 295 407 300 346 266 269 239 407 244 343 0 1
;
369 0 284 105 284 156 281 206 278 271 320 168 247 162 335 220 339 291
236 209 207 266 293 273 294 407 299 348 262 269 240 408 246 346 0 0
;
370 0 280 105 281 156 278 206 276 272 316 168 244 163 333 219 340 291
232 210 205 268 291 273 294 407 299 348 260 270 240 409 246 347 0 0
;
371 0 272 106 274 157 273 207 272 273 309 168 236 165 328 218 341 289
226 212 200 272 288 274 294 408 298 350 256 272 241 421 245 343 0 0
;
372 0 268 106 271 157 270 207 270 273 305 168 234 165 326 217 340 288
223 213 198 273 286 274 294 408 296 350 254 272 242 421 244 342 0 1
;
373 0 262 106 265 156 266 207 267 273 300 167 228 165 320 216 337 285
218 214 193 275 282 274 293 408 294 350 251 273 242 406 242 342 4 0
;
374 0 259 106 263 156 264 207 265 273 297 167 226 166 319 216 335 285
216 214 191 275 281 273 293 408 293 350 250 273 242 406 241 342 4 0
;
375 0 254 106 259 156 261 206 263 273 293 166 222 166 314 215 332 284
213 215 188 277 279 273 293 408 292 350 248 273 242 405 239 342 0 0
;
376 0 252 106 258 156 260 206 263 273 291 166 220 166 313 214 330 283
212 215 188 278 278 273 293 408 291 350 247 273 242 405 238 342 0 0
;
377 0 250 106 255 156 258 206 261 273 289 166 217 166 310 214 327 283
210 216 187 278 277 273 293 408 290 349 246 273 242 404 237 342 4 0
;
378 0 249 106 254 156 257 206 261 273 288 166 216 166 309 214 327 282
208 216 187 279 277 273 293 407 290 349 245 273 242 404 236 342 4 0
;
379 0 247 106 253 156 256 206 260 273 287 165 215 166 307 214 326 281
207 216 187 281 276 272 293 407 289 347 244 273 241 404 236 342 4 0
;
380 0 247 106 253 156 256 206 260 272 287 165 214 166 307 214 326 280
207 216 187 281 276 272 293 407 289 347 244 273 241 404 236 342 4 0
;
381 0 247 106 252 156 256 206 260 272 287 165 213 166 306 213 326 279
206 217 187 282 275 272 292 407 289 347 244 273 241 404 235 342 4 0
;
382 0 246 106 252 156 255 206 260 272 287 165 213 166 306 213 327 279
206 217 188 282 275 272 292 407 289 347 244 273 241 404 235 342 4 0
;
383 0 247 106 252 156 255 206 260 272 287 165 213 166 306 213 327 279
206 217 188 281 275 272 292 407 288 348 244 273 241 404 235 342 4 0
;
384 0 247 106 252 156 255 206 260 272 287 165 214 166 307 213 328 279
206 217 189 281 275 272 292 406 288 348 244 273 241 404 235 342 4 0
;
385 0 248 106 253 156 256 206 260 272 288 165 214 166 307 213 329 279
206 217 190 281 276 272 292 406 289 348 244 273 241 404 236 342 4 0
;
386 0 249 106 254 156 256 206 260 272 289 165 215 166 308 213 330 279
207 217 190 281 276 272 292 406 289 348 244 273 241 404 236 342 4 0
;
387 0 250 106 255 156 258 206 261 272 290 166 217 166 309 213 331 279
208 216 192 281 277 272 292 405 289 348 245 273 241 404 237 342 4 0
;
388 0 251 106 256 156 258 206 261 272 291 166 217 166 310 213 332 280
208 216 192 280 277 272 292 405 289 348 245 272 242 404 237 343 4 0
;
389 0 254 106 257 156 259 206 262 272 293 166 219 165 311 213 333 280
210 215 194 280 277 272 292 405 290 346 246 272 242 404 237 343 4 1
;
390 0 255 105 258 156 260 206 262 272 293 166 220 165 312 214 333 281
211 215 194 280 278 272 292 405 290 346 246 272 242 404 238 343 4 1
;
391 0 256 105 259 156 261 206 263 272 295 166 221 165 313 214 334 281
212 215 195 279 279 272 292 404 290 346 247 272 242 405 238 343 4 1
;
392 0 257 105 260 156 261 206 263 272 295 166 222 165 314 214 334 281
212 215 195 279 279 272 292 404 290 346 247 272 242 405 239 343 4 1
;
393 0 258 105 261 156 262 206 264 272 296 166 223 165 315 214 335 282
214 214 196 279 280 272 292 404 291 346 248 272 242 405 239 343 4 1
;
394 0 259 105 261 156 262 206 264 272 297 166 223 165 315 214 335 282
214 214 196 278 280 272 292 404 291 346 248 272 242 405 239 343 4 1
;
395 0 260 105 262 156 263 206 265 272 297 166 224 164 316 215 335 283
214 214 196 278 280 272 291 404 291 346 249 272 242 405 239 343 4 1
;
396 0 260 105 263 156 264 206 265 272 298 166 224 164 316 215 335 283
215 214 196 278 281 272 291 404 292 345 249 272 242 405 239 343 4 1
;
397 0 261 105 263 156 264 206 265 272 298 166 225 164 317 215 336 283
215 214 196 278 281 272 291 404 292 346 249 272 242 405 240 343 4 1
;
398 0 262 105 264 156 265 206 266 272 299 167 225 164 317 215 336 283
216 214 196 277 282 272 291 404 292 345 250 272 243 405 240 343 4 1
;
399 0 262 105 264 156 265 206 266 272 299 167 226 164 317 215 336 283
216 214 196 277 282 272 291 404 292 345 250 272 243 405 240 343 4 1
;
400 0 262 105 264 156 265 206 266 272 299 167 226 164 318 215 336 283
216 214 197 277 282 272 291 403 293 345 250 272 243 405 240 343 4 1
;
401 0 263 105 265 156 265 206 266 272 300 167 226 164 318 215 337 284
216 214 197 277 282 272 291 404 293 346 250 272 243 405 241 343 4 1
;
402 0 263 105 265 156 266 206 266 272 300 167 227 164 319 216 338 284
217 214 197 277 282 272 291 404 293 346 251 272 243 405 241 343 4 1
;
403 0 263 105 266 156 266 206 267 272 301 167 227 164 319 216 338 284
217 214 197 277 283 272 291 404 293 346 251 272 243 405 241 343 4 1
;
404 0 264 105 266 156 266 206 267 272 301 167 227 164 319 216 339 284
217 214 197 277 283 272 291 405 293 347 251 272 243 405 241 343 4 1
;
405 0 264 105 266 156 266 206 267 272 301 167 227 164 320 216 339 284
217 213 197 277 283 273 291 405 293 347 251 272 243 405 241 343 4 1
;
406 0 264 105 266 156 266 206 267 273 301 167 228 164 320 216 340 284
217 214 197 277 283 273 291 405 293 347 251 272 243 405 241 344 4 1
;
407 0 264 105 267 156 267 206 267 273 302 167 228 164 320 216 340 284
217 213 197 277 283 273 290 405 293 347 251 273 243 405 241 344 4 1
;
408 0 265 105 267 156 267 206 267 273 302 167 228 164 320 216 340 284
217 213 197 277 283 273 290 405 293 347 251 273 243 405 241 344 4 1
;
409 0 265 105 267 156 267 206 267 273 302 167 228 164 321 216 340 284
217 213 197 277 283 273 290 405 293 347 251 273 243 406 241 344 4 1
;
410 0 265 105 267 156 267 206 267 273 302 167 228 164 321 216 340 285
217 213 196 277 283 273 291 405 293 347 251 273 243 406 242 344 4 1
;
411 0 265 105 267 156 267 206 267 273 303 167 228 164 321 216 340 285
217 213 196 277 283 273 291 405 293 347 251 273 243 406 242 344 4 1
;
412 0 265 105 267 156 267 206 267 273 303 167 228 163 321 216 340 285
217 213 195 277 283 273 291 405 293 347 251 273 243 406 242 344 4 1
;
413 0 265 105 267 156 267 206 267 273 303 167 228 163 321 216 340 285
217 213 195 277 283 273 291 405 293 347 251 273 243 406 242 344 4 1
;
414 0 265 105 267 156 267 206 267 273 303 167 228 163 321 216 340 285
216 213 195 277 283 273 291 405 293 347 251 273 243 406 242 345 4 1
;
415 0 265 105 267 156 267 206 267 273 303 167 228 163 321 216 340 285
216 213 195 277 283 273 291 405 293 347 251 273 243 406 242 344 4 1
;
416 0 265 105 267 155 267 206 267 273 302 167 228 163 321 216 340 285
216 213 195 277 283 273 290 405 293 347 251 273 243 406 242 344 4 1
;
417 0 265 104 267 155 267 206 267 273 302 167 228 163 321 216 340 285
216 213 195 277 283 273 290 405 293 347 251 273 243 406 242 344 4 1
;
418 0 265 104 267 155 267 206 267 273 302 167 228 163 321 216 340 285
216 213 195 277 283 273 291 404 293 347 251 273 243 406 241 345 4 1
;
419 0 265 104 267 155 267 206 267 273 302 167 228 163 321 216 339 285
216 213 195 277 283 273 291 404 293 348 251 273 243 406 241 345 4 1
;
420 0 265 104 266 155 266 206 267 273 302 167 227 163 320 216 339 285
215 213 194 278 283 273 291 404 293 348 251 273 243 406 241 345 4 1
;
421 0 265 104 266 155 266 206 267 273 302 167 227 163 320 216 339 285
215 213 193 278 283 273 291 404 293 348 250 273 243 406 241 345 4 1
;
422 0 264 104 266 156 266 206 266 273 301 167 226 163 320 216 338 285
215 213 192 278 282 273 291 404 293 348 250 273 243 406 241 345 4 1
;
423 0 264 104 265 156 266 206 266 273 301 167 226 163 319 216 338 285
214 213 192 279 282 274 291 405 293 348 250 273 243 406 241 345 4 1
;
424 0 262 104 264 156 265 206 265 273 300 167 225 163 319 216 337 284
213 214 190 279 282 274 291 404 292 348 249 273 243 406 241 345 4 1
;
425 0 261 104 263 156 264 206 265 273 299 167 225 164 318 215 337 284
212 214 190 279 281 274 292 404 292 348 249 273 244 407 240 346 4 1
;
426 0 258 105 261 156 262 207 264 273 297 167 222 164 317 215 336 283
211 214 189 280 281 274 291 406 291 351 248 273 244 409 240 349 4 0
;
427 0 255 105 259 157 261 207 264 274 295 167 221 165 316 215 336 283
210 215 188 280 280 274 291 406 290 353 247 274 244 410 240 350 4 0
;
428 0 249 107 255 158 258 208 261 274 290 167 216 167 313 215 334 283
207 217 186 281 278 274 291 409 289 355 245 275 245 421 240 352 4 0
;
429 0 246 108 252 159 256 209 260 275 287 168 214 169 311 215 333 282
206 219 185 282 277 274 292 409 288 356 244 275 245 423 239 353 4 0
;
430 0 240 111 248 161 252 211 258 276 283 169 210 173 307 215 331 281
202 223 184 283 275 275 292 409 287 353 242 277 246 424 239 355 0 0
;
431 0 237 112 246 162 251 211 257 276 280 170 209 174 306 215 331 280
201 224 183 283 274 275 292 408 287 353 241 278 246 425 238 355 4 0
;
432 0 233 114 242 163 248 211 256 277 277 170 207 176 303 214 330 277
199 226 182 283 272 275 290 406 287 350 240 279 245 426 238 355 4 4
;
433 0 231 114 241 163 247 211 256 276 275 169 206 176 302 213 331 277
198 226 182 282 272 274 290 406 287 348 239 279 245 426 238 355 4 4
;
434 0 230 113 238 162 246 210 255 275 273 169 204 176 301 212 330 271
196 225 183 280 271 272 289 403 290 339 239 278 243 427 238 353 4 0
;
435 0 229 113 238 161 245 209 254 274 272 168 203 176 300 211 330 270
195 224 182 280 270 271 290 397 291 330 238 277 243 426 238 351 4 0
;
436 0 229 111 237 160 244 208 253 272 271 167 202 175 299 210 330 266
194 223 184 278 269 269 295 396 292 315 236 275 242 423 238 348 4 4
;
437 0 229 111 236 159 243 207 252 271 271 166 202 174 298 209 329 265
193 222 184 277 269 268 296 393 292 304 235 274 243 422 238 347 4 4
;
438 0 229 111 236 159 242 206 251 270 271 166 201 174 297 209 328 263
192 221 184 277 268 267 296 376 291 280 234 273 243 409 238 343 0 4
;
439 0 228 111 236 159 242 206 251 270 270 166 201 174 296 208 328 263
192 221 185 277 268 267 297 375 291 277 234 273 243 409 238 342 0 4
;
440 0 228 112 236 160 242 207 250 270 270 166 200 175 294 207 323 257
191 221 185 278 267 267 294 368 291 268 233 273 242 409 239 342 4 0
;
441 0 228 114 236 160 242 207 250 270 270 166 200 176 294 206 327 266
191 221 185 279 267 267 301 369 290 266 233 273 242 409 239 342 4 4
;
442 0 227 115 234 162 241 208 250 270 268 168 200 178 293 206 321 257
191 223 186 279 267 267 294 362 290 261 233 274 242 409 239 342 4 0
;
443 0 226 115 233 163 240 208 250 271 268 168 200 178 293 206 321 258
191 223 186 280 267 267 293 364 289 265 233 274 242 409 239 342 0 0
;
444 0 226 115 233 162 240 208 249 271 267 168 199 178 293 208 325 269
191 223 188 280 266 267 293 370 289 272 232 274 242 409 238 342 0 4
;
445 0 225 115 233 162 239 207 249 271 267 168 199 178 293 209 325 269
192 223 188 280 266 267 292 372 290 276 232 274 242 409 238 343 0 4
;
446 0 225 114 232 161 239 207 248 270 267 168 199 176 293 209 324 265
192 222 187 279 265 267 291 386 290 293 231 273 242 409 237 343 0 4
;
447 0 225 113 232 160 239 206 248 270 267 167 199 176 293 209 324 265
192 222 187 278 265 266 290 385 289 296 231 273 242 409 237 344 0 4
;
448 0 225 113 232 159 239 206 248 269 267 167 199 175 293 209 323 265
192 221 186 278 265 266 290 389 289 308 231 272 242 409 236 342 4 4
;
449 0 225 112 233 159 239 205 248 269 268 166 199 175 293 208 323 264
192 221 185 278 265 266 291 393 288 319 231 272 242 409 235 342 4 4
;
450 0 225 112 233 158 239 205 248 269 268 166 199 175 293 208 323 265
192 221 184 278 265 266 290 395 286 325 231 272 241 409 235 342 4 4
;
451 0 226 111 233 158 239 205 248 269 268 165 199 174 294 208 323 266
192 221 184 278 265 266 291 398 284 332 232 272 241 409 235 342 4 4
;
452 0 226 110 234 158 240 205 248 269 269 165 199 174 294 208 322 267
193 221 183 278 265 266 290 403 281 341 232 272 241 408 234 343 4 4
;
453 0 227 110 234 157 240 205 248 269 269 165 199 174 294 208 322 269
193 221 183 277 265 266 290 404 280 344 232 272 241 408 233 343 4 4
;
454 0 228 109 236 157 241 205 249 270 271 165 200 173 295 209 322 271
193 221 183 277 265 267 291 407 279 350 232 273 241 409 232 348 4 4
;
455 0 229 109 236 157 242 205 249 270 271 165 201 172 296 209 323 272
194 221 183 278 265 267 292 409 279 350 232 273 241 409 232 348 4 4
;
456 0 232 108 239 156 243 205 250 270 273 164 203 170 297 209 323 273
196 220 183 277 266 268 290 409 279 352 233 273 241 409 232 349 4 4
;
457 0 235 107 241 156 245 205 250 271 276 164 204 169 299 210 324 275
198 219 184 276 267 269 288 410 280 353 234 273 241 409 232 349 4 4
;
458 0 237 106 243 156 247 205 251 271 277 165 206 168 300 211 325 276
199 218 184 276 268 270 287 410 281 353 235 273 241 409 232 349 4 0
;
459 0 241 106 247 155 249 205 253 272 280 165 208 166 303 212 326 279
202 217 185 276 269 271 287 410 282 352 237 273 241 410 232 349 4 0
;
460 0 243 106 248 155 251 205 254 272 282 165 210 166 304 213 327 280
203 216 186 275 270 271 286 410 283 352 238 273 241 410 233 348 4 0
;
461 0 248 105 252 155 253 205 255 272 286 166 213 165 307 214 328 281
206 215 187 275 271 272 286 410 283 351 240 272 241 410 234 347 4 0
;
462 0 250 105 253 155 254 205 256 272 287 166 215 164 309 215 329 282
207 215 188 274 272 272 286 409 284 351 240 272 241 408 235 345 4 0
;
463 0 254 105 256 155 257 205 257 272 291 166 218 164 311 215 331 283
209 214 190 274 273 272 286 408 284 350 241 272 241 407 236 343 4 0
;
464 0 255 104 257 155 258 205 258 272 292 166 219 163 312 216 332 284
210 213 191 274 274 272 286 408 285 349 242 272 241 407 236 343 4 0
;
465 0 258 104 260 155 259 205 259 272 295 167 221 163 314 216 334 285
212 213 192 274 276 272 286 408 285 349 243 272 241 406 237 343 4 0
;
466 0 259 104 261 155 260 206 260 272 295 167 222 163 315 216 334 285
213 213 193 274 276 272 286 408 286 349 244 272 241 407 238 344 4 0
;
467 0 261 104 262 155 262 206 261 272 297 167 224 163 317 217 336 286
214 212 194 273 277 272 287 407 287 349 245 272 242 407 238 344 4 0
;
468 0 262 104 263 155 263 206 262 272 298 167 225 163 317 217 336 286
215 212 195 273 278 272 287 407 287 349 246 272 242 408 239 344 4 0
;
469 0 263 104 265 155 264 206 263 272 300 167 226 163 319 217 338 286
216 212 196 274 279 273 287 407 288 348 247 272 242 408 240 345 4 0
;
470 0 264 104 265 155 264 206 264 273 300 167 226 163 320 217 339 286
216 212 196 274 280 273 287 407 288 348 247 272 242 408 240 345 4 0
;
471 0 265 104 266 155 266 206 264 273 302 167 227 163 321 217 340 286
217 213 198 275 281 273 287 407 289 348 248 273 242 408 241 345 4 1
;
472 0 266 104 267 155 266 206 265 273 302 167 228 163 322 217 341 286
218 213 198 275 281 273 287 407 289 348 249 273 242 408 241 345 4 1
;
473 0 267 104 268 155 267 206 265 273 303 167 229 163 323 217 342 286
219 213 200 275 282 273 287 407 290 349 249 273 242 408 241 345 4 1
;
474 0 267 104 268 155 267 206 266 273 304 167 229 163 323 217 342 287
219 213 200 276 282 273 287 407 290 349 250 273 242 408 241 346 4 1
;
475 0 268 104 269 155 268 206 266 273 304 167 230 163 324 217 343 286
220 213 201 276 283 273 287 407 291 349 250 273 242 409 242 346 4 1
;
476 0 268 104 269 155 268 206 267 273 305 167 230 163 324 217 343 286
221 213 201 276 283 273 287 407 291 349 250 273 242 409 242 346 4 1
;
477 0 269 104 270 156 268 206 267 273 305 167 231 163 325 217 343 287
221 213 202 276 283 273 287 407 291 349 251 273 242 408 242 345 4 1
;
478 0 269 104 270 156 269 206 267 273 306 167 231 163 325 217 343 287
221 213 201 276 284 273 287 407 291 349 251 273 242 408 242 345 4 1
;
479 0 270 104 270 156 269 206 267 273 306 167 232 163 325 217 343 287
221 213 201 276 284 273 287 407 291 349 251 273 242 408 242 346 4 1
;
480 0 270 104 270 156 269 206 267 273 307 167 232 163 325 217 343 287
222 213 201 276 284 273 287 407 291 349 251 273 242 408 242 346 4 1
;
481 0 271 104 271 156 269 206 268 273 307 167 232 163 326 217 343 288
222 213 201 275 284 273 287 407 291 349 251 273 242 408 243 345 4 1
;
482 0 272 104 271 156 270 206 268 273 308 167 233 163 326 217 343 287
222 213 201 275 284 273 287 407 291 349 251 273 242 408 243 345 4 1
;
483 0 273 104 272 156 270 206 268 273 308 168 233 163 326 218 343 288
222 213 202 275 284 273 287 407 291 349 251 273 242 408 243 345 4 1
;
484 0 273 104 272 156 270 206 268 273 309 168 233 163 326 218 343 288
222 213 202 275 284 273 287 407 291 349 251 273 242 408 243 345 4 1
;
485 0 274 104 273 156 270 206 268 273 309 168 234 163 326 218 343 288
223 213 203 275 284 273 287 407 291 349 251 273 242 408 243 345 4 1
;
486 0 274 104 273 156 271 206 268 273 309 168 234 162 326 218 343 288
223 213 203 275 284 273 287 407 291 349 252 273 242 408 243 345 4 1
;
487 0 275 104 273 156 271 206 268 273 310 168 235 162 327 218 344 288
223 212 203 275 285 273 287 407 291 349 252 273 242 408 243 345 4 1
;
488 0 275 104 273 156 271 206 268 273 310 168 235 162 327 218 343 288
223 212 203 275 285 273 287 407 291 349 252 273 242 408 243 345 4 1
;
489 0 275 104 273 156 271 206 268 273 310 168 235 162 327 218 344 288
224 212 204 275 285 273 287 407 291 349 252 273 242 408 243 345 4 1
;
490 0 276 104 274 156 271 206 268 273 310 168 235 162 327 218 344 288
224 212 204 275 285 273 287 407 291 349 252 273 242 408 243 345 4 1
;
491 0 276 104 274 156 271 206 268 273 310 168 235 162 327 218 344 288
224 212 204 275 285 273 287 407 292 349 252 272 242 408 243 345 4 1
;
492 0 276 104 274 156 271 206 269 273 310 168 235 162 327 218 344 288
224 212 204 275 285 273 287 407 292 349 252 272 242 408 243 345 4 1
;
493 0 276 104 274 156 272 206 269 273 311 168 236 162 327 218 344 288
224 212 204 275 285 273 286 407 292 349 252 272 243 408 243 345 4 1
;
494 0 276 104 274 156 272 206 269 273 311 168 236 162 327 218 344 288
224 212 204 275 285 273 286 407 292 349 252 272 243 408 243 345 4 1
;
495 0 276 104 274 156 272 206 269 273 311 168 236 162 327 218 344 288
224 212 204 275 285 273 287 407 292 350 252 272 243 407 243 344 4 1
;
496 0 276 104 274 156 272 206 269 273 311 168 236 162 327 218 344 289
224 212 204 275 285 273 287 407 292 350 252 272 243 407 243 344 4 1
;
497 0 276 104 274 156 272 206 269 273 311 168 236 162 327 218 344 288
224 212 204 275 285 273 287 407 292 350 252 272 242 407 243 344 4 1
;
498 0 277 104 274 156 272 206 269 273 311 168 236 162 327 218 344 288
224 212 204 275 285 273 287 407 292 350 253 272 243 407 243 344 4 1
;
499 0 277 104 274 156 272 206 269 273 311 168 236 162 328 218 344 288
224 212 204 275 286 273 287 407 292 350 253 272 242 408 244 345 4 1
;
500 0 277 104 274 156 272 206 269 273 311 168 236 162 328 218 344 288
224 212 204 275 286 273 287 407 292 350 253 272 242 408 244 345 4 1
;
501 0 277 104 274 156 272 207 269 273 311 168 236 162 328 218 344 288
224 212 204 274 286 273 287 407 292 350 253 272 242 408 244 345 4 1
;
502 0 277 104 275 156 272 207 269 273 311 168 236 162 328 218 344 289
224 212 204 274 286 273 287 407 292 350 253 272 242 407 244 344 4 1
;
503 0 276 104 275 156 272 207 269 273 311 168 237 162 328 218 343 289
225 212 204 274 286 273 287 407 292 350 253 272 242 408 244 345 4 1
;
504 0 275 104 275 156 272 207 269 273 311 168 237 162 328 218 342 290
225 212 204 273 286 273 287 407 292 350 253 272 242 408 244 345 4 1
;
505 0 273 105 275 157 272 207 269 273 311 168 237 162 328 218 339 291
226 212 204 272 285 273 287 407 292 349 253 272 242 409 244 345 4 0
;
506 0 270 105 275 157 272 207 268 273 309 168 238 162 327 219 335 292
228 212 205 270 285 273 287 407 291 349 252 272 242 409 244 345 4 0
;
507 0 268 105 275 157 272 207 268 273 308 168 238 162 326 219 333 293
229 212 206 270 284 273 287 407 291 349 252 272 242 409 244 345 4 0
;
508 0 267 106 275 157 272 207 268 273 307 168 238 163 325 220 330 295
230 212 206 269 284 274 287 407 291 349 252 272 242 408 244 344 0 0
;
509 0 263 106 274 157 271 207 268 273 305 168 238 163 323 220 323 297
231 212 208 269 284 274 287 407 291 349 253 272 242 408 244 343 0 0
;
510 0 261 106 273 157 271 207 268 273 303 168 237 163 322 221 319 298
231 212 208 268 283 274 287 407 291 349 253 272 242 407 244 343 0 0
;
511 0 258 107 271 157 269 208 266 274 300 169 237 163 319 220 310 299
231 212 209 269 280 275 287 407 290 349 253 272 242 406 244 343 0 0
;
512 0 254 107 268 157 266 208 263 274 295 169 236 163 313 218 295 299
231 212 210 269 276 275 287 407 289 350 250 272 241 410 244 346 0 0
;
513 0 251 108 266 157 265 208 263 274 293 169 236 163 310 218 287 299
231 211 210 269 276 275 287 407 289 350 250 272 241 412 244 348 0 0
;
514 0 247 108 263 157 264 208 263 274 288 168 235 163 300 219 270 296
231 211 211 270 276 275 287 408 288 351 250 272 241 413 243 349 3 0
;
515 0 245 108 261 157 263 208 263 274 285 168 234 163 294 220 260 297
230 211 211 270 275 275 287 408 288 351 251 272 241 413 243 348 3 0
;
516 0 239 109 258 157 261 208 263 274 281 168 233 164 285 220 241 295
230 211 213 271 276 275 287 407 288 350 252 273 241 422 243 349 3 0
;
517 0 237 110 256 158 260 209 263 274 279 168 232 165 280 220 233 293
230 212 213 272 276 275 287 407 287 350 253 274 241 422 243 349 0 0
;
518 0 231 111 252 159 257 210 262 275 275 169 230 166 272 219 220 289
229 213 216 269 272 276 287 407 286 350 252 275 241 423 242 356 0 0
;
519 0 229 112 250 159 255 211 261 276 272 170 228 166 268 218 214 288
226 214 215 267 271 277 287 407 285 350 252 275 241 423 242 356 0 0
;
520 0 224 113 246 160 252 212 260 276 269 171 226 167 257 220 203 290
226 214 221 282 270 277 287 408 282 350 251 275 241 424 242 357 0 1
;
521 0 223 114 244 161 251 212 260 276 267 171 225 168 253 221 199 291
226 214 222 279 269 278 287 409 280 351 251 275 241 424 242 357 0 1
;
522 0 220 114 241 162 249 213 259 277 263 173 223 170 247 224 192 293
226 215 222 279 268 279 287 409 279 351 250 276 242 425 242 358 0 1
;
523 0 219 115 239 163 248 214 258 278 261 173 221 171 239 229 187 298
226 216 221 278 267 279 288 410 278 352 249 276 242 425 242 355 0 1
;
524 0 218 115 237 163 246 215 257 279 258 174 219 173 237 230 185 300
225 217 221 276 266 281 288 411 277 354 249 277 242 426 242 353 0 1
;
525 0 217 115 236 164 245 215 256 279 257 175 219 173 236 231 185 301
224 217 222 276 265 281 288 412 278 355 248 277 242 426 241 353 0 1
;
526 0 216 115 234 164 243 216 255 280 254 175 217 174 234 232 185 303
223 218 222 276 264 282 288 413 279 357 247 278 242 427 241 352 0 1
;
527 0 216 114 233 164 243 216 255 280 254 175 216 175 233 232 185 303
222 219 222 275 263 282 288 414 280 359 246 278 242 427 241 352 0 1
;
528 0 215 114 232 164 241 216 253 280 252 175 214 171 232 232 185 304
224 212 223 272 262 282 288 415 280 360 245 278 242 427 241 352 0 1
;
529 0 214 114 231 164 241 216 253 280 252 175 214 171 232 233 185 304
224 212 224 271 261 282 288 415 280 361 245 279 243 427 240 354 0 1
;
530 0 214 114 230 164 240 216 252 281 251 175 213 172 232 233 185 304
218 217 219 277 261 282 288 415 279 361 244 279 243 427 240 353 0 1
;
531 0 213 114 230 164 240 216 252 281 251 175 212 173 232 233 185 303
218 217 218 278 260 283 288 415 279 361 244 279 243 427 240 353 0 1
;
532 0 213 114 229 164 239 216 251 281 250 175 211 173 231 233 184 303
217 217 214 279 259 283 288 415 278 362 243 279 243 427 239 353 0 1
;
533 0 213 113 229 164 239 216 251 281 250 175 211 173 231 233 184 304
217 217 213 281 259 283 288 415 278 362 242 279 243 427 239 353 0 1
;
534 0 213 113 229 164 239 216 250 281 250 175 211 174 231 233 184 304
216 218 212 282 259 283 288 415 278 362 242 280 243 427 239 353 0 1
;
535 0 213 113 229 164 238 216 250 281 250 175 211 174 231 233 183 304
216 218 217 277 259 283 288 415 278 362 242 280 243 427 239 353 0 1
;
