0 0 198 115 213 167 224 217 237 279 236 175 188 172 230 232 182 303
194 218 185 271 248 279 274 406 262 347 226 279 236 426 227 349 0 4
;
1 0 198 115 213 167 224 217 237 279 236 175 189 172 230 232 182 303
195 218 185 271 248 279 274 405 262 347 226 279 236 426 227 349 0 0
;
2 0 199 115 214 166 224 217 237 279 236 175 189 172 230 232 182 302
195 218 185 270 248 279 274 405 262 347 226 279 236 426 227 349 0 0
;
3 0 199 115 214 166 224 217 237 279 236 175 189 171 230 231 182 302
195 217 185 269 248 278 274 405 262 347 226 279 236 426 227 349 0 0
;
4 0 201 114 215 166 225 216 237 278 238 175 189 171 230 231 184 302
195 217 186 270 248 278 274 405 264 345 227 278 236 426 227 349 0 0
;
5 0 202 114 215 166 225 216 238 278 239 174 189 170 231 231 185 301
195 217 186 269 249 277 274 405 264 345 227 278 236 425 227 349 0 0
;
6 0 205 113 217 165 226 215 238 277 242 173 190 170 239 226 192 294
194 217 186 273 250 276 274 405 265 344 227 277 235 424 227 348 0 0
;
7 0 206 113 218 165 228 214 239 276 244 173 190 170 243 225 196 292
194 216 186 273 251 276 274 405 266 342 228 277 236 424 227 347 0 0
;
8 0 210 112 221 163 230 213 241 275 247 171 191 169 254 222 209 285
193 215 184 266 254 274 274 405 267 340 229 276 235 423 227 345 0 0
;
9 0 213 111 223 163 231 212 242 275 250 170 191 169 263 219 218 280
192 215 181 261 255 273 274 405 268 340 229 276 235 423 227 345 0 4
;
10 0 217 110 226 162 233 211 243 274 257 167 194 167 275 211 240 270
190 211 172 257 257 272 274 404 269 340 230 275 235 422 227 344 0 4
;
11 0 219 109 228 161 235 211 243 274 259 167 195 167 283 209 253 262
189 209 165 250 257 272 274 404 270 340 230 274 233 405 226 342 0 4
;
12 0 224 108 232 160 237 210 244 273 265 166 198 166 296 202 282 238
186 206 151 232 258 272 274 404 271 339 229 274 233 405 226 341 0 0
;
13 0 227 108 234 159 238 209 244 273 268 166 199 166 308 199 295 222
184 204 144 219 260 271 274 404 272 339 230 273 233 405 227 341 0 0
;
14 0 232 108 237 158 241 208 247 271 273 164 202 165 312 203 319 189
180 202 137 189 262 270 274 404 273 338 231 272 233 405 227 340 0 2
;
15 0 236 107 241 158 244 207 248 270 277 164 205 163 324 194 329 155
173 196 145 158 264 269 274 404 273 338 233 271 233 405 228 339 0 2
;
16 0 239 107 242 157 245 206 249 270 279 163 206 162 326 185 329 141
170 191 152 145 265 269 275 404 274 337 233 270 233 405 228 339 2 2
;
17 0 241 107 244 157 246 206 250 269 281 163 207 161 327 183 328 130
170 190 160 135 266 268 275 403 274 337 234 270 233 405 229 339 2 2
;
18 0 244 107 247 157 249 205 251 269 282 163 210 160 331 176 322 118
169 182 175 121 267 268 275 402 275 336 235 269 233 405 229 339 2 2
;
19 0 246 107 248 157 249 205 252 269 282 163 211 160 333 174 319 115
169 178 183 117 268 268 275 402 275 336 236 269 233 405 230 339 2 2
;
20 0 249 107 250 156 252 204 253 268 289 162 213 159 334 170 314 113
172 167 195 114 270 267 275 403 276 335 237 268 233 405 231 339 2 2
;
21 0 251 107 252 156 253 204 254 267 289 162 215 158 335 170 312 113
174 168 201 114 270 267 275 403 276 335 238 268 233 405 231 338 2 2
;
22 0 253 107 253 155 254 204 255 267 290 162 216 157 335 169 308 114
175 165 208 114 272 266 275 403 277 335 239 267 233 405 232 338 2 2
;
23 0 255 107 255 155 255 203 256 266 291 161 218 157 335 168 306 114
177 163 213 114 272 266 275 402 277 334 239 266 233 405 233 338 2 2
;
24 0 256 107 255 155 255 203 256 266 291 161 218 157 335 167 305 115
177 163 214 113 273 265 275 402 277 334 239 266 233 405 233 337 2 2
;
25 0 256 107 256 155 256 203 257 265 292 161 219 156 335 167 304 115
177 159 216 114 273 265 275 403 278 333 240 266 233 405 234 337 2 1
;
26 0 258 107 256 155 256 202 257 265 292 161 220 156 335 167 304 115
179 158 218 114 274 265 276 403 278 333 240 265 233 405 234 337 2 1
;
27 0 258 107 257 155 257 202 258 265 293 161 221 156 335 167 304 116
180 159 218 114 275 264 276 403 278 333 241 265 233 405 234 337 2 1
;
28 0 259 107 258 155 258 202 258 265 294 161 221 156 335 167 304 116
180 159 219 114 275 264 276 403 279 333 241 265 233 405 234 336 2 1
;
29 0 259 107 258 155 258 202 258 264 294 161 222 156 335 167 304 116
181 159 218 114 275 264 276 403 279 333 241 265 233 405 235 336 2 1
;
30 0 259 107 258 155 258 202 258 264 295 161 222 156 335 167 304 116
181 160 219 115 275 264 276 403 279 333 241 264 233 404 235 336 2 2
;
31 0 260 107 259 154 258 202 258 264 295 161 222 156 335 167 303 117
182 160 219 116 275 264 276 403 279 333 241 264 233 404 235 336 2 1
;
32 0 260 107 259 154 259 202 258 264 295 161 223 156 335 167 303 118
182 160 219 116 275 264 276 403 279 333 241 264 233 404 235 336 2 1
;
33 0 260 107 259 154 259 201 258 264 295 161 223 156 335 168 301 119
182 159 220 117 276 264 276 403 279 333 241 264 233 404 235 336 2 1
;
34 0 260 107 259 154 259 201 258 264 295 161 223 155 335 168 301 119
182 160 220 117 276 264 276 403 279 333 241 264 233 404 235 336 2 1
;
35 0 260 107 259 154 259 201 258 264 295 161 223 156 335 169 300 120
183 161 219 118 276 264 276 402 279 333 241 264 233 404 235 336 2 2
;
36 0 260 107 259 154 259 201 258 264 295 161 223 156 335 169 300 120
183 160 219 118 276 264 276 403 279 333 241 264 233 404 235 336 2 2
;
37 0 260 107 259 154 259 201 259 264 295 160 223 156 335 169 300 120
183 161 218 117 276 264 276 403 279 333 241 264 233 404 235 336 2 2
;
38 0 260 107 259 154 259 201 258 264 295 160 223 156 335 169 300 119
183 161 218 117 276 264 276 402 279 333 241 264 233 404 235 336 2 2
;
39 0 260 107 259 154 259 201 258 264 295 160 223 156 335 169 299 120
183 162 218 117 275 264 276 402 279 333 241 264 233 404 235 336 2 2
;
40 0 260 107 259 154 259 201 258 264 295 160 223 156 335 169 299 120
183 162 218 117 276 264 276 402 279 333 241 264 233 404 235 336 2 2
;
41 0 260 106 259 154 259 201 259 264 295 160 223 156 334 170 299 120
183 162 218 117 276 264 276 403 279 333 241 264 233 404 235 336 2 2
;
42 0 260 106 259 154 259 201 259 264 295 160 223 156 334 170 299 120
183 162 218 118 276 264 276 403 279 333 241 264 233 404 235 336 2 1
;
43 0 259 106 259 154 259 201 259 264 295 160 223 156 334 170 299 119
183 162 218 118 276 264 276 403 279 333 242 264 233 404 235 336 2 2
;
44 0 259 106 259 154 259 201 259 264 295 160 223 156 334 170 299 120
183 163 218 118 276 264 276 403 279 333 242 264 233 404 235 336 2 2
;
45 0 259 106 259 154 259 201 259 264 294 160 221 156 334 170 299 120
182 163 218 119 276 264 276 403 279 333 242 264 233 404 235 336 2 1
;
46 0 259 106 259 154 259 201 259 264 294 160 221 156 333 170 299 120
181 163 218 119 276 264 276 403 279 333 242 264 233 404 235 336 2 1
;
47 0 259 106 259 154 259 201 259 264 294 160 221 156 333 170 299 120
181 164 218 119 276 264 276 403 279 333 242 264 233 404 235 336 2 1
;
48 0 259 106 258 154 259 201 259 264 294 160 221 156 333 170 299 120
181 164 218 119 276 264 276 403 279 333 242 264 233 404 235 336 2 1
;
49 0 259 106 258 154 259 201 259 264 293 160 220 156 333 170 299 120
181 164 218 119 276 264 276 403 279 333 242 264 233 404 235 336 2 1
;
50 0 259 106 258 154 259 201 259 264 293 160 220 156 333 170 299 120
181 164 218 119 276 264 276 403 279 333 242 264 233 404 235 336 2 1
;
51 0 259 106 258 154 258 201 259 264 293 160 220 157 333 170 298 120
181 164 218 119 276 264 276 403 279 333 242 264 233 404 235 336 2 1
;
52 0 259 106 258 154 258 201 259 264 293 160 220 157 333 170 299 120
180 163 218 119 276 264 276 403 279 333 242 264 233 404 235 336 2 1
;
53 0 259 106 258 154 258 201 259 264 293 160 220 157 333 170 299 120
181 164 218 119 276 264 276 403 279 333 242 264 233 404 235 336 2 1
;
54 0 259 106 258 154 258 201 259 264 293 160 220 157 333 170 298 120
181 164 218 119 276 264 276 403 279 333 241 264 233 404 235 336 2 1
;
55 0 259 106 258 154 258 201 259 264 293 160 220 157 333 170 298 120
181 164 218 119 276 264 276 403 279 333 241 264 233 404 235 336 2 1
;
56 0 259 106 258 154 258 201 259 264 293 161 220 157 333 170 298 120
181 164 218 119 276 264 276 403 279 333 241 264 233 404 235 336 2 1
;
57 0 259 106 258 154 258 201 258 264 293 161 220 157 333 170 298 120
181 164 218 120 276 264 276 403 279 333 241 264 233 404 235 336 2 1
;
58 0 259 106 258 154 258 201 258 264 293 161 220 157 333 170 298 120
180 163 218 120 275 264 276 403 279 333 241 264 233 404 235 336 2 1
;
59 0 259 106 258 154 258 201 258 264 293 161 220 157 333 170 298 120
181 164 218 120 275 264 276 403 279 333 241 264 233 404 235 336 2 1
;
60 0 259 106 258 154 258 201 258 264 293 161 220 157 333 170 298 120
181 164 218 120 275 264 276 403 279 333 241 264 233 404 235 336 2 1
;
61 0 259 106 257 154 258 201 258 264 293 161 220 157 333 170 298 120
181 164 218 120 275 264 276 403 279 333 241 264 233 404 235 336 2 1
;
62 0 259 106 257 154 258 201 258 264 293 161 220 157 333 170 298 120
181 164 218 120 275 264 276 403 279 333 241 264 233 404 235 336 2 1
;
63 0 259 106 257 154 258 201 258 264 293 161 220 157 333 170 298 120
181 164 217 120 275 264 276 403 279 333 241 264 233 404 235 336 2 1
;
64 0 258 106 257 154 258 201 258 264 293 161 220 157 332 170 298 120
181 165 215 123 275 264 276 403 279 333 241 264 233 404 235 336 2 1
;
65 0 258 106 257 154 258 201 258 264 293 161 221 157 332 170 298 120
181 165 212 127 275 264 276 403 279 333 241 264 233 404 235 336 2 2
;
66 0 258 106 257 154 258 201 258 264 292 161 221 157 332 170 298 120
182 165 211 128 275 264 276 403 279 333 241 264 233 404 235 336 2 3
;
67 0 258 107 257 154 258 202 258 264 292 161 221 157 332 170 298 121
182 165 210 128 275 264 276 403 279 333 241 264 233 404 235 336 2 3
;
68 0 258 107 257 154 258 202 258 264 292 161 221 156 332 170 298 120
182 165 210 128 275 264 276 403 279 333 241 264 233 404 234 336 2 3
;
69 0 258 107 257 154 258 202 258 264 292 161 221 156 332 170 298 121
182 165 209 129 275 265 276 403 279 333 241 264 233 404 234 336 2 3
;
70 0 258 107 257 155 258 202 258 265 292 161 221 156 332 170 298 121
182 165 209 129 275 265 276 403 278 333 241 264 233 404 234 336 2 3
;
71 0 258 107 257 155 257 202 258 265 292 161 221 156 332 170 298 120
182 165 209 129 275 265 276 403 278 333 241 265 233 404 234 336 2 3
;
72 0 258 107 257 155 257 202 258 265 292 161 221 156 332 170 298 120
182 165 209 129 275 265 276 403 278 333 241 265 233 404 234 336 2 3
;
73 0 258 107 257 155 257 202 258 265 292 161 221 156 332 171 298 121
182 165 210 128 275 265 276 403 278 333 241 265 233 404 234 336 2 3
;
74 0 258 107 257 155 257 202 258 265 292 161 222 156 332 171 298 120
182 165 210 128 275 265 276 403 278 333 241 265 233 404 234 336 2 3
;
75 0 258 107 257 155 257 202 258 265 292 161 222 156 332 171 298 121
182 165 211 126 275 265 276 402 278 333 241 265 233 404 234 336 2 2
;
76 0 258 107 257 155 257 202 258 265 292 161 222 156 331 171 298 120
182 165 214 124 275 265 276 403 278 333 241 265 233 404 234 336 2 2
;
77 0 258 107 257 155 257 202 258 265 292 161 221 157 331 171 298 120
182 165 215 122 275 265 276 402 278 333 241 265 233 404 234 336 2 2
;
78 0 258 107 257 155 257 202 258 265 292 161 221 157 331 171 298 120
181 165 215 121 275 265 276 403 278 333 240 265 233 404 234 336 2 2
;
79 0 258 107 257 155 257 202 258 265 292 161 221 157 332 171 298 120
181 165 216 120 275 265 276 402 278 333 240 265 233 404 234 336 2 2
;
80 0 258 107 257 155 257 202 257 265 292 161 220 157 332 171 298 120
181 165 215 120 274 265 276 402 278 333 240 265 233 404 234 336 2 2
;
81 0 258 107 258 154 257 202 257 265 292 161 221 157 332 171 298 120
180 163 216 120 274 265 276 402 278 333 240 265 233 404 234 336 2 2
;
82 0 258 107 257 155 257 202 257 265 292 161 221 157 332 171 298 121
181 164 215 121 274 265 276 403 278 333 240 265 233 404 234 336 2 2
;
83 0 258 107 257 155 257 202 257 265 292 161 221 157 332 171 298 120
181 164 214 123 274 265 276 403 278 333 240 265 233 404 234 336 2 2
;
84 0 258 107 257 155 257 202 257 265 292 161 221 157 332 171 298 120
181 164 212 125 274 265 276 402 278 333 240 265 233 404 234 336 2 2
;
85 0 258 107 257 155 257 202 257 265 292 161 221 157 332 171 298 120
182 164 212 126 274 265 276 403 278 333 240 265 233 404 234 336 2 2
;
86 0 258 107 257 155 257 202 257 265 292 161 221 157 332 171 298 120
182 164 211 127 274 265 276 402 278 333 240 265 233 404 234 336 2 3
;
87 0 258 107 257 155 257 202 257 265 292 161 221 157 332 171 298 120
182 164 210 127 274 265 276 402 278 333 240 265 233 404 234 336 2 3
;
88 0 258 107 257 155 257 202 257 265 292 161 221 157 332 171 298 121
182 165 209 127 274 265 276 402 278 333 240 265 233 404 234 336 2 3
;
89 0 258 107 258 155 257 202 257 265 292 161 221 157 332 171 298 120
182 165 209 127 274 265 276 402 278 333 240 265 233 404 234 336 2 3
;
90 0 258 107 258 155 257 202 257 265 292 161 221 157 332 171 298 120
182 165 209 127 274 265 276 402 278 333 240 265 233 404 234 336 2 3
;
91 0 258 107 258 155 257 202 257 265 292 161 221 157 332 171 298 120
182 165 209 127 274 265 276 402 278 333 240 265 233 404 234 336 2 3
;
92 0 258 107 258 155 258 202 257 265 292 161 221 157 331 171 298 120
182 165 209 127 274 265 276 402 278 333 240 265 233 404 234 336 2 3
;
93 0 258 107 258 155 258 202 257 265 292 161 222 157 331 171 298 121
182 165 210 127 274 265 276 402 278 333 240 265 233 404 234 336 2 3
;
94 0 258 107 258 155 258 202 257 265 292 161 222 157 331 171 298 120
182 165 210 127 274 265 276 402 278 333 240 265 233 404 234 336 2 3
;
95 0 258 107 258 155 258 202 257 265 292 161 222 157 331 171 298 120
182 165 210 127 274 265 276 402 278 333 240 265 233 404 234 336 2 2
;
96 0 258 107 258 155 257 202 257 265 292 161 222 157 331 171 298 120
182 165 211 125 274 265 276 403 278 333 240 265 233 404 234 336 2 2
;
97 0 258 107 258 155 257 202 257 265 292 161 222 157 331 171 298 120
182 165 211 125 274 265 276 402 278 333 240 265 233 404 234 336 2 2
;
98 0 257 107 257 155 257 202 257 265 292 161 221 157 331 171 298 120
181 165 212 124 274 265 276 402 278 333 240 265 233 404 234 336 2 2
;
99 0 257 107 258 155 257 202 257 265 292 161 221 157 331 171 298 120
181 165 214 121 274 265 276 402 278 333 240 265 233 404 234 336 2 2
;
100 0 257 107 257 155 257 202 257 265 292 161 220 157 331 171 298 120
181 165 214 120 274 265 276 403 278 333 240 265 233 404 234 336 2 2
;
101 0 257 107 257 155 257 202 257 265 292 161 221 157 331 171 298 120
181 165 214 120 274 265 276 403 278 333 240 265 233 404 234 336 2 2
;
102 0 258 107 257 155 257 202 257 265 292 161 221 157 331 171 298 120
181 165 213 120 274 265 276 403 278 333 240 265 233 404 234 336 2 2
;
103 0 258 107 257 155 257 202 257 265 292 161 221 157 332 171 298 120
181 165 212 122 274 265 276 403 278 333 240 265 233 404 234 336 2 2
;
104 0 258 107 257 155 257 202 257 265 292 161 221 157 332 171 298 121
181 165 211 124 274 265 276 403 278 333 240 265 233 404 234 336 2 2
;
105 0 258 107 257 155 257 202 257 265 292 161 221 157 332 171 298 121
181 165 210 125 274 265 276 403 278 333 240 265 233 404 234 336 2 2
;
106 0 258 107 257 155 257 202 257 265 292 161 221 157 332 171 298 120
181 165 209 127 274 265 276 403 278 333 240 265 233 404 234 336 2 3
;
107 0 258 107 257 155 257 202 257 265 292 161 221 157 332 171 298 121
181 165 209 127 274 265 276 403 278 333 240 265 233 404 234 336 2 3
;
108 0 258 107 257 155 257 202 257 265 292 161 221 157 332 171 298 121
181 165 209 127 274 265 276 402 278 333 240 265 233 404 234 336 2 3
;
109 0 258 107 257 155 257 202 257 265 292 161 221 157 331 171 298 120
181 165 209 127 274 265 276 403 278 333 240 265 233 404 234 336 2 3
;
110 0 258 107 257 155 257 202 257 265 292 161 221 157 332 171 299 120
182 165 209 127 274 265 276 403 278 334 240 265 233 404 234 336 2 3
;
111 0 258 107 257 155 257 202 257 265 292 161 221 157 331 171 298 120
182 165 209 127 274 265 276 403 278 334 240 265 233 404 234 336 2 3
;
112 0 258 107 257 155 257 202 257 265 292 161 221 157 331 171 298 120
182 165 209 127 274 265 276 403 278 334 240 265 233 404 234 336 2 3
;
113 0 258 107 257 155 257 202 257 265 292 161 221 157 332 171 298 120
182 165 209 127 274 265 276 403 278 334 240 265 233 404 234 336 2 3
;
114 0 258 107 257 155 257 202 257 265 292 161 221 157 332 171 298 120
181 164 209 127 274 265 276 403 278 334 240 265 233 404 234 336 2 3
;
115 0 258 107 257 155 257 202 257 265 292 161 221 157 332 171 298 120
181 164 210 126 274 265 276 403 278 334 240 265 233 404 234 336 2 2
;
116 0 258 107 257 155 257 202 257 265 292 161 221 157 332 171 298 120
182 164 211 125 274 265 276 402 278 334 240 265 233 404 234 336 2 2
;
117 0 258 107 257 155 257 202 257 265 292 161 221 157 332 171 298 120
182 164 212 124 274 265 276 403 278 334 240 265 233 404 234 336 2 2
;
118 0 258 107 257 155 257 202 257 265 292 161 222 157 331 171 298 120
182 164 213 121 274 265 276 402 278 334 240 265 233 404 234 336 2 2
;
119 0 258 107 257 155 257 202 257 265 292 161 221 157 331 171 299 120
181 164 214 120 274 265 276 403 278 334 240 265 233 404 234 336 2 2
;
120 0 258 107 257 155 257 202 257 265 292 161 221 157 332 171 299 120
181 164 214 119 274 265 276 403 278 334 240 265 233 404 234 336 2 2
;
121 0 258 107 257 155 257 202 257 265 292 161 221 157 332 171 298 120
181 164 214 119 274 265 276 402 278 333 240 265 233 404 234 336 2 2
;
122 0 258 106 257 155 257 202 257 265 292 161 221 157 332 171 299 120
181 163 214 121 274 265 276 403 278 333 240 265 233 404 234 336 2 2
;
123 0 258 106 257 155 257 202 257 265 292 161 221 157 332 171 299 120
181 163 213 123 274 265 276 403 278 334 240 265 233 404 234 336 2 2
;
124 0 258 106 257 155 257 202 257 265 292 161 222 157 332 171 299 120
181 164 211 126 274 265 276 403 278 334 240 265 233 404 234 336 2 2
;
125 0 258 106 257 155 257 202 257 265 292 161 222 157 332 171 299 120
181 164 211 126 274 265 276 403 278 334 240 265 233 404 234 336 2 2
;
126 0 258 106 257 155 257 202 257 265 292 161 222 157 332 171 299 120
181 164 210 127 274 265 276 403 278 334 240 265 233 404 234 336 2 3
;
127 0 258 106 257 155 257 202 257 265 292 161 222 157 332 171 299 120
182 164 210 127 274 265 276 403 278 334 240 265 233 404 234 336 2 3
;
128 0 258 106 258 155 257 202 257 265 292 161 222 157 332 171 299 120
182 164 209 127 274 265 276 403 278 334 240 265 233 404 234 336 2 3
;
129 0 258 106 258 155 257 202 257 265 292 161 222 157 332 171 299 120
182 164 209 127 274 265 276 403 278 334 240 265 233 404 234 336 2 3
;
130 0 258 106 257 155 257 202 257 265 292 161 222 156 332 171 299 120
182 165 209 127 274 265 276 403 278 334 240 265 233 404 234 336 2 3
;
131 0 258 106 258 155 258 202 257 265 292 161 222 156 332 171 299 120
182 165 209 127 274 265 276 403 278 334 241 265 233 404 234 336 2 3
;
132 0 258 106 258 155 258 202 258 265 292 161 222 156 332 171 299 120
182 165 209 127 275 265 276 403 278 334 241 265 233 404 234 336 2 3
;
133 0 258 106 258 155 258 202 258 265 292 161 222 156 332 171 299 120
182 165 210 127 275 265 276 403 278 334 241 265 233 404 234 337 2 3
;
134 0 258 106 258 155 258 202 258 265 292 161 222 156 332 171 299 120
182 165 210 127 275 265 276 403 278 334 241 265 233 404 234 337 2 3
;
135 0 258 106 258 155 258 202 258 265 292 161 222 156 332 171 299 120
182 165 210 126 275 265 276 403 278 334 241 265 233 404 234 337 2 2
;
136 0 258 106 258 155 258 202 258 265 292 161 222 156 332 171 299 120
182 165 212 124 275 265 276 403 278 334 241 265 233 404 234 337 2 2
;
137 0 258 106 258 155 258 202 258 265 292 161 222 156 332 171 299 120
182 165 213 123 275 265 276 403 278 334 241 265 233 404 234 337 2 2
;
138 0 258 106 258 155 258 202 258 265 292 161 221 157 332 171 300 120
181 165 214 121 275 265 276 403 278 334 241 265 233 404 234 336 2 2
;
139 0 258 106 258 155 258 202 258 265 292 161 221 157 332 171 300 120
181 165 215 120 275 265 276 403 278 334 241 265 233 404 234 336 2 2
;
140 0 258 106 257 155 258 202 258 265 292 161 221 157 332 171 300 120
181 165 215 119 275 265 276 403 278 334 241 265 233 404 234 336 2 2
;
141 0 258 106 257 155 258 202 258 265 292 161 221 156 332 171 300 120
181 165 214 120 275 265 276 403 278 334 241 265 233 404 234 336 2 2
;
142 0 258 106 257 155 258 202 258 265 292 161 221 156 332 171 300 120
181 165 213 124 275 265 276 403 278 334 241 265 233 404 234 336 2 2
;
143 0 258 106 258 155 258 202 258 265 292 161 221 156 332 171 300 120
181 165 211 126 275 265 276 403 278 334 241 265 233 404 234 336 2 2
;
144 0 258 106 258 155 258 202 258 265 292 161 221 156 332 171 300 120
181 165 211 127 275 265 276 403 278 334 241 265 233 404 234 336 2 3
;
145 0 258 106 258 155 258 202 258 265 292 161 222 156 332 171 300 121
182 165 210 127 275 265 276 403 278 334 241 265 233 404 234 336 2 3
;
146 0 258 106 258 155 258 202 258 265 292 161 222 156 332 171 300 121
181 164 210 127 275 265 276 402 278 334 241 265 233 404 234 336 2 3
;
147 0 258 106 258 155 258 202 258 265 292 161 222 156 332 171 300 121
182 164 210 127 275 265 276 403 278 334 241 265 233 404 234 337 2 3
;
148 0 258 106 258 155 258 202 258 265 292 161 222 156 332 171 300 120
182 164 210 127 275 265 276 403 278 334 241 265 233 404 234 337 2 3
;
149 0 258 106 258 155 258 202 258 265 292 161 222 156 332 171 300 121
182 164 210 127 275 265 276 403 278 334 241 265 233 404 234 337 2 3
;
150 0 258 106 258 155 258 202 258 265 292 161 222 156 332 171 300 120
182 164 210 127 275 265 276 403 278 334 241 265 233 404 234 337 2 3
;
151 0 258 106 258 155 258 202 258 265 292 161 222 156 332 171 300 121
182 165 209 127 275 265 276 403 278 334 241 265 233 404 234 337 2 3
;
152 0 258 106 258 155 258 202 258 265 292 161 222 156 332 171 300 121
182 165 209 127 275 265 276 403 278 334 241 265 233 404 234 337 2 3
;
153 0 258 106 258 155 258 202 258 265 292 161 221 157 332 171 300 121
181 165 210 127 275 266 276 403 278 334 241 265 233 404 234 337 2 3
;
154 0 258 106 258 155 258 202 258 265 292 161 221 157 332 171 300 121
181 165 210 127 275 266 276 403 278 334 241 265 233 404 234 337 2 3
;
155 0 258 106 258 155 258 202 258 265 292 161 222 157 332 171 300 121
182 165 210 127 274 266 276 403 278 334 241 265 233 404 234 337 2 3
;
156 0 258 106 258 155 258 202 258 265 292 161 221 157 332 171 300 121
181 165 211 126 274 266 276 403 278 334 240 265 233 404 234 337 2 2
;
157 0 258 106 258 155 258 202 258 265 292 161 221 157 332 171 300 121
181 165 213 123 274 266 276 403 278 334 240 265 233 404 234 336 2 2
;
158 0 258 106 258 155 258 202 257 265 292 161 222 157 332 171 300 121
182 165 214 122 274 266 276 402 278 334 240 265 233 404 234 336 2 2
;
159 0 258 106 258 155 258 202 257 265 292 161 222 157 332 171 300 121
181 163 215 120 274 265 276 403 278 334 240 265 233 404 234 336 2 2
;
160 0 258 106 258 155 258 202 257 265 292 161 222 157 332 171 300 121
181 163 215 120 274 265 276 403 278 334 240 265 233 404 234 336 2 2
;
161 0 258 106 258 155 258 202 257 265 292 161 221 157 332 172 300 121
181 164 215 120 274 265 276 402 278 334 240 265 233 404 234 336 2 2
;
162 0 258 106 258 155 258 202 257 265 292 161 221 157 332 172 300 121
181 164 214 122 274 265 276 403 278 334 240 265 233 404 234 336 2 2
;
163 0 258 106 258 155 258 202 257 265 292 161 222 157 332 172 300 121
181 164 212 125 274 265 276 403 278 334 240 265 233 404 234 336 2 2
;
164 0 258 106 258 155 258 202 257 265 292 161 222 156 332 172 300 121
182 164 211 126 274 265 276 403 278 334 240 265 233 404 234 336 2 3
;
165 0 258 106 258 155 258 202 257 265 292 161 222 156 332 172 300 121
182 164 210 127 274 265 276 403 278 334 240 265 233 405 234 336 2 3
;
166 0 258 106 258 155 258 202 257 265 292 161 222 156 332 172 300 121
182 164 210 127 274 265 276 403 278 334 240 265 233 405 234 336 2 3
;
167 0 259 106 258 155 258 202 257 265 292 161 222 156 332 172 300 121
182 164 210 127 274 265 276 403 278 334 240 265 233 405 234 336 2 3
;
168 0 259 106 258 155 258 202 257 265 292 161 222 156 332 172 300 121
182 164 210 127 274 265 276 403 278 334 240 265 233 405 234 336 2 3
;
169 0 259 106 258 155 258 202 257 265 292 161 222 156 332 172 300 121
182 164 210 127 274 266 276 403 278 334 240 265 233 404 234 336 2 3
;
170 0 259 106 258 155 258 202 257 265 292 161 222 156 332 172 300 121
182 164 210 127 274 266 276 403 278 334 240 265 233 405 234 336 2 3
;
171 0 259 106 258 155 258 202 257 265 292 161 222 156 332 172 300 121
182 164 210 127 274 266 276 403 278 334 240 265 233 404 234 337 2 3
;
172 0 259 106 258 155 258 202 257 265 292 161 222 156 332 172 300 121
182 164 210 127 274 266 276 403 278 334 240 265 233 404 234 337 2 3
;
173 0 259 106 258 155 258 202 257 265 292 161 222 156 333 172 300 121
182 165 210 127 274 266 276 403 278 334 240 265 233 404 234 337 2 3
;
174 0 259 106 258 155 258 202 257 265 292 161 222 156 333 172 300 121
182 165 210 127 274 266 276 403 278 334 240 265 233 404 234 337 2 3
;
175 0 259 106 258 155 258 202 257 265 292 161 222 157 333 172 300 121
182 165 210 126 274 266 276 403 278 334 240 265 233 404 234 337 2 3
;
176 0 259 106 258 155 258 202 257 265 292 161 222 157 333 172 300 121
182 165 211 126 274 266 276 403 278 334 240 265 233 404 234 337 2 2
;
177 0 259 106 258 155 258 202 257 265 292 161 222 157 333 172 300 121
182 165 213 123 274 266 276 403 278 334 240 265 233 404 234 337 2 2
;
178 0 259 106 258 155 258 202 257 265 292 161 222 157 333 172 300 121
182 165 214 121 274 266 276 403 278 334 240 265 233 405 234 337 2 2
;
179 0 259 106 258 155 258 202 257 265 292 161 222 156 333 172 300 121
182 165 214 119 274 265 276 403 278 334 240 265 233 404 234 336 2 2
;
180 0 259 106 258 155 257 202 257 265 292 161 221 157 333 172 300 121
181 165 214 119 274 265 276 403 278 334 240 265 233 404 234 336 2 2
;
181 0 258 106 258 155 258 202 257 265 292 161 221 157 333 172 300 121
181 165 214 121 274 265 276 403 278 334 240 265 233 404 234 336 2 2
;
182 0 258 106 258 155 258 202 257 265 292 161 221 157 333 172 300 121
181 165 213 123 274 265 276 402 278 334 240 265 233 404 234 336 2 2
;
183 0 258 106 258 155 258 202 257 265 292 161 221 156 333 172 300 121
181 165 211 125 274 265 276 402 278 334 240 265 233 404 234 336 2 2
;
184 0 258 106 258 155 258 202 257 265 292 161 221 157 333 172 300 121
181 165 211 126 274 265 276 403 278 334 240 265 233 404 234 336 2 3
;
185 0 258 106 258 155 258 202 257 265 292 161 221 156 332 172 300 121
181 165 210 127 274 266 276 403 278 334 240 265 233 404 234 336 2 3
;
186 0 258 106 258 155 258 202 257 265 292 161 221 156 332 172 300 121
181 165 210 127 274 266 276 403 278 334 240 265 233 404 234 336 2 3
;
187 0 258 106 258 155 258 202 257 265 292 161 221 156 332 172 300 121
181 165 209 127 274 266 276 403 278 334 240 265 233 404 234 336 2 3
;
188 0 258 106 258 155 258 202 257 265 292 161 221 157 332 172 300 121
181 165 209 127 274 266 276 403 278 334 240 265 233 404 234 336 2 3
;
189 0 258 106 258 155 258 202 257 266 292 161 221 157 332 172 300 121
181 165 209 127 274 266 276 403 278 334 240 265 233 404 234 336 2 3
;
190 0 258 106 258 155 257 202 257 266 292 161 222 157 332 172 300 121
181 165 209 127 274 266 276 403 278 334 240 265 233 404 234 336 2 3
;
191 0 258 106 258 155 258 202 257 266 292 161 221 157 332 172 300 121
181 165 209 127 274 266 276 403 278 334 240 266 233 404 233 337 2 3
;
192 0 258 106 258 155 257 202 257 266 292 161 221 157 332 172 300 121
181 165 209 127 274 266 276 403 278 334 240 266 233 404 233 337 2 3
;
193 0 258 106 258 155 258 202 257 266 292 161 221 157 332 172 300 121
181 165 209 127 274 266 276 403 278 334 240 266 233 404 233 337 2 3
;
194 0 258 106 258 155 258 202 257 266 292 161 221 157 332 172 300 121
181 165 209 127 274 266 276 403 278 334 240 266 233 404 233 337 2 3
;
195 0 258 106 258 155 257 202 257 266 292 161 221 157 332 172 300 121
181 165 210 126 274 266 276 403 278 334 240 266 234 405 233 337 2 3
;
196 0 258 106 258 155 257 202 257 266 292 161 221 157 332 172 300 121
181 165 210 125 274 266 276 403 278 334 240 266 234 405 233 337 2 2
;
197 0 258 106 258 155 257 202 257 266 292 161 221 157 332 172 300 121
180 165 212 123 274 266 276 403 278 334 240 266 234 405 233 337 2 2
;
198 0 258 106 258 155 257 202 257 266 292 161 221 157 332 172 300 121
180 165 213 120 274 266 276 403 278 334 240 266 234 405 233 337 2 2
;
199 0 258 106 257 155 257 202 257 266 292 161 221 157 332 172 300 121
180 165 214 119 274 266 276 403 278 334 240 266 234 405 233 337 2 2
;
200 0 258 106 257 155 257 202 257 266 292 161 220 157 332 172 300 121
180 165 214 119 274 266 276 403 278 334 240 266 233 405 233 337 2 2
;
201 0 258 106 257 155 257 202 257 266 292 161 221 157 332 172 300 121
180 165 214 119 274 266 275 403 278 334 240 265 234 405 233 337 2 2
;
202 0 258 106 257 155 257 202 257 265 292 161 220 157 332 172 300 121
180 165 214 120 274 266 275 403 278 334 240 265 234 404 233 337 2 2
;
203 0 258 106 257 155 257 202 257 266 292 161 221 157 332 173 301 122
181 165 212 123 274 266 276 403 278 334 240 265 233 404 233 337 2 2
;
204 0 258 106 257 155 257 202 257 266 292 161 221 157 332 173 301 122
181 165 211 124 274 266 276 403 278 334 240 265 234 404 233 337 2 2
;
205 0 258 106 257 155 257 202 257 266 292 161 221 157 333 173 301 122
181 165 210 126 274 266 276 403 278 334 239 266 233 404 233 337 2 3
;
206 0 258 106 258 155 257 202 257 266 292 161 221 157 333 173 301 122
181 165 210 126 274 266 275 403 278 334 239 266 233 404 233 337 2 3
;
207 0 258 106 258 155 257 202 257 266 292 161 221 157 333 173 301 122
181 165 210 127 274 266 276 403 278 334 240 266 233 404 233 337 2 3
;
208 0 259 106 258 155 257 202 257 266 292 161 221 157 333 173 301 122
181 164 210 127 274 266 276 403 278 334 240 266 233 404 233 337 2 3
;
209 0 259 106 258 155 257 202 257 266 292 161 222 157 333 173 301 122
181 164 210 127 274 266 275 403 278 334 240 266 234 404 233 337 2 3
;
210 0 259 106 258 155 257 202 257 266 292 161 222 157 333 173 301 122
181 164 210 127 274 266 276 403 278 334 240 266 233 404 233 337 2 3
;
211 0 259 106 258 155 257 202 257 266 292 161 222 157 334 173 301 122
181 164 210 127 274 266 276 403 278 334 240 266 233 404 233 337 2 3
;
212 0 259 106 258 155 257 202 257 266 292 161 222 157 334 173 301 122
181 165 210 127 274 266 276 403 278 334 240 266 233 404 233 337 2 3
;
213 0 259 106 258 155 257 202 257 266 292 161 222 157 334 173 301 122
182 165 210 127 274 266 276 403 278 334 240 266 233 404 233 337 2 3
;
214 0 259 106 258 155 257 202 257 266 292 161 222 157 334 173 301 122
182 165 210 127 274 266 276 402 278 334 240 266 233 404 233 337 2 3
;
215 0 259 106 258 155 257 202 257 266 292 161 222 157 334 173 301 122
182 165 210 127 274 266 275 403 278 334 240 266 233 404 233 337 2 3
;
216 0 259 106 258 155 257 202 257 266 292 161 222 157 334 173 301 123
182 165 210 128 274 266 275 403 278 334 240 266 233 404 233 337 2 3
;
217 0 259 106 258 155 257 202 257 266 292 161 222 157 334 174 301 123
182 165 210 130 274 266 275 403 278 334 240 266 233 404 233 337 2 3
;
218 0 259 106 258 155 258 202 257 266 293 161 221 157 334 175 301 128
181 167 212 137 274 266 275 403 278 334 240 266 233 404 233 337 2 3
;
219 0 259 107 258 155 258 202 257 266 293 161 220 157 335 178 301 136
182 171 214 144 274 266 275 403 278 334 240 266 233 404 233 337 2 3
;
220 0 258 107 258 155 257 203 256 268 291 167 223 161 335 185 297 152
186 177 219 161 273 268 275 403 278 335 239 268 233 404 233 337 2 3
;
221 0 257 107 258 155 257 204 256 268 291 166 223 159 331 184 292 163
188 180 222 167 272 268 275 403 278 336 239 268 233 404 233 338 2 0
;
222 0 256 107 257 156 257 204 256 268 291 162 220 159 331 191 284 185
196 190 235 181 272 268 275 403 278 336 239 268 233 404 232 338 3 0
;
223 0 255 107 257 156 256 204 255 268 291 162 220 160 330 194 280 196
199 194 234 191 272 268 275 403 278 337 239 268 233 404 232 339 3 0
;
224 0 253 107 256 156 256 204 255 269 290 163 220 160 317 200 275 217
209 199 228 220 271 269 275 403 277 337 239 269 233 405 232 339 3 0
;
225 0 251 107 256 156 255 205 254 269 289 163 220 161 316 201 270 226
212 202 227 229 270 269 275 403 277 337 238 269 233 405 232 339 3 0
;
226 0 248 107 254 156 254 205 253 269 286 165 219 161 310 206 266 236
215 206 225 245 269 270 275 403 277 337 238 270 234 405 232 339 3 0
;
227 0 247 107 253 157 254 205 253 270 284 165 219 162 306 208 260 242
216 207 224 249 268 270 275 403 277 338 238 270 234 405 232 340 3 0
;
228 0 243 107 251 157 252 206 252 270 280 166 218 162 299 211 249 251
217 211 221 260 267 270 275 403 277 338 238 270 234 405 232 341 1 0
;
229 0 241 108 250 157 251 206 252 270 278 166 217 163 296 211 246 254
217 212 219 261 267 270 275 404 277 338 238 270 234 405 232 341 1 0
;
230 0 237 109 247 158 249 207 251 271 274 167 216 163 288 212 241 258
216 212 213 262 265 271 275 403 277 338 238 271 234 405 233 341 0 1
;
231 0 235 109 246 158 249 207 251 271 272 167 215 164 284 213 233 263
215 213 210 263 265 271 275 403 276 338 238 271 234 405 233 342 0 1
;
232 0 231 110 243 159 247 208 251 271 267 167 214 164 276 216 227 266
213 213 207 263 264 271 275 403 274 338 239 271 234 406 234 343 0 1
;
233 0 228 111 241 159 246 208 251 271 266 167 213 164 271 217 222 269
213 213 206 262 264 271 275 403 273 338 239 272 234 406 234 344 0 0
;
234 0 223 112 238 160 244 209 250 272 263 168 213 164 265 218 212 276
212 212 205 268 262 272 276 403 272 338 239 272 234 421 234 344 0 0
;
235 0 221 113 237 160 243 210 250 272 262 168 212 165 262 218 209 277
212 213 206 265 261 272 275 404 271 339 239 272 234 422 234 344 0 0
;
236 0 216 114 235 161 241 211 249 273 258 169 211 166 256 217 203 280
212 214 207 259 260 274 276 404 270 339 239 273 234 422 233 346 0 1
;
237 0 213 115 233 162 240 211 249 274 256 170 211 167 254 218 198 283
212 214 206 262 259 274 276 404 269 340 238 273 234 423 233 346 0 1
;
238 0 209 116 230 162 238 212 247 275 254 171 209 168 249 218 194 285
212 215 216 275 257 275 275 404 268 341 237 274 234 424 233 347 0 1
;
239 0 207 117 229 163 237 213 247 275 252 171 208 168 247 218 193 285
212 216 213 279 257 275 275 404 268 341 237 275 234 424 233 347 0 1
;
240 0 203 118 226 164 235 213 246 276 250 171 207 169 240 221 190 288
212 216 217 280 255 276 275 404 266 342 236 275 234 425 233 348 0 1
;
241 0 201 118 224 164 234 214 245 276 248 172 206 170 239 222 189 289
211 217 213 277 255 277 275 404 266 343 235 276 234 425 233 348 0 1
;
242 0 198 119 221 165 232 214 244 277 246 172 203 171 236 224 186 292
211 217 210 286 253 277 275 404 265 345 235 276 234 426 232 348 0 1
;
243 0 197 119 220 165 231 215 243 277 245 172 202 171 235 224 186 294
210 217 217 278 253 277 275 404 264 345 234 277 234 426 232 348 0 1
;
244 0 195 119 219 165 229 215 243 278 242 173 200 171 232 226 185 297
208 218 210 292 252 278 275 404 264 345 233 277 235 427 232 348 0 1
;
245 0 195 119 218 166 229 215 242 278 242 173 199 171 231 227 185 299
207 218 212 281 252 278 275 404 264 345 233 278 235 427 232 348 0 1
;
246 0 194 119 216 166 228 216 242 278 240 173 197 171 230 229 185 301
205 218 215 282 252 278 276 404 263 346 232 278 235 427 232 349 0 1
;
247 0 193 119 216 166 227 216 242 278 239 173 196 172 230 229 185 301
204 219 204 263 251 278 276 405 263 346 232 279 234 428 231 348 0 1
;
248 0 193 118 215 166 226 216 241 279 238 173 194 172 229 230 184 302
202 219 201 263 251 278 277 405 263 346 231 279 234 428 231 349 0 1
;
249 0 193 118 214 166 226 216 241 279 237 173 193 172 229 230 184 302
201 219 200 264 251 278 277 405 263 346 231 279 234 428 231 349 0 1
;
250 0 192 118 213 166 225 216 240 279 236 173 192 172 229 230 184 303
200 220 199 265 250 279 277 405 263 346 231 279 234 428 230 349 0 1
;
