0 0 207 130 224 180 236 227 250 285 247 187 198 188 240 241 189 304
199 239 177 292 262 285 267 434 266 349 239 286 245 400 235 351 0 0
;
1 0 207 129 224 179 236 227 250 285 247 187 198 187 239 241 188 305
199 239 176 293 261 285 266 433 266 349 239 285 245 400 234 351 0 0
;
2 0 207 129 224 179 236 227 250 285 247 187 198 187 239 241 187 305
199 239 177 292 261 285 266 433 267 349 239 285 245 400 234 351 0 0
;
3 0 207 129 223 179 235 227 250 285 247 187 198 187 239 240 189 304
199 239 177 292 261 284 266 434 267 348 239 285 245 400 234 351 0 0
;
4 0 207 129 223 179 235 226 249 284 247 186 198 187 239 240 190 303
199 239 177 292 261 284 266 434 267 348 238 285 245 400 234 351 0 0
;
5 0 207 130 223 179 235 226 249 284 247 186 198 188 239 240 191 303
199 239 177 293 261 283 266 434 267 348 238 284 243 397 234 350 0 0
;
6 0 208 130 223 179 235 226 249 283 247 186 198 188 239 239 191 303
199 240 177 293 261 283 266 434 267 348 238 284 242 396 234 349 0 0
;
7 0 208 130 224 178 235 225 249 283 247 186 198 188 239 239 193 302
199 239 177 293 260 282 266 433 268 347 238 283 240 394 233 348 0 0
;
8 0 209 130 224 178 235 225 249 283 248 185 198 188 240 239 195 302
199 239 177 293 260 282 265 433 268 345 238 283 239 394 233 348 0 0
;
9 0 209 130 224 178 235 225 248 282 248 185 198 187 245 231 198 301
199 239 177 294 260 281 266 434 268 344 237 283 237 394 233 348 0 0
;
10 0 210 130 225 178 235 224 248 282 249 185 198 187 246 231 200 300
199 238 178 293 260 281 267 434 267 344 237 282 237 395 233 349 0 0
;
11 0 211 130 225 178 235 224 247 281 250 184 197 186 253 231 207 297
199 233 180 292 259 280 267 434 267 343 236 282 237 395 233 349 0 0
;
12 0 212 130 226 178 235 224 247 280 250 183 197 185 253 231 209 297
199 233 180 292 259 279 268 434 266 342 236 282 237 396 234 349 0 0
;
13 0 213 129 227 177 236 222 247 278 252 182 197 185 255 231 216 296
198 232 184 291 259 276 268 433 266 341 235 279 237 397 234 348 0 0
;
14 0 214 128 227 176 236 220 247 275 253 180 198 184 256 230 221 295
198 231 184 292 260 273 268 430 266 340 234 277 237 396 233 345 0 0
;
15 0 217 126 228 173 237 218 247 273 255 178 198 182 261 227 234 293
197 229 183 293 261 270 269 426 267 338 234 275 237 395 233 343 0 0
;
16 0 218 125 229 172 237 216 247 272 256 176 198 181 265 224 242 291
197 228 183 293 261 270 270 425 268 338 234 274 237 394 232 341 0 0
;
17 0 222 122 231 168 238 213 247 270 259 173 200 177 273 217 261 284
195 226 182 289 261 268 273 401 270 337 233 270 237 392 234 337 0 0
;
18 0 224 121 232 167 238 212 245 268 261 171 201 176 275 215 273 278
193 224 180 289 260 267 272 399 271 337 231 269 237 392 233 336 0 0
;
19 0 228 118 235 163 240 208 247 265 265 169 203 172 284 207 299 261
189 216 171 281 261 263 273 391 272 333 233 267 237 391 233 333 0 0
;
20 0 232 117 238 161 242 206 248 263 269 167 206 170 296 200 332 242
186 208 152 261 262 262 273 386 272 330 234 264 237 390 233 331 0 2
;
21 0 234 116 240 161 244 205 248 262 271 166 208 169 303 198 348 230
184 205 142 251 263 261 273 386 273 329 234 264 237 389 233 331 0 2
;
22 0 236 116 242 160 245 204 249 262 273 165 209 167 311 194 361 217
183 200 133 240 263 261 273 385 273 329 235 263 237 389 233 331 0 2
;
23 0 241 115 244 159 247 203 251 260 276 164 212 165 315 184 378 193
176 195 120 216 265 259 273 384 273 328 237 261 237 389 233 331 2 2
;
24 0 242 115 246 158 248 202 251 259 278 163 213 164 319 181 383 182
174 189 116 204 266 258 273 384 273 327 237 260 237 389 233 331 2 2
;
25 0 246 115 248 158 250 201 253 258 280 163 215 163 323 175 390 165
172 181 111 182 267 257 273 384 274 326 239 259 237 388 234 330 2 2
;
26 0 248 115 250 157 252 200 254 257 282 162 217 162 327 170 392 154
172 174 111 166 268 257 273 383 274 325 240 258 237 388 235 330 2 2
;
27 0 250 115 251 157 253 200 254 257 284 162 218 161 329 168 396 149
172 171 112 159 268 256 273 383 275 325 240 257 237 388 235 330 2 2
;
28 0 251 115 253 157 254 200 255 256 285 161 220 160 335 165 396 145
173 167 114 149 269 256 273 383 275 325 241 257 237 389 235 331 2 2
;
29 0 252 115 254 157 254 199 255 256 286 161 221 160 334 165 395 144
174 165 116 145 269 256 273 383 275 324 241 257 237 388 235 331 2 2
;
30 0 254 115 255 157 255 199 256 256 287 161 222 160 333 164 395 143
175 163 118 139 270 255 273 383 276 324 242 256 237 388 236 330 2 2
;
31 0 254 115 255 157 255 199 256 256 288 161 222 159 333 164 390 144
176 162 118 138 270 255 273 383 276 324 242 256 237 388 236 330 2 2
;
32 0 255 115 255 157 256 199 256 255 289 161 223 159 333 164 389 144
175 161 118 137 270 255 273 383 276 324 242 256 237 388 236 329 2 2
;
33 0 256 115 256 157 256 199 257 255 289 161 223 159 335 162 391 145
176 159 118 137 271 255 273 383 276 323 243 256 237 388 236 329 2 2
;
34 0 256 115 256 157 256 199 257 255 290 161 223 159 335 162 391 146
176 158 118 137 271 255 273 383 276 323 243 255 237 387 236 329 2 2
;
35 0 257 115 256 157 257 199 257 255 290 161 224 159 335 162 391 146
176 158 117 138 271 255 273 383 276 324 243 255 237 388 236 329 2 2
;
36 0 257 116 257 157 257 199 257 255 290 161 224 159 335 162 391 147
176 158 117 140 271 255 273 383 276 324 243 255 237 388 236 329 2 2
;
37 0 257 116 257 157 257 199 257 255 290 161 224 159 334 162 392 147
176 158 116 141 271 255 273 383 276 324 243 255 237 387 236 329 2 2
;
38 0 257 116 257 157 257 199 257 255 290 161 224 159 334 162 392 148
175 157 115 142 271 255 273 383 276 324 243 255 237 387 236 328 2 2
;
39 0 257 116 257 157 257 199 257 255 290 161 224 159 334 162 390 148
175 157 115 142 271 255 273 383 276 324 243 255 237 387 236 328 2 2
;
40 0 257 116 257 157 257 199 257 255 290 161 224 159 333 162 392 147
174 157 115 142 271 255 273 383 276 324 243 255 237 387 236 329 2 2
;
41 0 256 116 256 157 256 199 257 255 290 161 223 158 333 162 391 147
174 158 114 143 271 255 273 383 276 324 242 255 237 387 236 329 2 2
;
42 0 256 116 256 157 256 199 256 255 289 161 223 158 333 162 392 147
175 158 114 143 271 255 273 383 276 323 242 255 237 387 236 329 2 2
;
43 0 256 116 256 157 256 199 256 255 289 161 223 158 333 162 392 146
178 158 114 143 271 255 273 383 276 323 242 255 237 387 236 328 2 2
;
44 0 255 115 255 157 256 199 256 255 289 161 223 158 332 162 392 146
177 158 113 143 270 255 273 383 276 323 242 255 237 387 235 327 2 2
;
45 0 255 115 255 157 255 199 256 255 289 161 222 158 332 162 392 146
175 158 116 145 270 255 273 383 276 323 242 255 237 387 235 327 2 2
;
46 0 254 115 255 157 255 199 255 255 288 160 222 158 332 162 391 147
173 158 116 146 270 255 273 383 275 323 241 255 237 387 235 327 2 2
;
47 0 254 115 255 157 255 199 255 255 288 160 222 158 331 162 392 147
176 158 116 146 269 255 273 383 275 323 241 255 237 387 235 327 2 2
;
48 0 254 115 254 157 255 199 255 255 288 160 221 158 331 162 391 148
177 158 116 147 269 255 273 383 275 323 241 255 237 387 235 327 0 2
;
49 0 254 115 254 157 254 199 255 255 287 160 221 158 331 162 391 149
177 158 116 147 269 255 273 383 275 323 240 255 237 387 235 327 2 2
;
50 0 253 115 254 157 254 199 254 255 287 160 221 158 330 162 392 149
177 158 117 148 269 255 273 383 275 323 240 255 237 387 235 326 2 2
;
51 0 253 115 254 157 254 199 254 255 287 160 220 158 330 162 392 149
177 158 117 148 269 255 273 383 275 323 240 255 237 387 235 327 2 2
;
52 0 253 115 254 157 254 199 254 255 287 160 220 158 329 162 392 149
177 158 117 148 268 255 273 383 275 323 240 255 237 387 234 327 2 2
;
53 0 253 115 254 157 254 199 254 255 287 160 220 158 329 162 392 149
177 158 117 148 268 255 273 383 275 323 240 255 237 387 234 327 2 2
;
54 0 253 115 253 157 254 199 254 255 287 160 220 158 329 162 392 149
177 158 117 148 268 255 273 383 275 323 239 256 237 387 234 327 2 2
;
55 0 253 115 253 157 254 199 254 256 287 160 220 158 329 162 390 150
176 158 117 148 268 255 273 383 274 323 239 256 237 387 234 327 2 2
;
56 0 253 115 253 157 253 199 254 256 287 160 220 158 328 162 392 150
176 158 117 148 268 256 273 383 274 323 239 256 237 387 234 326 2 2
;
57 0 252 115 253 157 253 199 254 256 286 160 220 158 328 162 392 150
176 158 117 148 268 256 273 383 274 324 239 256 237 387 234 327 2 2
;
58 0 252 115 253 157 253 199 253 256 286 160 220 158 328 162 390 150
176 158 117 149 268 256 273 382 274 323 239 256 237 387 234 328 2 2
;
59 0 252 115 253 157 253 199 253 256 286 160 219 158 328 162 389 151
176 159 116 149 268 256 273 383 274 323 239 256 237 387 234 328 2 2
;
60 0 252 115 253 157 253 199 253 256 286 160 219 158 328 162 391 151
176 159 116 149 268 256 273 383 274 324 239 256 237 387 234 327 2 2
;
61 0 252 115 253 157 253 199 253 256 286 160 219 158 328 162 392 151
176 159 116 150 268 256 273 383 274 324 239 256 237 387 234 327 2 2
;
62 0 252 115 253 157 253 199 253 256 286 160 219 158 327 163 392 151
175 159 116 150 268 256 273 383 274 324 239 256 237 387 234 328 2 2
;
63 0 252 115 253 157 253 199 253 256 286 160 219 158 327 163 392 151
175 159 116 150 268 256 273 383 274 324 239 256 237 387 234 328 2 2
;
64 0 252 115 253 157 253 199 253 256 286 160 219 158 327 163 392 152
174 159 116 151 268 256 273 383 274 324 239 256 237 387 234 327 2 2
;
65 0 252 115 253 157 253 199 253 256 286 160 219 158 327 163 390 152
174 159 115 150 268 256 273 383 274 324 239 256 237 387 234 327 2 2
;
66 0 252 115 253 157 253 199 253 256 286 160 219 158 327 163 392 152
174 159 114 150 268 256 273 382 274 324 239 256 237 387 234 327 2 2
;
67 0 252 115 253 157 253 199 253 256 286 160 219 158 327 163 391 152
174 159 114 151 268 256 273 382 274 324 239 256 237 387 234 327 2 2
;
68 0 252 115 253 157 253 199 253 256 286 160 219 158 327 163 392 152
174 159 114 151 268 256 273 382 274 324 239 256 237 387 234 328 2 2
;
69 0 252 115 253 157 253 199 253 256 286 160 219 158 327 163 392 153
174 159 114 151 268 256 273 382 274 324 239 256 237 388 234 328 2 2
;
70 0 252 115 253 157 253 199 253 256 286 160 219 158 327 163 392 152
174 160 114 151 268 256 273 382 274 324 239 256 237 387 234 328 2 2
;
71 0 252 115 253 157 253 199 253 256 286 160 219 158 327 163 392 152
174 160 114 152 268 256 273 382 274 324 239 256 237 387 234 328 2 2
;
72 0 252 115 253 157 253 199 253 256 286 160 219 158 327 163 392 152
174 160 114 152 268 256 273 382 274 324 239 256 237 387 234 328 2 2
;
73 0 252 115 253 157 253 199 253 256 286 160 219 158 327 163 390 153
175 160 114 152 268 256 273 382 274 324 239 256 237 387 234 328 2 2
;
74 0 252 115 253 157 253 199 253 256 286 160 219 158 327 163 392 152
175 160 114 152 268 256 273 382 274 324 239 256 237 387 234 328 2 2
;
75 0 252 115 253 157 253 199 253 256 286 160 219 158 327 163 391 153
175 160 114 152 268 256 273 382 274 324 239 256 237 387 234 328 2 2
;
76 0 252 115 253 157 253 199 253 256 286 160 219 158 327 163 391 153
175 160 114 152 268 256 273 382 274 324 239 256 237 387 234 328 2 2
;
77 0 252 115 253 157 253 199 253 256 286 160 219 158 327 163 392 153
175 161 114 153 268 256 273 382 274 324 239 256 237 387 234 328 2 2
;
78 0 252 115 253 157 253 199 253 256 286 160 219 158 327 163 392 153
175 161 114 153 268 256 273 382 274 324 239 256 237 387 234 328 2 2
;
79 0 252 115 253 157 253 199 253 256 286 160 219 158 327 164 392 153
175 161 114 153 268 256 273 382 274 324 239 256 237 387 234 328 2 2
;
80 0 252 115 253 157 253 199 253 256 286 160 219 158 327 164 392 154
174 161 114 154 268 256 273 382 274 324 239 256 237 387 234 327 2 2
;
81 0 252 115 253 157 253 199 253 256 286 160 219 158 327 164 392 154
174 161 113 155 268 256 273 382 274 324 239 256 237 387 234 327 2 2
;
82 0 252 115 252 157 253 199 253 256 286 160 219 158 327 164 392 154
174 161 113 155 268 256 273 382 274 324 239 256 237 387 234 327 2 2
;
83 0 252 115 252 157 253 199 253 256 286 160 219 158 326 164 391 155
174 161 113 156 268 256 273 382 274 324 239 256 237 387 234 328 2 2
;
84 0 252 115 252 157 253 199 253 256 286 160 219 158 326 164 391 155
174 162 113 156 268 256 273 382 274 324 239 256 237 387 234 327 2 2
;
85 0 252 115 252 157 253 199 253 256 286 160 219 158 326 164 392 155
174 162 113 157 268 256 273 382 274 324 239 256 237 387 234 328 2 2
;
86 0 252 115 252 157 253 199 253 256 286 160 219 158 326 164 392 155
174 162 113 157 268 256 273 382 274 324 239 256 237 387 234 328 2 2
;
87 0 252 115 252 157 253 199 253 256 286 160 219 158 326 164 392 155
175 162 112 157 268 256 273 383 274 324 239 256 237 387 234 328 2 2
;
88 0 252 115 252 157 253 199 253 256 286 160 219 158 326 164 392 155
175 162 112 157 268 256 273 383 274 324 239 256 237 387 233 328 2 2
;
89 0 252 115 252 157 253 199 253 256 286 160 219 158 326 164 392 155
174 162 112 157 267 256 273 383 274 324 239 256 237 387 233 328 2 2
;
90 0 252 115 252 157 253 199 253 256 286 160 219 158 326 164 392 155
174 163 112 158 267 256 273 383 274 324 239 256 237 387 233 328 2 2
;
91 0 251 115 252 157 252 199 253 256 286 160 219 158 326 164 392 155
174 163 112 158 267 256 273 383 274 324 239 256 237 387 233 328 2 2
;
92 0 251 115 252 157 252 199 253 256 285 160 219 158 326 164 392 155
174 163 112 159 267 256 273 383 274 324 238 256 237 387 233 328 2 2
;
93 0 251 115 252 157 252 199 253 256 285 160 218 158 326 164 392 156
174 164 111 160 267 256 273 383 274 324 238 256 237 387 233 328 2 2
;
94 0 251 115 252 157 252 199 253 256 285 160 218 158 326 164 392 156
174 164 111 160 267 256 273 383 274 324 238 256 237 387 233 328 2 2
;
95 0 251 115 251 157 252 199 253 256 285 160 218 158 325 165 392 157
173 164 111 161 267 256 273 383 274 324 238 256 237 387 233 329 2 2
;
96 0 251 115 251 157 252 199 253 256 285 160 218 158 325 165 392 157
173 165 111 162 267 256 273 383 274 324 238 256 237 387 233 328 2 2
;
97 0 250 115 251 157 252 199 252 256 285 160 218 158 325 165 392 157
173 165 111 161 267 256 273 383 274 324 238 256 237 387 233 327 2 2
;
98 0 250 115 251 157 252 199 252 256 285 160 218 158 325 165 392 156
173 165 111 160 267 256 273 383 273 324 238 256 237 387 233 327 2 2
;
99 0 250 115 251 157 251 199 252 256 285 160 218 158 325 165 388 150
173 164 112 154 266 256 273 383 273 324 238 256 237 387 233 327 2 2
;
100 0 250 115 251 157 251 199 252 256 284 160 218 158 326 163 382 145
173 163 108 147 266 256 273 383 273 324 238 256 237 387 233 327 2 2
;
101 0 250 115 251 157 251 199 252 256 284 160 217 158 328 158 383 127
172 157 111 129 266 256 273 383 273 324 238 256 237 387 233 327 2 2
;
102 0 250 115 251 157 251 199 252 256 284 160 217 158 328 154 383 114
172 156 116 119 266 256 273 383 273 324 237 256 237 386 233 327 2 2
;
103 0 250 115 251 157 251 199 252 256 285 160 217 158 324 144 370 89
171 143 128 94 266 256 273 382 273 324 237 256 237 386 232 326 2 2
;
104 0 250 115 250 157 251 199 252 255 285 159 217 157 322 138 359 77
173 133 138 80 266 255 273 382 273 324 237 255 237 386 232 326 2 2
;
105 0 250 115 250 157 251 198 252 254 284 157 217 156 317 119 332 56
183 126 165 62 266 254 273 382 273 324 237 254 237 386 232 326 0 2
;
106 0 250 115 250 157 251 198 252 254 283 155 218 155 314 115 318 51
187 118 179 53 266 254 273 382 273 324 237 254 237 386 232 326 2 2
;
107 0 250 115 251 156 251 197 252 252 282 154 219 152 304 108 292 42
194 108 207 43 266 253 273 382 273 323 237 252 237 386 232 324 0 0
;
108 0 250 115 251 156 251 197 252 252 280 152 219 151 299 107 283 48
201 108 219 43 266 252 273 382 272 323 237 251 237 386 232 324 0 2
;
109 0 250 116 251 156 251 196 252 248 279 151 221 150 290 101 266 46
208 102 237 44 267 248 273 382 272 322 237 248 237 386 232 324 0 1
;
110 0 250 116 251 156 252 195 252 246 279 151 221 150 288 100 262 47
211 100 242 45 267 246 273 382 272 322 237 246 237 386 232 323 1 1
;
111 0 250 116 251 156 252 194 252 245 279 151 221 150 286 100 253 35
212 100 240 46 267 245 273 382 272 322 237 245 237 386 232 323 1 1
;
112 0 250 116 251 156 252 194 252 245 279 151 221 150 287 100 267 42
212 101 236 45 267 245 273 382 272 321 237 245 237 386 232 323 1 1
;
113 0 250 116 251 156 252 194 252 247 280 151 221 150 294 105 283 44
208 103 221 41 267 247 273 382 272 321 237 246 237 386 232 323 2 0
;
114 0 250 116 251 156 252 194 252 248 280 151 221 150 296 105 292 43
203 105 211 41 266 248 273 382 272 321 237 248 237 386 232 323 0 0
;
115 0 250 116 251 156 252 195 252 249 280 151 221 150 307 110 312 44
197 108 190 43 266 249 273 382 272 322 237 249 237 386 232 323 2 2
;
116 0 250 116 251 156 251 195 252 250 280 152 220 150 310 111 323 47
192 111 179 46 266 250 273 382 272 322 237 250 237 386 232 323 2 2
;
117 0 250 116 251 156 251 196 252 250 281 153 220 151 316 117 343 56
185 116 159 56 266 250 273 382 273 322 237 250 237 386 232 324 2 2
;
118 0 250 116 251 156 251 196 252 251 282 153 219 151 320 121 352 62
182 119 150 61 266 251 273 382 273 322 237 251 237 386 232 325 2 2
;
119 0 250 116 251 156 251 196 252 252 282 154 219 152 324 128 365 75
180 126 136 72 266 252 273 382 273 323 237 252 237 386 232 325 2 2
;
120 0 250 116 251 156 251 197 251 252 282 155 219 153 327 132 369 81
178 130 131 78 266 252 273 382 273 323 237 252 237 386 232 325 2 2
;
121 0 250 115 251 156 251 197 251 253 283 156 218 154 329 137 376 92
177 135 123 91 266 253 273 382 273 323 237 253 237 386 232 326 2 2
;
122 0 250 115 250 156 251 197 251 253 283 156 218 154 329 138 379 97
176 138 121 96 266 253 273 382 273 323 237 253 237 386 232 326 2 2
;
123 0 250 115 250 156 251 197 251 253 283 157 218 155 331 144 383 106
174 143 114 106 265 254 273 382 273 323 237 253 237 386 232 326 2 2
;
124 0 250 115 250 156 251 198 251 254 283 157 218 155 331 146 385 111
174 144 113 111 265 254 273 382 273 323 237 254 237 386 232 326 2 2
;
125 0 250 115 250 156 250 198 251 254 282 158 217 155 332 150 387 120
172 149 111 121 265 254 273 382 273 324 237 254 237 386 232 326 2 2
;
126 0 250 115 250 156 250 198 251 254 282 158 217 156 327 158 383 127
172 151 110 126 265 254 273 382 273 324 237 254 237 386 232 326 2 2
;
127 0 249 115 250 157 250 198 251 255 282 158 217 156 326 160 386 137
168 156 108 138 265 255 273 382 273 324 236 255 237 386 232 326 2 2
;
128 0 249 115 250 157 250 198 251 255 282 159 217 157 326 162 388 142
173 159 113 146 265 255 273 382 273 324 236 255 237 386 232 326 2 2
;
129 0 249 115 249 157 250 199 251 255 282 159 217 157 324 164 389 150
173 160 114 156 265 255 273 382 273 324 236 255 237 386 232 326 2 2
;
130 0 249 115 249 157 250 199 250 256 282 159 217 157 324 164 381 153
172 161 112 158 265 256 273 382 273 324 236 256 237 386 232 326 2 2
;
131 0 249 115 249 157 250 199 250 256 282 159 217 157 324 165 380 152
172 162 112 158 265 256 273 382 273 324 236 256 237 386 232 326 2 2
;
132 0 249 115 249 157 250 199 250 256 281 159 216 157 324 165 380 151
172 162 112 156 265 256 273 382 273 324 236 256 237 386 232 326 2 2
;
133 0 248 115 249 157 250 199 250 256 281 160 216 158 324 165 379 145
172 162 114 151 265 256 273 382 273 324 236 256 237 386 231 327 2 2
;
134 0 248 115 249 157 250 199 250 256 281 160 216 157 324 164 379 141
172 161 115 148 265 256 273 382 273 324 236 256 237 386 231 327 2 2
;
135 0 248 115 249 157 250 199 250 256 281 159 216 157 324 162 379 134
172 159 114 140 265 256 273 382 273 324 236 256 237 386 231 327 2 2
;
136 0 248 115 249 157 250 199 250 256 281 159 216 157 325 160 383 127
172 158 113 135 265 256 273 382 272 324 236 256 237 386 231 327 2 2
;
137 0 248 115 249 157 250 199 250 256 281 159 216 157 326 156 385 117
170 155 112 122 265 256 273 382 272 324 236 256 237 386 231 326 2 2
;
138 0 248 115 249 157 250 199 250 256 281 159 216 157 325 155 382 113
171 153 113 115 265 256 273 382 272 324 236 256 237 386 231 326 2 2
;
139 0 248 115 249 157 250 199 250 256 281 159 216 157 325 152 376 104
171 151 121 105 265 256 273 382 272 324 236 256 237 386 231 326 2 2
;
140 0 248 115 249 157 250 199 250 255 281 158 216 157 325 151 367 95
172 149 132 96 265 255 273 382 272 324 236 255 237 386 231 326 2 2
;
141 0 248 115 249 157 249 199 250 255 281 158 216 157 325 150 361 93
172 149 138 92 265 255 273 382 272 324 236 255 237 386 231 326 2 2
;
142 0 248 115 249 157 250 199 250 255 281 158 216 157 325 150 354 90
171 148 145 90 265 255 273 382 272 324 236 255 237 386 231 326 2 2
;
143 0 248 114 249 156 249 199 250 255 281 158 216 157 325 150 340 89
171 148 159 87 265 255 273 382 272 324 236 255 237 386 231 326 2 2
;
144 0 248 114 249 156 249 199 250 255 281 158 216 156 325 150 333 89
171 148 167 87 265 255 273 382 272 324 236 255 237 386 231 326 2 2
;
145 0 248 114 249 156 250 199 250 255 281 158 216 156 324 150 319 91
172 148 183 90 265 255 273 382 272 324 236 255 237 386 231 326 2 2
;
146 0 248 114 249 156 250 199 250 255 282 158 216 156 323 150 303 95
172 147 199 97 265 255 273 382 272 324 236 255 237 386 231 325 0 2
;
147 0 249 114 249 156 250 199 250 255 282 158 216 156 322 150 296 100
178 145 206 100 265 255 273 382 272 324 236 255 237 386 231 325 0 2
;
148 0 249 114 250 156 250 198 250 255 282 157 218 154 320 149 284 109
181 143 220 109 265 255 273 382 272 324 236 255 237 386 231 325 0 2
;
149 0 249 114 250 156 250 198 250 255 282 157 218 153 319 148 284 114
182 143 224 112 265 255 273 382 272 324 236 254 237 386 231 325 0 1
;
150 0 250 114 250 156 250 198 250 254 282 157 218 153 319 149 288 111
183 144 219 108 265 255 273 382 272 324 236 254 237 386 232 326 2 0
;
151 0 250 114 250 156 250 198 251 254 282 157 218 154 319 149 295 107
181 145 211 102 265 255 273 382 272 324 236 254 237 386 232 326 2 0
;
152 0 250 115 250 156 250 198 251 255 282 157 218 154 320 150 302 102
181 146 201 99 265 255 273 382 272 324 236 254 237 386 232 326 2 2
;
153 0 250 115 250 156 250 198 251 255 283 158 218 155 322 151 319 94
175 148 183 92 265 255 273 382 272 324 236 254 237 386 232 326 2 2
;
154 0 251 115 251 157 251 198 251 255 283 158 218 155 325 152 336 92
175 148 166 88 265 255 273 382 272 324 236 254 237 386 232 326 0 2
;
155 0 251 115 251 157 251 198 251 255 283 158 218 155 325 152 343 92
174 148 159 88 265 255 273 382 273 324 236 254 237 386 232 326 2 2
;
156 0 251 115 251 157 251 198 251 255 283 158 218 155 326 152 355 94
173 147 145 89 265 255 273 382 273 324 237 255 237 386 232 326 2 2
;
157 0 251 115 251 157 251 198 251 255 283 158 219 155 326 152 361 95
173 147 140 92 265 255 273 382 273 324 237 255 237 386 232 326 2 2
;
158 0 251 115 251 157 251 198 251 255 284 159 219 156 326 153 368 100
174 148 132 97 265 255 273 382 273 324 237 255 237 386 232 326 2 2
;
159 0 251 115 251 157 251 198 251 255 284 159 219 156 326 154 372 102
175 148 130 100 266 255 273 382 273 324 237 255 237 386 232 326 2 2
;
160 0 251 115 251 157 251 199 251 255 284 159 219 156 326 154 378 107
175 149 125 105 266 255 273 382 273 324 237 255 237 386 232 326 2 2
;
161 0 252 115 251 157 251 199 251 255 284 159 219 156 326 155 380 109
175 149 123 107 266 255 273 382 273 324 237 255 237 386 232 326 2 2
;
162 0 252 115 251 157 251 199 251 255 284 159 219 156 327 155 384 114
175 150 120 111 266 255 273 382 273 324 237 255 237 386 232 326 2 2
;
163 0 252 115 251 157 251 199 251 255 284 159 219 156 327 156 386 117
175 150 118 113 266 255 273 382 273 324 237 255 237 386 232 326 2 2
;
164 0 252 115 251 157 251 199 251 255 284 159 219 156 328 156 387 123
175 150 115 118 266 255 273 382 273 323 237 255 237 386 232 326 2 2
;
165 0 252 115 251 157 251 199 251 255 284 159 219 156 328 156 386 126
175 151 114 120 266 255 273 382 273 323 237 255 237 386 232 326 2 2
;
166 0 252 115 251 157 251 199 251 255 284 159 219 156 329 157 389 130
175 151 112 125 266 255 273 382 273 323 237 255 237 386 232 326 2 2
;
167 0 252 115 251 157 251 199 251 255 284 159 219 156 329 157 389 132
174 152 111 128 266 255 273 382 273 323 237 255 237 386 232 327 2 2
;
168 0 252 115 251 157 251 199 251 255 284 159 219 156 328 158 391 136
170 153 109 133 266 255 273 382 273 323 237 255 237 386 232 326 2 2
;
169 0 252 115 251 157 251 199 251 255 284 159 219 156 328 158 391 138
172 153 108 135 266 255 273 382 273 323 237 255 237 386 232 326 2 2
;
170 0 252 115 251 157 251 199 251 255 284 159 218 156 328 159 392 141
173 154 112 141 266 255 273 382 273 323 237 255 237 386 232 326 2 2
;
171 0 252 115 251 157 251 199 251 255 284 159 218 156 328 159 392 142
173 154 112 143 266 255 273 382 273 324 237 255 237 386 232 326 2 2
;
172 0 251 115 251 157 251 199 251 255 284 159 218 156 327 160 392 144
173 155 112 146 266 255 273 382 273 324 237 255 237 386 232 326 2 2
;
173 0 251 114 251 157 251 199 251 255 284 159 218 156 327 160 392 145
173 155 111 147 266 255 273 382 273 324 237 255 237 386 232 326 2 2
;
174 0 251 114 251 157 251 199 251 256 284 159 218 156 327 161 392 146
173 156 111 149 265 256 273 382 273 324 237 256 237 386 232 326 2 2
;
175 0 251 114 251 157 251 199 251 256 284 159 218 156 327 161 391 146
173 156 111 149 265 256 273 382 273 324 237 256 237 386 232 326 2 2
;
176 0 251 114 251 157 251 199 251 256 284 160 218 157 326 161 391 146
172 157 111 150 265 256 273 382 273 324 237 256 237 386 232 326 2 2
;
177 0 251 114 250 157 251 199 251 256 283 160 218 156 326 161 391 146
172 157 111 150 265 256 273 382 273 324 236 256 236 387 232 326 2 2
;
178 0 251 114 250 156 251 199 251 256 283 160 217 157 326 162 391 146
172 157 111 150 265 256 273 382 273 324 236 256 236 387 232 327 2 2
;
179 0 251 114 250 156 251 199 251 256 283 160 217 157 326 162 391 146
172 157 111 150 265 256 273 382 273 325 236 257 236 387 232 327 2 2
;
180 0 251 114 250 156 251 199 251 257 283 160 217 157 325 162 392 146
172 157 111 150 265 257 273 382 273 325 236 257 237 387 232 326 2 2
;
181 0 251 114 250 156 250 199 251 257 283 159 217 157 325 162 392 147
172 157 110 149 265 257 273 382 273 325 236 257 237 387 232 326 2 2
;
182 0 250 114 250 156 250 199 251 257 283 159 217 157 325 162 392 147
171 157 110 149 265 257 273 382 273 325 236 257 237 387 232 327 2 2
;
183 0 250 113 250 156 250 200 251 257 283 159 217 157 325 163 392 147
171 158 109 149 265 257 273 382 273 326 236 257 237 387 232 327 2 2
;
184 0 250 113 250 156 250 200 250 257 283 159 217 157 325 163 391 148
171 158 109 149 265 257 273 382 273 326 236 257 237 387 232 327 2 2
;
185 0 250 113 250 156 250 200 250 257 283 159 216 156 325 163 392 148
170 158 109 150 265 257 273 382 273 326 236 257 237 387 232 327 2 2
;
186 0 250 113 250 156 250 200 250 257 283 159 216 156 325 163 392 149
170 158 108 151 265 257 273 382 272 326 236 258 237 386 232 327 2 2
;
187 0 250 113 249 156 250 200 250 258 283 159 216 157 324 163 392 150
170 158 107 152 265 258 273 382 272 326 235 258 237 386 231 327 2 2
;
188 0 249 113 249 156 250 200 250 258 283 159 216 157 324 163 392 151
170 158 107 152 264 258 273 382 272 326 235 258 237 386 231 327 2 2
;
189 0 249 113 249 156 249 200 250 258 283 159 216 156 324 164 392 152
169 159 107 153 264 258 273 382 272 326 235 258 237 386 231 327 2 2
;
190 0 249 113 249 156 249 200 250 258 282 159 216 156 324 164 391 153
169 159 107 153 264 258 273 382 272 326 235 258 237 386 231 327 2 2
;
191 0 249 113 249 156 249 200 249 258 282 159 215 156 324 164 392 151
169 159 107 152 264 258 273 382 272 326 235 258 237 386 231 327 2 2
;
192 0 249 113 249 156 249 200 249 258 282 159 215 156 324 164 391 149
169 158 107 151 264 258 273 383 272 326 235 258 237 386 231 327 2 2
;
193 0 249 113 249 156 249 200 249 258 282 159 215 156 325 162 390 139
169 156 109 143 264 258 272 383 272 325 235 258 237 386 231 327 2 2
;
194 0 249 113 249 156 249 200 249 258 282 159 215 156 326 160 389 133
169 154 109 137 264 258 272 382 272 325 235 258 237 386 231 327 2 2
;
195 0 248 113 248 156 249 200 249 258 282 159 215 156 326 157 384 127
170 152 105 128 264 258 272 382 272 325 235 258 237 386 231 327 2 2
;
196 0 248 113 248 156 249 200 249 258 282 159 215 156 328 149 383 112
169 146 107 112 264 258 272 382 272 325 235 258 237 386 231 327 2 2
;
197 0 248 113 248 156 249 199 249 257 282 158 214 156 330 140 380 98
170 140 112 97 264 257 272 382 272 325 235 257 237 386 231 326 2 2
;
198 0 248 113 248 156 249 199 249 257 282 158 214 156 328 140 376 92
170 136 115 90 264 257 272 382 272 325 235 257 237 386 231 326 2 2
;
199 0 247 113 248 155 249 199 249 257 282 157 214 155 325 135 368 83
172 132 126 80 264 257 272 382 272 325 235 257 237 386 231 326 2 2
;
200 0 247 113 248 155 249 199 249 256 282 156 214 155 323 134 364 77
174 129 131 73 264 256 272 382 272 325 235 257 237 386 231 326 2 2
;
201 0 247 113 248 155 249 198 249 256 282 155 214 154 320 129 354 66
177 126 145 63 264 256 272 382 272 324 235 256 237 386 231 326 2 2
;
202 0 247 114 248 155 249 198 249 255 282 155 214 153 318 125 348 59
178 125 155 61 264 255 272 382 272 324 235 255 237 386 231 326 2 2
;
203 0 247 114 249 155 249 197 250 255 282 154 215 152 315 121 330 55
183 115 173 49 264 255 272 382 272 324 235 255 237 386 231 326 2 2
;
204 0 247 114 248 155 249 197 250 254 282 153 215 152 312 119 321 50
185 115 183 48 264 255 272 382 272 324 235 254 237 386 231 326 2 2
;
205 0 248 114 249 155 249 197 250 254 281 153 216 151 307 113 300 45
190 109 206 45 264 254 272 382 272 324 235 254 237 386 231 325 2 2
;
206 0 248 114 249 155 249 197 250 253 281 152 216 150 306 113 291 52
193 109 216 47 264 254 272 382 272 323 235 253 237 386 231 325 2 2
;
207 0 248 114 250 155 250 196 250 253 280 152 218 151 302 111 273 52
198 108 233 53 264 253 272 382 272 323 235 252 237 386 231 324 0 1
;
208 0 248 114 250 154 250 196 250 252 280 152 218 151 300 109 265 50
201 107 238 56 265 252 272 382 272 322 235 252 237 386 231 324 1 1
;
209 0 249 114 250 155 250 196 251 251 279 152 218 152 299 108 261 51
204 105 241 58 267 250 272 382 272 322 236 251 237 386 231 324 1 1
;
210 0 249 114 250 155 251 196 251 250 279 152 218 152 299 108 267 51
204 106 237 57 267 250 272 382 272 322 236 251 237 386 231 324 1 1
;
211 0 250 114 251 155 251 196 251 251 279 151 220 151 302 113 284 54
198 110 222 53 266 251 272 382 272 322 236 251 237 386 231 324 2 2
;
212 0 250 115 251 155 251 196 251 251 279 152 220 151 306 116 294 55
193 112 211 53 266 251 272 382 272 322 236 251 237 386 231 324 0 2
;
213 0 251 115 251 155 251 196 251 252 282 153 220 151 315 124 317 59
184 120 185 56 266 252 273 382 272 323 236 252 237 386 231 324 2 2
;
214 0 251 115 251 155 251 197 251 253 282 154 220 152 317 131 331 65
182 129 168 64 266 253 273 382 272 323 236 252 237 386 231 325 2 2
;
215 0 251 115 251 156 251 197 251 253 283 155 220 153 324 145 361 85
174 140 136 88 266 254 273 382 272 323 237 253 237 386 232 325 0 2
;
216 0 251 115 251 156 251 197 251 254 284 156 220 154 329 148 373 100
173 145 125 104 266 254 273 382 272 324 237 254 237 386 232 325 2 2
;
217 0 251 115 251 156 251 198 251 255 284 158 219 155 330 157 384 126
172 153 112 134 266 255 273 382 273 324 237 254 237 386 232 326 2 2
;
218 0 251 115 251 156 251 198 252 255 284 158 219 155 331 159 388 134
176 157 118 144 266 255 273 382 273 325 237 255 237 386 232 327 2 2
;
219 0 252 115 251 156 252 198 252 255 284 159 219 156 327 164 381 138
176 159 120 146 266 256 273 382 273 325 237 255 237 386 232 327 2 2
;
220 0 252 115 252 156 252 199 252 256 284 159 219 156 326 164 383 132
177 161 123 141 266 256 273 382 273 325 237 256 237 386 232 328 2 2
;
221 0 252 115 252 156 252 199 252 256 284 159 219 157 328 164 366 115
178 167 138 122 266 256 273 382 273 325 237 256 237 386 233 328 2 2
;
222 0 252 115 252 156 252 199 252 256 284 159 219 157 329 163 352 107
177 167 150 112 266 256 273 382 273 325 237 256 237 386 233 328 2 0
;
223 0 251 115 252 157 252 199 252 256 284 159 219 157 329 162 320 102
175 163 181 105 266 256 273 382 273 325 237 256 237 386 233 328 0 0
;
224 0 251 115 251 157 252 199 252 256 284 159 219 157 330 157 306 103
173 156 195 104 266 256 273 382 273 325 237 256 237 386 233 327 0 0
;
225 0 251 115 251 157 252 199 252 256 284 158 219 157 321 144 286 105
181 146 215 107 266 256 273 382 273 325 237 256 237 386 233 327 0 2
;
226 0 252 115 251 157 252 199 252 255 284 158 218 156 320 144 283 109
181 145 219 108 266 255 273 382 273 325 237 255 237 386 233 327 0 2
;
227 0 252 114 251 157 252 199 252 255 284 157 218 155 319 143 278 109
182 144 226 108 266 255 273 382 273 324 237 255 237 386 232 327 0 0
;
228 0 252 114 251 157 251 199 252 255 284 157 218 155 319 143 280 109
182 144 225 108 266 255 273 382 273 324 237 255 237 387 232 327 0 0
;
229 0 251 114 251 157 251 199 252 255 284 157 218 155 319 143 290 103
181 145 212 103 266 255 273 382 273 324 237 255 237 387 232 327 2 0
;
230 0 251 114 251 157 251 199 252 255 284 157 218 155 321 146 298 99
180 146 201 101 266 255 273 382 273 324 237 255 237 387 232 327 2 2
;
231 0 251 114 251 157 251 199 252 255 284 157 218 156 323 150 319 96
173 152 180 94 266 255 273 382 273 324 237 255 237 386 232 326 2 2
;
232 0 251 114 251 157 251 199 252 255 284 157 218 156 327 150 328 91
173 151 170 92 266 255 273 382 273 324 237 255 237 386 232 326 2 2
;
233 0 251 114 251 157 251 199 252 255 283 157 218 156 326 151 347 92
172 151 151 92 266 255 273 382 273 324 237 255 237 386 232 326 2 2
;
234 0 251 114 251 157 251 199 252 255 283 157 218 156 326 151 355 93
171 150 143 93 266 255 273 382 273 324 237 255 237 386 232 326 2 2
;
235 0 250 114 251 157 251 199 252 255 283 158 218 156 326 152 367 97
172 150 132 98 266 255 273 382 273 324 237 255 237 386 232 326 2 2
;
236 0 250 114 251 157 251 199 252 255 283 158 218 156 326 152 371 100
172 150 127 101 266 255 273 382 273 324 237 255 237 386 232 326 2 2
;
237 0 250 114 251 157 251 199 251 255 283 158 218 156 325 152 376 105
172 150 121 107 266 255 273 382 273 324 237 255 237 386 232 326 2 2
;
238 0 250 114 251 156 251 199 251 255 283 158 218 156 326 153 378 107
173 150 118 109 266 255 273 382 273 324 237 255 237 386 232 326 2 2
;
239 0 250 114 251 156 251 199 251 255 283 158 217 156 326 153 382 111
172 150 114 114 266 255 273 382 273 324 237 255 237 386 232 326 2 2
;
240 0 250 114 251 156 251 199 251 255 283 158 217 156 326 154 383 113
172 150 113 116 266 255 273 382 273 324 237 255 237 386 232 327 2 2
;
241 0 250 114 250 156 251 199 251 255 283 158 217 156 327 154 386 118
172 150 111 122 266 255 273 382 273 324 237 255 237 386 232 327 2 2
;
242 0 250 114 250 156 251 199 251 255 283 158 217 156 328 154 387 120
172 151 110 125 266 255 273 382 273 324 237 255 237 386 232 327 2 2
;
243 0 250 114 250 156 251 199 251 255 283 158 217 156 328 155 387 125
172 151 116 132 266 255 273 382 273 324 237 255 237 386 232 326 2 2
;
244 0 250 114 250 156 251 199 251 255 283 158 217 156 328 155 388 127
172 152 115 134 266 255 273 382 273 324 237 255 237 386 232 326 2 2
;
245 0 250 114 250 156 251 199 251 255 283 158 217 156 328 156 389 132
172 153 114 139 266 255 273 382 273 324 237 255 237 386 232 326 2 2
;
246 0 250 114 250 156 251 199 251 255 283 158 217 156 328 156 390 134
172 153 114 141 265 255 273 382 273 324 237 255 237 386 232 326 2 2
;
247 0 250 114 250 156 251 199 251 255 283 158 217 156 328 158 390 138
172 154 113 144 265 255 273 382 273 324 237 256 236 386 232 326 2 2
;
248 0 250 114 250 156 251 199 251 255 283 158 217 156 328 158 391 140
172 155 113 146 265 255 273 382 273 324 237 256 236 386 232 326 2 2
;
249 0 250 114 250 156 251 199 251 256 283 158 217 156 327 159 391 143
172 156 112 149 265 256 273 382 273 324 237 256 237 386 232 326 2 2
;
250 0 250 114 250 156 251 199 251 256 283 159 217 156 327 160 391 144
172 157 112 151 265 256 273 382 273 324 237 256 237 386 232 326 2 2
;
251 0 250 114 250 156 251 199 251 256 283 159 217 156 326 160 392 146
172 158 110 153 265 256 273 382 273 324 237 256 237 386 232 326 2 2
;
252 0 250 114 250 156 251 199 251 256 283 159 217 156 326 161 392 147
172 159 110 154 265 256 273 382 273 324 237 256 237 386 232 326 2 2
;
253 0 250 114 250 156 251 199 251 256 283 159 217 156 325 161 392 148
172 159 111 155 265 256 273 382 273 324 237 256 237 386 232 327 2 2
;
254 0 250 114 250 156 251 199 251 256 283 159 217 156 325 162 392 148
172 160 109 155 265 256 273 382 273 324 237 256 237 386 232 327 2 2
;
255 0 250 114 250 156 251 199 251 256 283 159 218 157 325 162 392 148
172 160 110 155 265 256 273 382 273 324 237 256 236 386 232 327 2 2
;
256 0 250 114 250 156 251 199 251 256 283 159 218 157 325 162 392 148
172 160 110 155 265 256 273 382 273 324 237 256 237 386 232 327 2 2
;
257 0 250 114 250 156 251 199 251 256 283 159 218 157 325 162 392 146
172 160 110 154 265 256 273 382 273 324 237 256 237 386 232 327 2 2
;
258 0 250 114 250 157 251 199 251 256 283 159 218 157 325 162 392 145
172 160 110 152 265 256 273 382 273 324 237 256 237 386 232 327 2 2
;
259 0 250 114 250 157 251 199 251 256 283 159 218 157 327 158 391 135
173 157 112 142 265 256 273 382 273 324 237 256 237 386 232 327 2 2
;
260 0 250 114 250 156 251 199 251 256 283 159 218 157 328 150 385 117
173 149 109 119 265 256 273 382 273 324 237 256 237 386 232 327 2 2
;
261 0 250 114 250 156 251 199 251 256 283 158 217 156 329 145 382 107
174 143 112 107 265 256 273 382 273 324 237 256 237 386 232 327 2 2
;
262 0 250 114 250 156 251 199 251 256 284 158 217 156 329 140 378 97
175 140 117 96 266 256 273 382 273 324 237 256 237 386 232 326 2 2
;
263 0 250 114 250 156 251 199 251 255 284 157 217 155 323 132 366 80
177 129 130 75 266 255 273 382 273 324 237 255 237 386 232 326 2 2
;
264 0 250 114 250 156 251 198 251 254 284 156 217 153 318 124 351 63
182 118 148 59 266 254 273 382 273 324 237 254 237 386 232 325 0 2
;
265 0 250 114 250 156 251 198 251 254 284 156 217 153 315 121 343 54
184 112 157 50 266 254 273 382 273 324 237 254 237 386 232 325 2 2
;
266 0 250 114 250 156 251 198 251 254 284 155 218 153 312 117 330 54
186 112 169 47 266 254 273 382 273 323 237 254 237 386 232 325 2 0
;
267 0 250 114 251 156 251 197 251 253 282 153 218 153 307 112 309 43
195 106 192 39 266 253 273 382 272 323 237 253 237 386 232 324 0 2
;
268 0 250 114 251 155 251 197 251 252 282 152 219 150 302 108 288 47
200 104 214 40 266 252 273 382 272 323 237 252 237 386 232 323 0 2
;
269 0 250 114 251 155 251 197 251 251 281 151 220 150 301 108 279 49
202 104 223 44 266 251 273 382 272 322 236 251 237 386 232 323 0 2
;
270 0 251 115 251 155 251 196 251 249 281 152 220 149 294 104 266 49
206 104 237 50 266 250 273 382 272 322 236 249 237 386 232 323 1 1
;
271 0 251 116 251 155 251 196 251 249 281 152 220 150 293 102 263 48
207 104 240 50 266 249 273 382 272 322 237 249 237 386 232 323 1 1
;
272 0 251 116 252 155 252 195 251 249 281 153 220 150 294 104 274 46
207 104 228 45 266 249 273 382 272 321 237 249 237 386 232 323 1 2
;
273 0 251 116 252 155 252 195 252 249 281 150 220 150 296 105 283 46
204 104 218 43 266 249 273 382 272 321 237 249 237 386 232 323 2 2
;
274 0 251 115 252 155 252 196 252 250 281 151 220 149 304 109 306 43
197 106 194 42 266 250 273 382 272 321 237 249 237 386 232 323 0 2
;
275 0 251 115 252 155 252 196 251 250 282 152 220 149 308 113 318 46
192 109 182 45 266 250 273 382 272 321 237 250 237 386 232 323 0 2
;
276 0 251 115 252 155 252 196 251 251 283 153 220 150 317 117 339 55
185 115 160 54 266 251 273 382 272 322 237 251 237 386 232 323 0 2
;
277 0 251 115 252 155 252 196 251 251 283 154 220 150 317 123 348 58
182 118 151 59 266 251 273 382 272 322 237 251 237 386 232 323 2 2
;
278 0 251 115 252 155 252 196 251 252 284 154 219 151 321 129 361 68
179 125 137 69 266 252 273 382 273 323 237 252 237 386 232 324 2 2
;
279 0 251 115 252 156 251 197 251 252 284 154 219 152 322 131 365 74
179 128 132 75 266 252 272 382 273 323 237 252 237 386 232 324 2 0
;
280 0 251 115 252 156 251 197 251 253 284 155 219 153 325 134 372 85
178 133 126 87 266 253 273 382 273 323 237 253 237 386 232 324 2 2
;
281 0 251 115 252 156 251 197 251 253 284 155 219 153 327 136 376 89
178 136 124 92 266 253 273 382 273 323 237 253 237 386 232 325 2 2
;
282 0 251 115 252 156 252 197 252 254 284 155 219 154 326 142 381 98
176 140 119 101 266 254 273 382 273 323 237 253 237 386 232 326 2 2
;
283 0 251 115 252 156 252 197 252 254 285 156 219 154 326 144 384 102
176 142 116 105 266 254 273 382 273 323 237 254 237 386 232 326 2 2
;
284 0 251 115 252 156 252 198 252 254 285 156 219 155 327 146 386 111
176 146 115 114 266 254 273 382 273 324 237 254 237 386 232 326 2 2
;
285 0 251 115 252 156 252 198 252 254 285 156 220 155 329 148 387 114
176 149 114 118 266 254 273 382 273 324 237 254 237 386 232 326 2 2
;
286 0 252 115 252 156 252 198 251 255 285 157 220 156 330 151 392 120
177 153 113 127 266 255 273 382 273 324 237 254 236 386 232 326 2 2
;
287 0 252 115 252 156 252 198 251 255 285 157 220 156 330 153 389 125
177 154 112 130 266 255 273 382 273 324 237 255 236 386 232 326 2 2
;
288 0 252 115 252 156 252 198 251 255 285 158 220 156 330 155 391 131
178 156 111 137 266 255 273 382 273 324 237 255 236 386 232 326 2 2
;
289 0 252 115 252 156 252 198 251 255 285 158 220 156 330 156 392 134
178 157 110 140 266 255 273 382 273 324 237 255 236 386 232 327 2 2
;
290 0 253 115 252 156 252 199 251 255 285 159 220 157 329 158 393 139
179 159 117 148 266 256 273 382 273 324 237 255 237 386 232 326 2 2
;
291 0 253 115 252 156 252 199 251 256 285 159 220 157 329 159 393 141
179 160 115 150 266 256 273 382 273 324 237 255 237 386 232 327 2 2
;
292 0 253 115 252 157 252 199 251 256 285 159 221 157 328 161 393 144
178 161 115 154 266 256 273 382 273 325 237 256 237 386 232 326 2 2
;
293 0 253 115 252 157 252 199 252 256 285 159 221 157 328 161 393 145
178 161 114 155 266 256 273 382 273 324 237 256 236 386 232 326 2 2
;
294 0 253 115 253 157 252 199 252 256 285 159 221 157 327 162 393 146
178 162 114 157 266 256 273 382 273 324 237 256 236 386 232 326 2 2
;
295 0 253 115 253 157 252 199 252 256 285 159 221 157 327 162 393 146
178 163 114 157 266 256 273 382 273 324 237 256 236 386 232 327 2 2
;
296 0 253 115 253 157 252 199 252 256 285 159 221 157 327 162 393 143
178 163 115 155 266 256 273 382 273 325 237 256 236 386 232 327 2 2
;
297 0 253 115 253 157 252 199 252 256 285 159 221 157 327 162 393 140
178 163 117 153 266 256 273 382 273 325 237 256 236 386 232 327 2 2
;
298 0 253 115 253 157 252 199 252 256 285 159 221 157 327 162 388 129
179 163 115 140 266 256 273 382 273 325 237 256 236 386 232 327 2 2
;
299 0 253 115 253 157 252 199 252 256 285 159 221 157 327 162 384 122
179 163 119 133 266 256 273 382 273 325 237 256 236 386 232 327 2 2
;
300 0 253 115 253 157 252 199 252 256 285 159 221 157 332 160 370 110
176 163 133 119 266 256 273 382 273 325 237 256 236 386 232 327 2 2
;
301 0 253 115 253 157 252 199 252 256 285 159 221 157 332 160 361 105
176 163 142 113 266 256 273 382 273 325 237 256 236 386 232 327 2 2
;
302 0 253 115 253 157 252 199 252 256 285 159 221 157 332 160 340 101
175 163 162 106 266 256 273 382 273 325 237 256 236 386 232 327 2 2
;
303 0 253 115 253 157 252 199 252 256 285 159 220 157 331 160 329 100
176 163 172 104 266 256 273 382 273 325 237 256 236 386 232 328 2 2
;
304 0 253 115 253 157 252 199 252 256 285 159 220 157 331 159 310 103
175 161 191 105 266 256 273 382 273 325 237 256 236 386 232 327 0 2
;
305 0 252 114 252 157 252 199 252 256 285 159 220 157 331 158 301 104
175 160 199 108 266 256 273 382 273 325 237 256 236 386 232 326 0 2
;
306 0 252 115 252 157 252 199 251 256 285 159 220 156 322 152 288 112
175 159 212 114 266 256 273 382 273 324 237 256 236 386 232 326 0 2
;
307 0 252 115 252 157 252 199 251 256 285 158 220 156 321 152 288 118
184 151 214 118 266 256 273 382 273 324 237 256 237 386 232 326 0 0
;
308 0 252 115 252 157 252 199 251 256 284 158 220 156 321 151 274 113
184 151 219 119 266 256 273 382 273 324 237 255 237 386 232 326 1 1
;
309 0 252 114 252 157 252 199 251 256 284 158 220 156 321 151 276 112
184 151 217 118 266 256 273 382 273 324 237 255 236 387 232 326 1 1
;
310 0 252 115 252 157 252 199 251 256 284 158 220 156 321 152 296 109
184 153 211 109 266 256 273 382 273 324 237 255 236 386 232 326 2 2
;
311 0 252 115 252 157 252 199 251 256 284 158 220 156 321 153 301 106
184 154 204 107 266 256 273 382 273 324 237 255 236 386 232 326 2 2
;
312 0 252 115 252 157 252 199 251 256 284 158 219 156 323 155 311 99
182 155 191 105 266 256 273 382 273 324 237 256 236 386 232 326 2 2
;
313 0 252 115 252 157 252 199 251 256 284 158 219 157 323 155 317 99
176 158 186 103 266 256 273 382 273 324 237 256 236 386 232 326 2 2
;
314 0 251 115 252 157 252 199 251 256 284 158 219 157 324 156 326 98
176 158 176 101 266 256 273 382 273 324 237 256 236 386 232 326 2 2
;
315 0 251 115 252 157 252 199 251 256 284 158 219 157 325 156 331 96
176 158 171 100 266 256 273 382 273 324 237 256 236 386 232 326 2 2
;
316 0 251 115 252 157 252 199 251 256 284 158 219 157 328 156 341 97
176 158 161 100 266 256 273 382 273 324 237 256 237 386 232 326 2 2
;
317 0 251 115 252 157 252 199 251 256 284 158 219 157 329 156 346 97
175 158 156 100 266 256 273 382 273 324 237 256 237 386 232 326 2 2
;
318 0 251 115 252 157 252 199 251 256 284 158 219 157 331 155 356 98
174 157 146 101 266 256 273 382 273 324 237 256 237 385 232 326 2 2
;
319 0 251 115 252 157 252 199 251 256 284 159 219 157 331 155 360 100
174 157 142 103 266 256 273 382 273 324 237 256 237 386 232 326 2 2
;
320 0 251 115 252 157 252 199 251 256 284 159 219 157 332 155 368 104
172 156 133 105 266 256 273 382 273 324 237 256 237 385 232 326 2 2
;
321 0 251 115 252 157 252 199 251 256 284 159 219 157 332 155 373 106
172 156 130 108 266 256 273 382 273 324 237 256 237 385 232 326 2 2
;
322 0 251 114 252 157 252 199 251 256 284 159 219 157 332 155 378 112
171 155 123 113 266 256 273 382 273 324 237 256 237 385 232 326 2 2
;
323 0 251 114 252 157 252 199 251 256 284 159 219 157 333 155 381 115
170 155 121 116 266 256 273 382 273 324 237 256 237 385 232 326 2 2
;
324 0 251 114 252 157 252 199 251 256 284 159 219 157 333 155 384 120
170 155 117 123 266 256 273 382 273 324 237 256 237 385 232 326 2 2
;
325 0 251 114 252 156 252 199 251 256 284 159 219 157 333 155 385 123
172 156 114 126 266 256 273 382 273 324 237 256 237 385 232 326 2 2
;
326 0 251 114 252 156 252 199 251 256 284 159 219 157 330 158 388 128
171 156 111 133 266 256 273 382 273 324 237 256 237 386 232 327 2 2
;
327 0 251 114 251 156 251 199 251 256 284 159 219 157 331 158 389 131
170 156 110 136 266 256 273 382 273 324 237 256 237 386 232 327 2 2
;
328 0 251 114 251 156 251 199 251 256 283 159 219 157 328 159 391 135
174 157 114 144 266 256 273 382 273 324 237 256 237 386 232 327 2 2
;
329 0 251 114 251 156 251 199 251 256 283 159 218 157 328 160 391 140
174 157 115 149 266 256 273 382 273 324 237 256 237 386 232 326 2 2
;
330 0 251 114 251 156 251 199 251 256 283 159 218 157 327 160 392 141
173 158 114 151 266 256 273 382 273 324 237 256 237 386 232 326 2 2
;
331 0 251 114 251 156 251 199 251 256 283 159 218 157 327 160 392 143
173 158 111 152 266 256 273 382 273 324 237 256 237 386 232 326 2 2
;
332 0 250 114 251 156 251 199 251 256 283 159 218 157 326 161 392 145
173 159 111 153 266 256 273 382 273 324 237 256 237 386 232 326 2 2
;
333 0 250 114 250 156 250 199 251 256 283 159 218 157 326 161 391 145
173 160 110 153 265 256 273 382 273 324 236 256 237 386 232 327 2 2
;
334 0 250 114 250 156 250 199 251 256 282 159 218 157 326 161 391 145
172 160 110 153 265 256 273 382 273 324 236 256 237 386 232 326 2 2
;
335 0 249 114 250 156 250 199 251 256 282 159 217 157 326 161 392 145
172 160 110 153 265 256 273 382 273 324 236 256 237 386 231 326 2 2
;
336 0 249 114 250 156 250 199 251 256 282 159 217 157 325 161 391 144
172 160 110 153 265 256 273 382 272 324 236 256 237 386 231 326 2 2
;
337 0 249 114 249 156 250 199 250 256 282 159 217 157 325 161 391 144
172 160 110 153 265 256 273 382 272 324 236 256 237 386 231 326 2 2
;
338 0 248 114 249 156 250 199 250 256 281 159 217 157 325 161 391 144
172 160 110 153 265 256 273 382 272 324 236 256 237 386 231 326 2 2
;
339 0 248 114 249 156 250 199 250 256 281 159 216 157 325 162 391 145
172 160 110 153 265 256 273 382 272 324 236 257 237 386 231 327 2 2
;
340 0 248 114 249 156 249 199 250 256 281 159 216 157 325 162 391 145
171 161 109 153 265 256 272 382 272 324 236 257 237 386 231 327 2 2
;
341 0 248 114 249 156 249 199 250 257 281 159 216 157 325 162 392 145
171 161 109 154 264 256 272 382 272 324 235 257 237 386 231 327 2 2
;
342 0 248 114 248 156 249 199 250 257 281 159 216 157 325 162 392 146
171 161 109 155 264 256 272 382 272 323 235 257 237 386 231 327 2 2
;
343 0 248 114 248 156 249 199 250 257 281 159 216 157 325 162 391 147
171 161 109 155 264 256 272 382 272 324 235 257 237 386 231 327 2 2
;
344 0 247 114 248 156 249 199 250 257 280 159 216 157 325 162 391 148
171 161 109 156 264 256 272 382 272 324 235 257 237 386 231 327 2 2
;
345 0 247 114 248 156 249 199 250 257 280 159 216 158 324 162 391 149
171 162 109 157 264 256 272 382 272 324 235 257 237 386 231 327 2 2
;
346 0 247 114 248 156 249 199 250 257 280 159 215 158 324 163 391 150
171 162 108 157 264 256 272 382 272 324 235 257 237 386 231 327 2 2
;
347 0 247 114 248 156 249 199 249 257 280 159 215 158 324 163 382 152
171 162 108 159 264 256 272 382 272 324 235 257 237 386 231 327 2 2
;
348 0 247 114 248 156 249 199 249 257 280 159 215 158 323 163 391 151
171 163 108 159 264 256 272 382 272 324 235 257 237 386 231 327 2 2
;
349 0 247 114 248 156 249 199 249 257 280 159 215 158 323 164 391 153
171 163 108 161 264 256 272 382 272 324 235 257 237 386 231 327 2 2
;
350 0 247 114 248 156 249 199 249 257 280 159 215 158 323 164 391 153
171 164 108 161 264 256 272 382 272 324 235 257 237 386 231 327 2 2
;
351 0 247 114 248 156 249 199 249 257 280 159 215 158 323 165 391 153
171 164 108 162 264 256 272 382 272 324 235 257 237 386 231 326 2 2
;
352 0 247 114 248 156 249 199 249 257 280 159 215 158 323 165 391 153
171 164 108 162 264 256 272 382 272 324 235 257 237 386 231 326 2 2
;
353 0 247 114 248 156 249 199 249 257 280 159 215 158 323 165 390 153
171 164 109 162 264 257 272 382 272 324 235 257 237 386 230 326 2 2
;
354 0 247 114 248 156 249 199 249 257 280 159 215 158 323 165 390 153
171 164 109 161 264 257 272 382 272 324 235 257 237 386 230 326 2 2
;
355 0 247 114 248 156 249 199 249 257 280 159 216 158 323 165 390 150
171 164 108 157 264 257 272 382 272 324 235 257 237 386 231 326 2 2
;
356 0 248 114 248 156 249 199 249 257 280 159 216 158 323 164 390 146
172 163 111 153 264 257 272 382 272 324 235 257 237 386 231 326 2 2
;
357 0 248 114 248 156 249 199 249 257 281 159 216 157 324 160 385 128
173 157 108 132 264 257 272 382 272 324 235 257 237 386 231 326 2 2
;
358 0 248 114 248 156 249 199 249 257 281 159 216 157 325 155 382 115
174 151 111 119 264 256 272 382 272 324 235 257 237 386 231 326 2 2
;
359 0 249 114 249 156 249 199 250 256 282 158 216 157 323 143 367 87
175 140 128 90 264 256 272 382 272 324 235 256 237 386 231 326 2 2
;
360 0 249 114 249 156 249 199 250 256 282 158 216 156 321 137 355 74
176 134 140 77 264 256 272 382 272 324 235 256 237 386 231 326 2 2
;
361 0 249 114 249 156 249 198 250 255 283 156 216 155 319 122 330 57
182 122 167 58 264 255 272 381 272 324 235 255 237 386 231 325 2 2
;
362 0 249 115 249 156 249 198 250 255 283 156 216 154 314 116 318 51
184 118 179 51 264 255 272 382 272 324 235 254 237 386 231 325 0 2
;
363 0 249 115 250 155 250 197 250 254 282 154 217 152 307 114 297 47
191 109 202 44 264 254 272 382 272 323 235 253 237 386 231 324 0 2
;
364 0 249 115 250 155 250 197 250 253 281 152 218 151 305 113 288 50
194 107 212 45 264 253 272 382 272 323 236 253 237 386 231 324 0 2
;
365 0 249 115 250 155 250 196 250 252 280 152 219 150 300 112 271 50
200 110 228 50 265 252 273 382 272 323 236 252 237 386 231 324 0 2
;
366 0 249 115 250 155 250 196 250 251 279 152 219 150 298 110 265 52
202 108 234 53 265 251 273 382 272 323 236 251 237 386 231 324 1 2
;
367 0 250 115 250 155 250 196 251 250 280 153 220 150 295 108 263 55
204 107 240 56 266 250 273 382 272 322 236 250 237 386 231 323 1 1
;
368 0 250 115 250 155 250 196 251 250 280 153 220 150 296 109 266 53
204 107 234 55 266 250 273 382 272 322 236 250 237 386 231 323 1 1
;
369 0 250 115 251 155 251 196 251 250 281 154 220 150 300 112 284 53
199 108 216 50 266 251 273 382 272 322 236 250 237 386 231 323 0 2
;
370 0 250 115 251 155 251 196 251 251 281 154 220 150 303 114 294 52
192 112 204 50 266 251 273 382 272 322 236 250 237 386 231 323 0 2
;
371 0 250 115 251 156 251 196 251 251 282 154 220 151 312 120 317 55
188 116 181 53 266 252 273 382 272 323 236 251 237 386 231 324 2 2
;
372 0 250 115 251 156 251 196 251 252 282 154 220 151 314 124 328 61
184 121 169 58 265 252 273 382 272 323 236 251 237 386 231 324 2 2
;
373 0 251 115 251 156 251 197 251 252 283 155 219 153 321 132 349 69
178 128 149 70 265 253 273 382 272 323 236 252 237 386 231 324 0 2
;
374 0 251 115 251 156 251 197 251 253 283 155 219 153 323 136 358 77
178 132 140 77 265 253 273 382 272 323 236 253 237 386 231 324 2 2
;
375 0 251 115 251 156 251 197 251 254 284 156 219 154 325 145 371 93
178 142 128 95 265 254 272 382 272 324 236 254 237 386 231 325 2 2
;
376 0 251 115 251 156 251 197 251 254 284 157 219 155 325 149 376 102
177 146 123 103 265 254 273 382 272 324 236 254 237 386 231 325 2 2
;
377 0 251 115 251 156 251 198 251 255 283 158 219 156 329 157 381 119
178 153 115 120 265 255 273 382 272 324 236 255 237 386 231 325 2 2
;
378 0 251 115 251 156 251 198 251 255 283 158 219 156 329 159 382 125
176 155 115 128 265 255 273 382 273 324 236 255 237 386 232 326 2 2
;
379 0 251 115 251 156 251 198 251 255 283 159 219 157 330 161 384 131
171 158 115 132 265 255 273 382 273 324 236 255 237 386 232 326 2 2
;
380 0 251 115 251 156 251 198 251 256 283 159 219 157 330 161 384 130
171 159 116 129 265 256 273 382 273 324 236 256 237 386 232 327 2 2
;
381 0 251 115 251 156 251 198 251 256 283 159 219 157 330 163 375 122
172 161 128 120 265 256 273 382 273 324 236 256 237 386 232 327 2 2
;
382 0 251 115 251 156 251 199 251 256 283 160 219 157 331 163 368 116
172 161 137 115 265 256 273 382 273 324 237 256 237 386 232 327 2 2
;
383 0 251 115 251 156 251 199 251 256 283 160 219 157 328 164 346 108
173 163 158 107 265 256 273 382 273 324 237 256 237 386 232 327 0 2
;
384 0 251 115 251 156 251 199 251 256 283 160 219 157 328 164 335 105
174 162 169 104 265 256 273 382 273 324 237 256 237 386 232 326 0 2
;
385 0 251 115 251 157 251 199 251 256 283 160 219 157 328 162 313 104
173 159 190 103 265 256 273 382 273 324 237 256 237 386 232 326 0 2
;
386 0 252 114 251 157 251 199 251 256 283 159 219 157 329 160 304 106
173 156 200 104 265 256 273 382 273 324 237 256 237 386 232 326 0 2
;
387 0 252 115 251 157 251 199 251 256 283 159 219 155 321 152 288 108
182 148 215 110 265 256 273 382 273 324 237 256 237 386 232 326 2 2
;
388 0 252 115 251 157 251 199 251 256 283 159 219 155 320 152 292 118
182 148 222 112 265 256 273 382 273 324 236 255 237 386 232 326 2 1
;
389 0 253 115 251 157 251 199 251 256 284 159 220 155 320 152 292 119
183 147 219 115 265 256 273 382 273 324 236 255 237 386 232 325 0 1
;
390 0 253 115 251 157 251 199 251 255 283 159 220 155 320 152 293 114
183 148 217 110 265 256 273 382 272 324 236 255 237 386 232 325 2 1
;
391 0 253 115 251 157 251 199 251 256 284 159 220 155 321 156 308 105
182 151 195 104 265 256 273 382 273 324 236 255 237 386 232 326 0 2
;
392 0 253 115 251 157 251 199 251 256 284 159 220 156 327 159 330 101
175 156 172 99 265 256 273 382 272 324 236 255 237 386 232 326 0 2
;
393 0 253 115 251 157 251 199 251 256 284 159 220 156 328 159 341 102
175 156 161 99 265 256 273 382 272 324 236 255 237 386 232 326 0 2
;
394 0 253 115 251 157 251 199 251 256 284 159 220 156 330 159 362 106
173 155 140 102 265 256 273 382 273 324 236 255 237 386 232 326 2 2
;
395 0 253 115 251 157 251 199 251 256 284 159 220 156 331 160 370 110
173 155 132 107 265 256 273 382 273 324 236 255 237 386 232 326 2 2
;
396 0 253 115 251 157 251 199 251 256 284 160 220 156 332 160 379 120
171 156 122 118 265 256 273 382 273 324 236 256 237 386 232 326 2 2
;
397 0 253 115 251 157 251 199 251 256 284 160 220 156 332 161 381 126
171 157 120 123 265 256 273 382 273 324 236 256 237 386 232 326 2 2
;
398 0 253 115 251 157 251 199 251 256 284 160 219 156 332 163 384 132
174 159 115 131 265 256 273 382 273 324 237 256 237 386 232 326 2 2
;
399 0 253 115 251 157 251 199 251 256 284 160 219 157 332 164 385 135
172 160 114 135 265 256 273 382 273 324 237 256 237 386 232 326 2 2
;
400 0 253 115 251 157 251 199 251 256 284 160 219 157 331 165 386 139
170 161 112 140 265 256 273 382 273 324 237 256 237 386 232 327 2 2
;
401 0 253 115 251 157 251 199 251 256 284 160 219 157 328 166 387 141
175 162 111 143 265 256 273 382 273 324 237 256 237 386 232 326 2 2
;
402 0 253 115 251 157 251 199 251 256 284 160 219 157 327 166 388 144
175 163 118 150 265 256 273 382 273 324 237 256 237 386 232 326 2 2
;
403 0 253 115 251 157 251 199 251 256 284 160 219 157 327 166 389 145
175 164 118 152 265 256 273 382 273 324 237 256 237 386 232 327 2 2
;
404 0 253 115 251 157 251 199 251 256 284 160 219 157 327 167 389 147
176 164 116 155 265 256 273 382 273 324 237 256 237 386 232 327 2 2
;
405 0 253 115 251 157 251 199 251 256 284 160 219 157 327 167 389 148
176 164 116 157 265 256 273 382 273 324 237 256 237 386 232 327 2 2
;
406 0 252 115 251 157 251 199 251 256 284 160 219 157 326 167 390 150
176 165 114 160 265 256 273 382 273 324 237 256 237 386 232 327 2 2
;
407 0 252 115 251 157 251 199 251 256 284 160 219 157 326 168 390 151
176 166 118 161 265 256 273 382 273 324 237 256 237 386 232 327 2 2
;
408 0 252 115 251 157 251 199 251 256 283 160 219 158 325 168 390 152
176 166 114 163 265 256 273 382 273 324 237 256 237 386 232 326 2 2
;
409 0 252 115 251 157 251 199 251 256 283 161 219 158 325 169 390 152
176 167 114 164 265 256 273 382 273 324 237 256 236 386 232 326 2 2
;
410 0 252 115 251 157 251 199 251 256 283 161 219 158 325 169 391 153
176 167 114 165 265 256 273 382 273 324 237 257 236 386 232 326 2 2
;
411 0 252 115 251 157 251 199 251 256 283 161 219 158 325 169 388 154
176 168 114 166 265 256 273 382 273 324 237 257 236 386 232 326 2 2
;
412 0 252 115 251 157 251 199 251 257 283 161 219 158 325 169 390 154
176 169 113 166 265 257 273 382 273 324 237 257 237 386 232 326 2 2
;
413 0 252 115 251 157 251 199 251 257 283 161 219 158 324 169 390 155
176 169 113 166 265 257 273 382 273 324 237 257 237 386 232 326 2 2
;
414 0 252 115 251 157 251 200 251 257 283 161 219 158 324 169 390 155
177 169 113 166 265 257 273 382 273 324 237 257 237 386 232 326 2 2
;
415 0 252 115 251 157 251 200 251 257 283 161 219 158 324 169 390 156
177 169 112 166 265 257 273 382 273 324 237 257 237 386 232 326 2 2
;
416 0 252 115 251 157 251 200 251 257 283 161 219 158 324 169 391 156
176 169 111 165 265 257 273 382 273 324 237 257 237 386 232 326 2 2
;
417 0 252 115 251 157 251 200 251 257 283 161 219 158 324 169 391 154
176 168 111 162 265 257 273 382 273 324 237 257 237 386 232 326 2 2
;
418 0 252 115 251 157 251 200 251 257 283 161 219 158 326 164 391 141
176 162 108 148 265 257 273 382 273 324 237 257 237 386 232 327 2 2
;
419 0 252 115 251 157 251 200 251 257 283 161 219 158 327 160 388 132
176 158 109 137 265 257 273 382 273 324 237 257 237 386 232 327 2 2
;
420 0 252 115 251 157 251 199 251 256 284 160 219 158 326 151 381 109
177 148 118 112 265 256 273 382 273 324 237 256 237 386 232 326 2 2
;
421 0 252 115 251 157 251 199 251 256 284 159 219 157 325 146 376 95
177 142 123 97 265 256 273 382 273 324 237 256 237 386 232 326 2 2
;
422 0 252 115 251 157 251 199 251 255 284 158 219 156 322 135 352 70
179 130 148 72 265 256 273 382 273 324 237 255 237 386 232 326 2 2
;
423 0 252 115 251 157 251 199 251 255 285 158 219 155 318 131 337 60
182 128 164 64 265 255 273 382 273 324 237 255 237 386 232 326 2 2
;
424 0 252 115 251 156 251 198 251 254 284 156 219 153 314 117 303 54
187 117 198 52 265 254 273 382 273 324 237 254 237 386 232 325 0 2
;
425 0 252 115 251 156 251 198 251 254 283 155 219 153 310 114 288 52
193 110 214 51 265 254 273 382 272 323 237 254 237 386 232 325 0 2
;
426 0 252 115 251 156 251 197 251 252 282 155 220 152 302 116 267 54
200 108 234 55 266 253 273 382 272 323 237 252 237 386 232 324 0 1
;
427 0 252 116 251 156 251 197 252 251 282 155 220 152 298 117 265 58
205 106 239 56 266 251 273 382 272 322 237 251 237 386 232 324 1 1
;
428 0 252 116 252 156 252 196 252 250 282 155 220 152 297 112 269 51
206 106 233 52 266 250 273 382 272 322 237 250 237 386 232 324 1 1
;
429 0 252 116 252 156 252 196 252 250 282 155 220 151 298 112 277 50
204 107 223 50 266 250 273 382 272 322 237 250 237 386 232 324 1 2
;
430 0 252 116 252 156 252 196 252 251 282 155 221 150 304 113 301 46
196 114 195 49 266 251 273 382 272 322 237 250 237 386 232 323 0 2
;
431 0 253 116 252 156 252 197 252 251 282 155 221 151 311 120 316 53
186 118 179 53 266 251 273 382 272 322 237 251 237 386 232 324 0 2
;
432 0 253 116 252 156 252 197 251 252 284 155 221 152 317 127 345 60
180 126 150 69 266 252 273 382 272 322 237 251 237 386 232 324 2 2
;
433 0 253 116 252 156 252 197 252 252 284 156 221 153 320 132 356 67
179 130 139 77 266 253 273 382 272 322 237 252 237 386 232 324 2 2
;
434 0 252 116 252 156 252 197 252 253 284 157 220 154 325 138 370 85
179 139 125 96 266 253 273 382 272 323 237 253 237 386 232 325 2 2
;
435 0 252 116 252 156 252 197 252 253 284 157 220 154 325 143 375 92
177 143 121 104 266 254 273 382 273 323 237 253 237 386 232 326 2 2
;
436 0 252 115 252 156 252 198 252 254 285 158 220 156 327 150 382 105
178 150 115 118 266 254 273 382 273 323 237 254 237 386 232 326 2 2
;
437 0 252 115 252 156 252 198 252 255 284 158 220 156 327 153 384 111
178 153 114 125 266 255 273 382 273 324 237 254 237 386 232 326 2 2
;
438 0 252 115 252 156 252 198 252 255 284 159 220 156 328 157 386 124
180 158 113 136 266 255 273 382 273 324 237 255 237 386 232 326 2 2
;
439 0 252 115 252 156 252 198 252 255 284 159 220 157 328 159 387 129
180 160 113 141 266 255 273 382 273 324 237 255 237 386 232 326 2 2
;
440 0 252 115 252 157 252 199 252 256 284 160 220 157 327 162 389 137
180 163 112 150 266 256 273 382 273 324 237 256 237 386 232 327 2 2
;
441 0 252 115 252 157 252 199 252 256 284 160 220 158 327 163 390 140
179 166 120 156 266 256 273 382 273 324 238 256 237 386 232 327 2 2
;
442 0 252 115 252 157 252 199 252 256 284 160 219 158 327 167 390 147
180 169 117 163 266 256 273 382 273 324 238 256 237 386 232 327 2 2
;
443 0 252 115 252 157 252 199 252 256 284 161 219 158 327 168 390 150
180 171 117 166 266 256 273 382 273 324 238 256 237 386 232 327 2 2
;
444 0 252 115 252 157 252 199 252 257 284 161 219 159 325 170 391 157
181 173 116 173 266 256 273 382 273 324 238 257 237 386 232 327 2 2
;
445 0 252 115 252 157 252 199 252 257 284 161 219 159 324 171 390 160
180 174 118 177 266 257 273 382 273 324 238 257 237 386 232 327 2 2
;
446 0 252 115 252 157 252 199 252 257 284 161 219 159 324 171 391 167
180 175 118 184 266 257 273 382 273 324 238 257 237 386 233 328 2 2
;
447 0 252 115 252 157 252 199 252 257 284 161 219 159 323 172 390 169
180 175 119 187 266 257 273 382 272 324 238 257 237 386 233 328 2 2
;
448 0 252 115 252 157 252 200 252 257 283 161 219 159 323 172 389 173
180 175 119 191 266 257 273 382 272 324 238 257 237 386 233 328 2 2
;
449 0 251 115 252 157 252 200 252 257 283 161 219 159 323 172 389 172
180 176 119 189 266 257 273 382 272 324 238 257 237 386 233 327 2 2
;
450 0 251 115 252 157 252 200 252 257 283 161 219 159 323 172 388 170
180 175 119 186 266 257 273 382 272 324 238 257 237 386 233 327 2 2
;
451 0 251 115 252 157 252 200 252 257 283 161 219 159 323 172 388 167
180 175 119 182 266 257 273 382 272 324 238 257 237 386 233 327 2 2
;
452 0 251 115 251 157 252 200 252 257 283 161 219 160 323 171 378 160
180 175 118 170 266 257 273 382 272 324 238 257 237 386 233 327 2 2
;
453 0 251 115 251 157 252 200 252 257 283 161 219 160 323 171 376 151
180 174 124 157 266 257 273 382 273 324 238 257 237 386 232 327 2 2
;
454 0 251 115 251 157 252 200 252 257 283 161 219 160 323 170 375 146
180 173 123 148 266 257 273 383 273 324 238 257 237 386 232 327 2 2
;
455 0 251 115 251 157 252 200 252 257 283 161 219 159 323 169 374 131
178 173 130 133 266 257 273 382 273 324 238 257 237 386 232 327 2 2
;
456 0 250 115 251 157 251 200 252 257 283 161 219 159 324 168 370 125
177 172 135 127 266 257 273 382 273 324 237 257 237 386 232 327 2 2
;
457 0 250 115 251 157 251 200 252 257 282 161 218 159 326 165 361 112
177 171 147 117 266 256 273 382 273 324 237 257 237 386 232 327 2 2
;
458 0 250 115 251 157 251 200 252 257 282 161 218 159 327 164 354 108
175 168 153 111 266 256 273 382 273 324 237 257 237 386 232 327 2 2
;
459 0 250 115 251 157 251 199 252 256 282 161 218 158 326 162 339 103
175 165 166 105 266 256 273 382 273 324 237 257 237 386 232 327 2 2
;
460 0 250 115 251 157 251 199 251 256 282 160 218 158 326 161 331 100
174 161 174 102 266 256 273 382 273 324 237 257 237 385 232 327 0 2
;
461 0 250 115 251 157 251 199 251 256 282 160 218 158 326 160 323 99
173 160 181 102 266 256 273 382 273 324 237 256 237 385 232 327 0 2
;
462 0 250 115 250 157 251 199 251 256 282 160 218 158 321 154 307 99
174 153 195 102 266 256 273 382 273 324 237 256 237 385 232 327 2 2
;
463 0 250 115 250 157 251 199 251 256 282 160 218 157 320 152 295 105
178 149 209 106 266 255 273 382 273 324 237 256 237 385 232 326 2 2
;
464 0 250 115 250 157 251 199 251 255 283 159 218 156 320 150 288 107
179 148 214 109 266 255 273 382 273 324 237 255 237 385 232 327 2 2
;
465 0 250 115 250 157 251 199 251 255 283 158 218 155 318 149 276 113
182 147 223 113 265 255 273 382 273 324 237 255 237 385 232 326 1 0
;
466 0 251 115 250 157 251 199 251 255 283 158 219 155 318 149 273 114
183 147 217 119 265 255 273 382 273 324 237 255 237 385 232 326 1 1
;
467 0 251 115 250 157 251 198 251 255 283 158 219 155 319 149 276 112
183 147 215 118 265 255 273 382 273 323 237 255 237 385 232 326 1 1
;
468 0 251 115 250 157 251 198 251 255 283 158 218 155 318 150 284 110
183 148 212 116 265 255 273 382 273 323 237 255 237 385 232 326 2 1
;
469 0 250 115 250 157 251 199 251 255 282 158 218 156 319 153 301 107
180 151 200 110 265 255 273 382 273 324 237 255 237 385 232 326 2 0
;
470 0 250 115 250 157 251 199 251 255 282 158 218 156 319 155 307 101
180 152 193 108 265 255 273 382 273 324 237 255 237 385 232 326 2 2
;
471 0 250 115 250 157 251 199 251 255 282 159 218 157 320 157 322 101
174 159 180 104 265 255 273 382 273 324 237 255 237 385 232 326 2 2
;
472 0 250 115 250 157 250 199 251 255 282 159 218 157 323 159 329 101
174 159 173 103 265 255 273 382 273 324 237 255 237 385 232 326 2 2
;
473 0 250 115 250 157 250 199 251 255 282 159 218 157 324 159 342 101
174 160 161 103 265 255 273 382 273 324 237 255 237 385 232 327 2 2
;
474 0 250 115 250 157 250 199 251 255 282 159 218 157 325 158 349 102
174 160 155 103 265 255 273 382 273 324 237 255 237 385 232 327 2 2
;
475 0 250 115 250 157 250 199 251 255 282 159 218 157 326 158 360 106
174 159 144 105 265 255 273 382 273 324 237 255 237 385 232 327 2 2
;
476 0 250 115 250 157 250 199 251 255 282 159 218 157 326 158 363 109
173 158 139 106 265 255 273 382 273 324 237 255 237 385 232 327 2 2
;
477 0 250 115 250 157 250 199 251 255 282 159 218 157 328 158 371 114
173 157 130 112 265 255 273 382 273 324 236 255 237 385 232 327 2 2
;
478 0 250 115 250 157 250 199 251 255 282 159 218 157 328 158 374 118
172 157 126 115 265 255 273 382 273 324 236 255 237 385 232 327 2 2
;
479 0 250 115 250 157 250 199 251 255 282 159 218 157 328 159 377 125
174 156 124 125 265 255 273 382 273 324 236 255 237 385 232 327 2 2
;
480 0 250 115 250 157 250 199 251 255 282 159 218 157 327 159 378 128
174 155 122 129 265 255 273 382 273 323 236 255 237 386 232 327 2 2
;
481 0 250 115 250 157 250 199 251 255 282 159 218 157 326 161 379 134
173 155 120 133 265 255 273 382 273 323 236 255 237 386 232 327 2 2
;
482 0 250 115 250 157 250 199 251 255 282 159 217 157 328 160 382 135
173 156 119 135 265 255 273 382 273 323 236 255 237 385 232 326 2 2
;
483 0 250 115 250 157 250 199 251 255 282 160 218 157 326 161 378 141
175 156 120 140 265 255 273 382 273 323 236 255 237 385 232 326 2 2
;
484 0 250 115 250 157 250 199 251 255 282 160 218 157 325 161 378 143
176 156 119 143 265 255 273 382 273 323 236 255 237 385 232 326 2 2
;
485 0 250 115 250 157 250 199 251 255 282 160 218 157 325 162 378 147
175 156 119 147 265 255 273 382 273 324 236 255 237 385 232 326 2 2
;
486 0 250 115 250 157 250 199 251 255 282 160 218 157 324 162 379 148
175 156 118 149 265 255 273 382 273 324 236 255 237 385 232 326 2 2
;
487 0 250 115 250 157 250 199 251 255 282 160 218 157 324 163 378 151
175 156 118 151 265 255 273 382 273 324 236 255 237 385 232 326 2 2
;
488 0 250 115 250 157 250 199 251 255 282 160 218 157 324 163 373 153
175 157 118 152 265 255 273 382 273 324 236 255 237 385 232 326 2 2
;
489 0 250 115 250 157 250 199 251 255 282 160 218 157 324 163 377 152
174 158 117 152 265 255 273 382 273 323 236 255 237 385 232 326 2 2
;
490 0 250 115 250 157 250 199 251 255 282 160 218 157 323 164 377 152
174 158 118 153 265 255 273 382 273 324 236 255 237 386 232 326 2 2
;
491 0 250 115 250 157 250 199 251 255 282 160 218 157 323 164 377 151
175 158 117 153 265 255 273 382 273 324 236 256 237 386 232 326 2 2
;
492 0 250 115 250 157 250 199 251 255 282 160 218 157 323 164 377 151
175 158 118 153 265 255 273 382 273 323 236 256 237 386 232 326 2 2
;
493 0 250 115 250 157 250 199 251 256 282 160 218 157 323 164 377 151
175 159 118 153 265 255 273 382 273 323 236 256 237 386 232 326 2 2
;
494 0 250 115 250 157 250 199 251 256 282 160 218 157 323 164 377 151
175 159 115 153 265 256 273 382 273 323 236 256 237 386 232 326 2 2
;
495 0 250 115 250 157 250 199 251 256 282 160 218 157 323 164 378 151
175 159 118 153 265 256 273 382 273 324 236 256 237 386 232 326 2 2
;
496 0 250 115 250 157 250 199 251 256 282 160 218 157 323 164 377 152
175 159 118 153 265 256 273 382 273 324 236 256 237 386 232 326 2 2
;
497 0 250 115 250 157 250 199 251 256 282 160 218 157 323 165 378 152
174 159 118 153 265 256 273 382 273 324 236 256 237 386 232 327 2 2
;
498 0 250 115 250 157 250 199 251 256 282 160 218 157 323 165 378 152
174 159 117 153 265 256 273 382 273 324 236 256 237 386 232 326 2 2
;
499 0 250 115 250 157 250 199 251 256 282 160 218 157 323 165 378 153
174 159 114 153 265 256 273 382 273 324 236 256 237 386 232 326 2 2
;
500 0 250 114 250 157 250 199 251 256 282 160 218 157 323 165 378 153
174 160 116 155 265 256 273 382 273 324 236 256 237 386 232 326 2 2
;
501 0 250 114 250 157 250 199 251 256 282 160 218 157 323 165 378 154
174 160 116 156 265 256 273 382 273 324 236 256 237 386 232 326 2 2
;
502 0 250 114 250 157 251 199 251 256 282 160 218 157 323 165 378 155
174 160 116 158 265 256 273 382 273 324 236 256 237 386 232 326 2 2
;
503 0 250 114 250 157 251 199 251 256 282 160 218 157 323 166 378 156
174 161 116 158 265 256 273 382 273 324 236 256 237 386 232 327 2 2
;
504 0 250 115 250 157 251 199 251 256 282 160 218 157 323 166 378 157
174 162 114 160 265 256 273 382 273 324 236 256 237 386 232 327 2 2
;
505 0 250 115 250 157 251 199 251 256 282 161 218 157 323 167 378 158
174 162 113 161 265 256 273 382 273 324 236 256 237 386 232 327 2 2
;
506 0 251 115 250 157 251 199 251 256 283 161 218 157 323 167 379 158
174 163 116 161 265 256 273 382 273 324 237 256 237 386 232 326 2 2
;
507 0 251 115 250 157 251 199 251 256 283 161 218 157 323 167 379 159
174 163 113 161 265 256 273 382 273 324 237 257 237 386 232 327 2 2
;
508 0 252 116 250 157 251 200 251 256 283 161 218 158 323 167 378 157
174 163 116 160 266 256 273 382 273 324 237 257 237 386 232 327 2 2
;
509 0 252 116 250 157 251 200 251 256 283 161 218 158 323 167 378 156
174 163 116 158 266 256 273 382 273 324 237 257 237 386 232 327 2 2
;
510 0 252 116 250 157 251 200 251 256 283 161 219 158 323 166 378 151
175 163 119 153 266 256 273 382 273 324 237 257 237 386 232 327 2 2
;
511 0 252 116 250 157 251 200 251 256 283 161 219 158 323 166 377 148
176 162 119 150 266 256 273 382 273 324 237 257 237 386 232 327 2 2
;
512 0 252 116 250 157 251 200 251 256 283 160 219 158 324 164 377 139
177 159 122 140 266 256 273 382 273 325 237 257 237 386 232 326 2 2
;
513 0 252 116 250 157 251 200 251 256 283 160 219 158 325 161 381 132
178 157 119 133 266 256 273 382 273 325 237 257 237 386 232 326 2 2
;
514 0 252 116 251 157 251 200 252 256 284 160 219 158 326 155 380 117
175 151 120 115 266 256 273 382 273 325 237 256 237 386 232 326 2 2
;
515 0 252 116 251 157 251 199 252 256 284 159 219 157 328 149 377 109
175 146 124 106 266 256 273 382 273 325 237 256 237 386 232 326 2 2
;
516 0 252 115 251 157 251 199 252 256 285 159 219 157 327 141 371 92
177 140 135 89 266 256 273 382 273 324 237 256 237 386 232 326 2 2
;
517 0 252 115 251 157 251 199 252 256 285 158 219 157 325 139 362 87
178 133 140 79 266 256 273 382 273 324 237 256 237 386 232 326 2 2
;
518 0 252 115 251 157 252 199 252 255 285 157 219 155 322 132 354 70
183 129 157 68 266 255 273 382 273 324 238 255 237 386 232 325 2 2
;
519 0 252 115 252 157 252 198 252 255 285 157 219 155 320 128 344 71
185 128 165 65 266 255 273 382 273 324 238 254 237 386 232 325 2 2
;
520 0 252 115 252 156 252 198 252 254 285 156 220 153 316 123 330 59
189 121 182 54 267 254 273 382 273 323 238 254 237 386 232 325 2 2
;
521 0 252 115 252 156 252 198 252 253 285 155 220 152 314 121 321 59
193 118 190 52 267 254 273 382 273 323 238 253 237 386 232 325 2 2
;
522 0 252 115 252 156 252 197 252 253 285 155 220 151 309 115 305 49
198 113 208 52 267 253 273 382 273 323 238 253 237 386 232 325 2 2
;
523 0 252 115 253 156 252 197 252 253 284 155 221 151 307 114 296 49
199 111 217 50 267 253 273 382 273 322 238 253 237 386 232 325 2 2
;
524 0 252 115 253 156 252 197 252 252 283 154 222 150 304 114 278 52
204 109 233 53 267 252 273 382 273 322 238 252 237 386 233 324 0 0
;
525 0 253 116 253 156 253 197 252 251 283 154 222 150 303 114 272 56
204 109 239 57 267 251 273 382 273 321 238 251 237 386 233 324 1 0
;
526 0 253 116 253 156 253 196 253 250 283 154 223 150 300 111 261 53
207 109 236 68 268 250 273 382 273 321 238 250 237 386 233 324 1 1
;
527 0 253 116 253 156 253 196 253 250 283 154 223 150 300 111 268 54
207 110 237 61 268 250 273 382 273 321 238 250 236 386 233 324 1 1
;
528 0 254 116 253 156 253 196 253 250 283 153 223 150 303 112 285 51
201 113 222 56 268 250 273 382 273 321 238 250 236 386 233 324 0 2
;
529 0 254 116 254 156 253 196 253 251 283 154 223 150 306 115 297 53
196 114 210 54 268 251 273 382 273 321 238 250 236 386 233 324 0 2
;
530 0 254 116 254 156 253 196 253 251 284 154 223 151 316 123 324 61
187 120 181 57 268 251 273 382 273 321 238 251 236 386 233 324 0 2
;
531 0 254 116 254 156 253 197 253 252 285 155 223 152 318 127 337 67
185 129 166 66 268 252 273 382 273 322 239 252 236 386 233 324 0 2
;
532 0 254 116 254 156 254 197 253 253 286 156 222 153 325 139 363 83
180 137 139 88 268 253 273 382 274 322 239 252 236 386 233 324 0 2
;
533 0 254 116 254 156 254 197 253 253 286 156 222 154 328 146 370 97
178 141 130 100 268 253 273 382 274 322 239 253 236 387 233 324 2 2
;
534 0 253 116 254 156 253 198 253 254 286 158 221 155 331 152 383 116
174 149 120 120 268 254 273 382 274 323 239 254 236 387 233 327 2 2
;
535 0 253 116 254 156 253 198 253 254 286 158 221 156 330 157 383 125
173 152 119 125 268 254 273 382 274 323 239 254 236 387 233 327 2 2
;
536 0 253 115 253 156 253 198 253 255 286 159 221 156 330 159 385 132
177 161 124 131 268 255 273 382 274 323 239 255 236 387 233 327 2 2
;
537 0 253 115 253 157 253 198 253 255 285 159 221 157 329 161 383 132
177 162 125 130 267 255 273 382 274 323 239 255 236 387 233 327 2 2
;
538 0 252 115 253 157 253 199 253 255 285 160 220 157 329 164 376 126
177 163 134 123 267 255 273 382 274 323 239 256 236 387 233 327 0 2
;
539 0 252 115 253 157 253 199 253 256 285 160 220 157 328 166 368 122
179 167 142 121 267 255 273 382 274 323 239 256 237 387 233 327 0 2
;
540 0 252 115 253 157 253 199 253 256 285 160 220 157 329 166 349 110
178 167 160 113 267 256 273 382 274 323 239 256 236 387 233 327 2 0
;
541 0 252 115 253 157 253 199 253 256 285 160 220 157 329 166 337 109
179 168 171 114 267 256 273 382 274 323 239 256 236 387 233 327 0 0
;
542 0 252 115 253 157 253 199 253 256 285 160 220 157 329 165 312 109
177 166 192 112 267 256 273 382 274 323 239 256 237 387 233 326 0 2
;
543 0 252 115 253 157 253 199 253 256 285 160 220 157 330 164 303 111
177 164 203 113 267 256 273 382 274 323 239 256 237 386 233 327 0 2
;
544 0 252 115 253 157 253 199 253 256 285 160 221 156 321 154 290 116
185 154 216 120 267 256 273 382 274 323 238 256 237 386 233 326 0 1
;
545 0 252 115 252 157 253 199 253 256 285 159 221 155 321 153 279 114
185 153 228 116 267 256 273 382 274 323 238 256 237 386 233 326 1 1
;
546 0 252 115 252 157 253 199 253 256 285 159 221 155 321 153 293 113
185 153 214 112 267 256 273 382 274 323 238 255 237 386 233 326 2 1
;
547 0 252 115 252 157 253 199 253 256 284 159 221 156 321 155 302 109
184 155 202 109 267 256 273 382 274 323 238 255 237 386 233 326 2 0
;
548 0 252 115 252 157 253 199 253 256 284 159 220 156 324 159 326 106
183 160 176 108 267 256 273 382 274 323 238 256 236 386 233 326 0 0
;
549 0 252 115 252 157 253 199 253 256 284 159 220 156 327 162 339 105
182 161 163 113 267 256 273 382 274 323 238 256 237 386 233 326 0 0
;
550 0 252 115 252 157 253 199 253 256 284 159 220 157 330 163 363 111
175 163 137 114 267 256 273 382 274 323 238 256 237 386 233 326 0 2
;
551 0 252 115 252 157 253 199 253 256 284 159 220 157 330 163 372 118
175 163 129 121 267 256 273 382 274 323 238 256 237 386 233 327 0 2
;
552 0 252 115 252 157 253 199 253 256 284 159 220 157 330 164 381 131
175 164 123 135 267 256 273 382 274 323 238 256 237 386 233 327 2 2
;
553 0 252 115 252 157 253 199 253 256 284 160 220 157 330 166 383 137
174 164 118 139 267 256 273 382 274 323 238 256 237 386 233 327 2 2
;
554 0 252 115 252 157 253 199 253 256 284 160 220 157 328 168 381 147
179 165 124 149 267 256 273 382 274 323 238 256 237 386 233 326 2 2
;
555 0 252 115 252 157 253 199 253 256 284 160 220 157 327 169 382 150
179 165 124 152 267 256 273 382 274 323 238 256 237 386 233 326 2 2
;
556 0 252 115 252 157 253 199 253 256 284 160 220 157 326 170 381 155
180 165 124 156 267 256 273 382 274 323 238 256 237 386 233 327 2 2
;
557 0 252 115 252 157 253 199 253 256 284 160 220 157 326 170 382 157
180 165 122 157 267 256 273 382 274 323 238 256 237 386 233 327 2 2
;
558 0 252 115 252 157 253 199 253 256 284 161 220 157 326 171 388 160
179 165 122 160 267 256 273 382 274 323 238 256 237 386 233 327 2 2
;
559 0 252 115 252 157 253 199 253 256 284 161 220 157 326 171 381 163
179 165 121 161 267 256 273 382 274 323 238 256 237 386 233 326 2 2
;
560 0 252 115 253 157 253 199 253 256 285 161 220 157 326 171 389 164
179 166 121 164 267 256 273 382 274 323 238 256 237 386 233 326 2 2
;
561 0 253 115 253 157 253 199 253 256 285 161 220 157 326 172 389 165
179 166 123 165 267 256 273 382 274 323 238 256 237 386 233 326 2 2
;
562 0 253 115 253 157 253 199 253 256 285 161 220 157 326 172 389 166
179 166 123 166 267 256 273 382 274 323 238 256 237 386 233 326 2 2
;
563 0 253 115 253 157 253 200 253 256 285 161 220 157 326 172 389 166
179 167 123 166 267 256 273 382 274 323 238 256 237 386 233 326 2 2
;
564 0 253 115 253 157 253 200 253 256 285 161 220 157 326 172 389 166
179 167 119 167 267 256 273 382 274 323 238 257 237 386 233 326 2 2
;
565 0 253 115 253 157 253 200 253 256 285 161 221 157 326 172 389 166
180 167 122 167 267 256 273 382 274 323 238 257 236 387 233 326 2 2
;
566 0 253 115 253 157 253 200 253 256 285 161 221 157 326 173 389 166
180 167 123 167 267 256 273 382 274 323 238 257 236 387 233 326 2 2
;
567 0 253 115 253 157 253 200 253 257 285 161 221 158 326 173 389 166
180 168 123 168 267 256 273 382 274 323 238 257 236 387 233 326 2 2
;
568 0 253 115 253 157 253 200 253 257 285 161 221 158 326 173 389 166
179 168 123 168 267 256 273 382 274 323 238 257 236 386 233 326 2 2
;
569 0 253 115 253 157 253 200 253 257 285 161 221 158 326 173 389 166
179 168 123 168 267 257 273 382 274 323 238 257 236 386 233 326 2 2
;
570 0 253 115 253 157 253 200 253 257 285 161 221 158 326 173 389 166
180 168 120 168 267 257 273 382 274 323 238 257 237 386 233 326 2 2
;
571 0 253 115 253 157 253 200 253 257 285 161 221 158 326 173 389 167
180 168 117 169 267 257 273 382 274 323 238 257 237 387 233 326 2 2
;
572 0 253 115 253 157 253 200 253 257 285 161 221 158 326 173 389 167
180 169 117 169 267 257 273 382 274 324 238 257 237 386 233 326 2 2
;
573 0 253 115 253 157 253 200 253 257 285 161 221 158 326 173 389 167
180 169 117 169 267 257 273 382 274 323 238 257 236 386 233 326 2 2
;
574 0 253 115 253 157 253 200 253 257 285 161 221 158 326 173 389 166
180 169 117 169 267 257 273 382 274 323 238 257 236 386 233 325 2 2
;
575 0 253 115 253 157 253 200 253 257 285 161 220 158 326 173 389 166
180 169 123 169 267 257 273 382 274 323 238 257 236 386 233 325 2 2
;
576 0 253 115 253 157 253 200 253 257 285 161 220 158 326 173 389 166
180 169 121 169 267 257 273 382 274 324 238 257 236 386 233 325 2 2
;
577 0 253 115 253 157 253 200 253 257 285 161 220 158 325 173 389 167
180 170 118 170 267 257 273 382 274 324 238 257 236 386 233 325 2 2
;
578 0 253 115 253 157 253 200 253 257 285 161 220 158 325 175 389 169
181 172 118 172 267 257 273 382 274 324 238 257 236 386 233 326 2 2
;
579 0 252 115 253 157 253 200 253 257 284 162 220 158 322 181 385 177
183 179 122 181 267 257 273 382 273 324 238 257 236 386 233 326 2 2
;
580 0 252 115 253 157 253 200 253 257 284 162 220 159 321 185 383 184
185 183 123 188 267 257 273 382 272 324 238 257 236 386 233 327 2 2
;
581 0 251 114 253 158 252 200 252 258 284 163 220 160 317 191 373 203
190 192 133 206 267 258 273 382 273 324 238 258 237 386 233 327 2 2
;
582 0 251 114 252 158 252 201 252 258 284 163 220 160 315 196 367 215
192 195 141 217 267 258 273 382 273 324 238 258 236 386 233 327 2 2
;
583 0 249 114 252 158 252 201 252 259 283 164 219 162 308 201 350 238
200 203 158 237 266 259 273 382 273 324 237 259 237 386 233 327 3 2
;
584 0 248 115 252 158 251 201 251 259 282 165 219 162 305 203 341 247
203 205 169 243 266 259 273 382 273 324 237 259 236 387 233 327 3 3
;
585 0 245 115 250 158 250 202 250 260 280 166 218 163 296 208 322 260
209 209 186 254 265 260 273 383 273 325 236 260 236 387 232 327 0 2
;
586 0 243 115 250 159 250 202 250 260 279 166 217 164 292 210 311 263
211 210 194 256 264 260 273 383 273 325 236 260 236 387 232 327 2 2
;
587 0 238 116 247 159 248 203 249 261 276 166 216 165 288 214 295 268
213 211 202 261 264 261 273 383 272 327 235 261 237 387 232 327 0 1
;
588 0 236 116 246 159 247 204 248 262 274 166 214 166 286 214 288 270
213 213 204 264 262 262 273 384 272 328 234 262 236 387 232 327 0 1
;
589 0 231 117 243 160 244 204 246 263 271 167 211 167 282 215 274 270
213 214 208 266 260 263 273 384 271 330 232 263 236 387 231 328 0 1
;
590 0 228 117 240 161 243 205 245 263 269 167 210 168 281 214 270 269
212 215 208 266 260 263 273 386 270 331 231 263 236 387 231 329 3 1
;
591 0 223 119 237 162 241 206 245 263 265 167 206 170 278 213 261 270
210 216 203 274 259 264 273 388 270 334 231 264 236 388 231 331 3 0
;
592 0 220 120 236 163 240 206 245 264 263 167 205 171 276 211 256 270
208 216 200 276 259 264 274 388 270 335 231 264 236 388 231 332 3 0
;
593 0 216 121 233 164 239 208 245 265 260 168 203 173 272 211 248 271
204 219 196 273 259 264 273 394 269 338 232 266 236 388 231 333 3 4
;
594 0 214 122 232 164 238 208 246 265 259 168 203 175 270 212 244 272
202 220 193 277 259 265 271 397 269 338 233 266 236 388 231 334 3 4
;
595 0 210 123 230 166 237 210 245 267 255 169 202 176 265 214 235 275
199 222 184 281 257 266 270 405 269 339 234 269 236 390 232 335 3 0
;
596 0 209 124 229 167 237 211 246 268 254 170 201 179 264 214 230 277
198 222 182 282 257 266 270 405 267 338 234 269 237 391 232 336 3 0
;
597 0 207 126 228 169 237 214 247 270 253 172 201 181 260 218 221 281
197 224 178 285 259 268 269 427 264 336 236 273 236 393 233 339 0 0
;
598 0 206 127 228 170 237 215 248 271 252 173 201 182 258 219 217 282
196 225 178 286 259 269 269 429 263 337 236 273 236 393 233 339 0 0
;
599 0 205 129 227 173 237 218 248 273 252 176 201 184 255 221 215 280
197 227 176 289 260 272 269 431 262 339 237 275 236 397 234 344 0 0
;
600 0 204 130 227 174 237 219 248 275 252 177 201 184 254 222 214 280
197 227 176 288 260 273 269 433 262 340 237 276 236 398 234 344 0 0
;
601 0 203 133 226 177 237 222 249 277 253 181 202 187 251 223 204 290
199 229 175 289 261 276 270 436 260 338 238 279 237 399 234 345 0 0
;
602 0 202 134 226 179 237 224 250 278 253 182 202 188 250 225 203 292
199 230 176 290 262 277 270 437 260 339 239 279 237 399 235 346 0 0
;
603 0 200 137 225 181 237 226 251 280 252 184 202 191 246 230 201 296
197 236 175 291 263 279 271 438 260 340 240 280 238 399 236 347 0 0
;
604 0 200 138 225 182 238 227 252 281 252 186 202 192 241 241 201 297
197 235 175 291 264 280 271 439 260 342 241 281 239 399 236 348 0 0
;
605 0 199 139 224 183 238 229 253 283 250 188 201 193 241 242 199 302
196 235 175 292 264 283 260 435 271 349 242 283 242 401 238 349 0 0
;
606 0 198 139 224 183 238 229 254 283 250 189 201 194 240 243 198 304
196 235 176 292 265 284 271 442 262 352 243 283 243 401 239 349 0 0
;
607 0 198 140 223 185 237 231 254 285 248 191 200 195 239 246 198 307
196 237 177 292 265 285 261 435 271 350 243 284 245 404 240 353 0 0
;
608 0 197 141 222 186 237 231 254 285 247 192 200 196 238 247 197 308
196 238 177 292 265 286 260 436 271 350 244 285 246 405 240 354 0 0
;
609 0 197 141 222 187 237 232 255 286 247 194 199 196 237 249 197 308
195 239 177 292 266 287 261 437 271 353 244 285 246 402 240 352 0 0
;
610 0 196 141 221 187 237 232 255 286 246 194 199 196 237 250 197 309
195 239 177 292 266 287 261 437 271 353 244 286 248 403 240 352 0 0
;
611 0 195 141 221 187 236 233 255 287 245 195 198 197 236 254 196 310
195 240 176 292 266 288 261 437 271 352 244 286 249 403 240 352 0 0
;
612 0 195 141 220 187 236 233 255 287 245 195 198 196 235 254 196 310
195 240 176 292 266 288 261 437 271 352 244 286 249 403 240 352 0 0
;
613 0 194 140 219 187 235 233 254 287 244 195 197 196 235 254 195 310
195 240 177 292 266 288 261 437 271 352 244 287 250 403 240 352 0 0
;
614 0 194 140 219 187 235 233 254 288 243 195 196 196 234 255 195 311
195 240 177 292 265 289 261 437 270 352 244 287 250 403 240 352 0 0
;
