295 0 254 45 251 91 253 139 254 207 285 84 217 89 298 35 268 -25 204
36 230 -42 272 208 275 390 275 313 236 206 228 392 228 313 1 1;
296 0 254 44 251 91 253 139 254 205 285 83 218 88 296 34 267 -27 206
36 187 -45 272 206 275 390 275 311 236 204 228 392 228 313 1 1;
297 0 254 44 251 91 253 138 254 204 285 83 219 86 296 34 316 -49 207
35 188 -47 272 205 275 390 275 310 236 203 228 392 228 311 1 1;
298 0 253 44 251 91 253 138 254 204 285 84 218 87 300 36 325 -44 205
35 186 -45 272 205 275 390 275 311 236 203 228 392 228 311 1 1;
299 0 253 44 251 91 252 138 254 206 286 86 216 88 309 43 301 -39 196
41 201 -45 272 207 275 390 275 312 236 206 228 392 228 312 1 1;
300 0 253 45 251 91 252 139 254 207 286 87 216 88 314 45 331 -36 192
42 181 -45 272 208 275 390 275 312 236 206 228 392 228 312 1 1;
301 0 253 45 250 91 252 139 254 208 288 89 215 89 324 57 347 8 180
52 159 3 272 209 275 390 275 312 236 208 228 392 227 313 1 1;
302 0 253 45 250 91 252 140 254 209 289 90 214 91 328 63 360 12 176
57 147 7 272 210 275 390 275 313 236 208 228 392 227 314 1 1;
303 0 253 45 250 91 252 140 254 210 291 92 213 93 337 74 386 25 166
67 122 20 272 210 275 390 275 313 236 210 228 392 227 314 0 0;
304 0 253 45 250 91 252 140 254 211 292 94 213 94 337 83 394 37 163
71 102 19 272 211 275 390 275 313 236 210 228 392 227 314 2 0;
305 0 253 45 250 92 252 141 254 212 293 96 212 95 341 93 404 63 160
82 91 46 272 213 275 390 275 313 236 211 228 392 227 315 0 0;
306 0 253 44 250 92 252 141 254 212 292 95 212 96 339 100 404 76 159
87 80 54 272 213 275 390 275 313 236 212 228 392 227 315 0 2;
307 0 253 44 250 92 252 142 254 213 292 98 212 97 338 106 405 94 160
96 84 76 272 214 275 390 275 313 236 213 228 392 227 315 2 2;
308 0 253 44 250 92 252 142 254 214 291 99 212 97 337 109 405 101 161
98 81 82 272 214 275 390 275 313 236 214 228 392 228 315 2 2;
309 0 253 44 250 92 252 143 254 215 291 100 213 97 337 114 410 111
160 103 79 92 272 215 275 390 275 314 236 214 228 392 228 316 2 2;
310 0 253 44 250 92 252 143 254 215 291 101 213 98 338 115 409 114
161 104 78 96 272 215 275 390 275 314 236 215 228 392 228 316 2 2;
311 0 254 44 250 92 252 143 254 215 290 102 213 97 336 117 409 119
160 107 79 101 272 216 275 390 275 314 236 215 228 392 228 316 2 2
;
312 0 254 44 250 92 252 143 255 216 290 102 213 99 336 118 409 120
160 108 79 103 273 216 275 390 275 314 236 216 228 392 228 316 2 2
;
313 0 254 44 250 92 252 144 255 216 290 102 213 100 335 119 409 121
160 109 81 105 273 217 275 390 275 314 236 216 228 392 228 317 2 2
;
314 0 254 44 250 92 252 144 255 217 290 102 213 100 335 120 409 120
160 110 80 106 273 217 275 390 275 314 237 217 228 392 228 317 2 2
;
315 0 254 44 250 92 252 144 255 217 290 102 213 100 335 120 409 120
160 111 81 106 273 217 275 390 275 314 237 217 228 392 228 317 2 2
;
