849 0 250 64 250 110 251 159 252 226 290 114 210 114 331 93 277 61
170 93 224 63 268 226 305 371 286 305 236 226 244 369 231 301 1 1;
850 0 250 64 250 111 251 159 252 226 290 115 210 115 331 93 278 59
170 93 223 63 268 226 305 371 286 305 236 226 244 369 231 301 1 1;
851 0 250 64 250 111 251 159 252 226 290 116 210 115 331 94 295 52
169 96 210 56 268 226 305 371 286 305 236 226 244 369 231 301 0 1;
852 0 250 64 250 111 251 160 252 226 290 116 211 116 332 97 305 45
169 102 200 49 268 226 305 371 286 305 236 226 244 369 231 301 0 0
;
853 0 250 64 250 111 251 160 252 226 290 116 211 116 334 102 334 44
169 106 171 42 269 226 305 371 286 305 236 226 244 369 231 301 2 2
;
854 0 250 64 250 111 251 160 252 226 291 116 211 116 334 105 362 52
166 108 139 47 269 226 305 371 286 305 236 226 244 369 231 301 0 2
;
855 0 250 64 250 111 251 160 252 226 291 116 211 116 336 105 368 68
166 110 125 55 269 226 305 371 286 305 236 226 244 369 231 301 0 2
;
856 0 250 64 250 111 251 160 252 226 291 116 211 116 336 107 389 63
166 111 116 68 269 226 305 371 286 305 236 226 244 369 231 301 0 0
;
857 0 250 64 250 111 251 160 253 226 291 116 211 116 337 112 403 88
165 114 103 93 269 226 305 371 286 305 236 226 244 369 231 301 0 2
;
858 0 251 64 251 111 251 160 253 227 291 116 211 117 338 117 406 113
165 119 103 118 269 227 306 371 286 306 237 227 244 369 231 301 0 0
;
859 0 251 64 251 111 252 160 253 227 291 116 211 117 337 119 405 124
166 122 105 129 269 227 306 371 286 306 237 227 244 369 231 301 0 0
;
860 0 251 64 251 111 252 160 253 227 291 116 212 118 335 125 402 140
168 127 111 145 269 227 305 371 286 306 237 227 244 369 231 301 0 0
;
861 0 251 64 251 111 252 161 253 227 291 117 212 118 335 126 401 143
168 129 107 151 269 227 305 371 286 306 237 227 244 369 231 301 0 0
;
862 0 251 64 251 111 252 161 253 228 291 117 212 118 334 127 402 137
168 130 107 148 269 228 305 371 286 306 237 228 244 369 231 301 0 0
;
863 0 251 64 251 111 252 161 253 228 291 117 212 118 334 127 403 130
168 130 105 141 269 228 305 371 286 306 237 228 244 369 231 301 0 0
;
864 0 251 64 251 111 252 161 253 228 291 117 212 118 336 124 407 107
168 125 101 121 269 228 305 371 286 306 237 228 244 370 231 301 0 2
;
865 0 252 64 251 111 252 161 253 228 291 117 212 118 336 123 399 95
167 123 102 109 269 228 305 371 286 306 237 228 244 369 231 301 0 2
;
866 0 252 64 252 111 252 161 253 228 291 117 212 118 337 120 395 81
166 122 104 94 269 228 305 371 286 306 236 228 244 369 231 301 0 2
;
867 0 252 64 252 111 252 161 253 228 291 117 212 118 338 116 374 62
166 119 118 68 269 228 305 371 286 306 236 228 244 369 231 301 0 2
;
868 0 252 64 252 111 252 161 253 228 291 117 212 118 336 112 351 46
167 116 143 48 269 228 305 371 286 306 236 228 244 369 231 301 2 2
;
869 0 252 64 252 111 252 161 253 228 292 117 212 117 337 109 338 39
167 114 157 43 269 228 305 371 286 306 236 227 244 369 231 301 2 2
;
870 0 252 64 252 111 252 161 253 228 292 117 212 117 336 107 313 42
168 110 185 46 269 228 305 371 286 306 236 227 244 369 231 301 0 2
;
871 0 252 64 252 111 252 161 253 228 291 117 212 117 335 104 302 47
168 109 196 50 269 228 305 371 286 306 236 227 244 369 231 301 0 2
;
872 0 252 64 252 111 252 161 253 227 292 116 212 117 335 100 289 58
169 105 208 63 269 227 305 371 286 306 237 227 244 370 231 301 0 2
;
