209 0 268 52 263 101 266 152 270 226 300 114 225 112 340 142 326 77
193 140 194 67 288 225 303 387 300 311 252 226 224 391 235 315 3 2
;
210 0 268 52 263 101 266 152 270 226 300 114 225 112 340 143 326 77
193 140 194 67 288 226 303 387 300 311 252 226 224 391 235 315 3 2
;
211 0 268 52 263 101 266 152 270 226 300 114 225 112 340 141 325 74
193 140 194 67 287 225 303 387 300 311 251 226 224 391 235 315 3 2
;
212 0 268 52 263 101 266 152 269 226 300 114 225 112 335 136 324 70
192 140 194 67 287 226 303 387 300 311 251 226 224 391 235 315 2 2
;
213 0 268 52 263 101 266 152 269 226 300 114 225 112 335 136 324 70
192 139 194 67 287 226 303 387 300 311 251 226 224 391 235 315 2 2
;
214 0 267 52 263 101 266 152 269 226 299 114 225 112 335 136 324 70
192 139 194 67 287 226 303 387 300 311 251 226 224 391 235 315 2 2
;
215 0 267 52 263 101 266 152 269 226 299 115 225 112 335 135 324 70
192 139 193 67 287 226 303 387 299 311 251 226 224 391 235 315 2 2
;
216 0 267 52 263 101 265 152 269 226 299 114 225 112 335 135 324 70
192 139 193 67 287 226 303 387 299 311 251 226 224 391 235 315 2 2
;
217 0 267 52 263 101 265 152 269 226 300 114 225 112 335 136 324 70
192 139 193 66 287 225 303 387 299 311 251 226 224 391 235 315 2 2
;
218 0 267 52 263 101 265 152 269 226 300 114 225 112 335 136 324 70
192 139 193 66 287 225 303 387 299 311 251 226 224 391 235 315 2 2
;
219 0 267 52 263 101 265 152 269 226 299 114 224 112 335 136 324 70
192 139 193 66 287 225 303 387 299 311 251 226 224 391 235 315 2 2
;
220 0 267 52 263 101 265 152 269 226 299 114 224 112 335 135 324 70
192 139 193 66 287 225 303 387 299 311 251 226 224 391 235 315 2 2
;
221 0 267 52 263 101 265 152 269 226 299 114 224 111 335 135 324 70
191 139 193 66 287 225 303 387 299 311 251 226 224 391 235 315 2 2
;
222 0 267 52 263 101 265 152 269 226 299 114 224 111 335 135 324 70
191 139 193 66 287 225 303 387 299 311 251 226 224 391 235 315 2 2
;
223 0 267 52 263 101 265 152 269 226 299 114 224 111 335 135 324 70
191 139 193 66 287 225 303 387 299 311 250 226 224 391 235 315 2 2
;
224 0 267 52 262 101 265 152 269 226 299 114 224 111 335 135 324 70
191 139 193 66 287 225 303 387 299 311 250 226 224 391 235 315 2 2
;
225 0 267 52 262 101 265 152 269 226 299 114 224 111 335 135 324 70
191 139 193 66 287 225 303 387 299 311 250 226 224 391 235 315 2 2
;
226 0 267 52 262 101 265 152 269 226 299 114 224 111 335 135 324 69
191 139 193 66 287 225 303 387 299 311 250 226 224 391 235 315 2 2
;
227 0 267 52 262 101 265 152 269 226 299 114 224 111 335 135 323 69
191 139 193 66 287 225 303 387 299 311 250 226 224 391 235 315 2 2
;
228 0 267 52 262 100 265 152 269 226 299 114 224 111 335 135 323 69
191 139 193 65 287 225 303 387 299 311 250 226 224 391 234 315 2 2
;
229 0 267 52 262 100 265 152 268 226 299 114 224 111 335 135 323 69
191 139 193 65 287 225 303 387 299 311 250 226 224 391 234 315 2 2
;
230 0 267 52 262 100 265 152 268 226 299 114 224 111 335 135 323 69
191 139 193 65 287 226 303 387 299 311 250 226 224 391 234 315 2 2
;
