574 0 198 114 214 163 226 216 242 283 234 296 250 448 227 363 0 0;
0 0 185 145 209 193 225 240 245 296 238 202 186 206 224 258 180 314
183 250 153 296 256 296 266 468 261 374 234 296 248 448 229 363 0 0
;
1 0 186 145 209 193 226 240 245 296 238 202 187 206 224 258 180 314
183 250 154 296 256 296 268 471 260 366 234 296 249 448 229 363 0 0
;
2 0 188 144 211 192 227 239 246 295 240 202 188 205 224 258 180 314
184 250 154 296 257 296 272 474 261 373 235 295 248 448 229 368 0 0
;
3 0 190 143 212 192 227 239 246 295 240 202 189 204 224 258 179 314
184 250 154 295 257 296 272 474 261 373 235 295 243 449 229 367 0 0
;
4 0 193 140 214 189 229 237 246 294 242 199 191 199 224 256 180 313
186 247 158 294 258 294 270 473 262 371 235 293 253 445 229 367 0 0
;
5 0 195 137 216 187 229 235 246 293 243 196 191 197 229 246 190 306
187 246 159 292 258 293 268 474 262 370 235 293 251 444 230 367 0 0
;
6 0 200 132 219 183 230 232 246 292 245 191 193 192 237 242 196 302
190 241 169 289 257 291 260 471 265 368 234 291 247 443 231 354 0 0
;
7 0 203 129 220 180 231 230 245 291 247 189 194 191 246 233 201 299
192 239 172 288 257 290 268 467 265 367 234 291 245 443 231 354 0 0
;
8 0 208 124 223 176 232 226 245 288 250 183 194 189 255 236 214 294
194 237 183 287 257 287 277 448 264 363 233 288 241 440 231 356 0 0
;
9 0 211 121 225 173 234 223 246 285 252 180 195 183 264 233 219 295
196 231 188 288 258 284 279 436 265 363 233 286 239 438 231 356 0 0
;
10 0 217 118 229 169 236 219 247 282 257 175 196 179 271 226 245 292
199 228 194 287 260 281 278 423 268 360 234 282 239 434 230 354 0 0
;
11 0 220 116 230 168 237 218 246 281 260 174 197 178 276 225 254 296
200 226 194 287 260 280 277 410 269 358 233 281 238 433 230 352 0 0
;
12 0 227 114 235 165 239 215 246 279 266 172 201 175 285 223 274 300
202 224 195 286 260 279 277 408 273 354 231 278 238 430 230 349 0 0
;
13 0 231 113 238 165 241 214 246 278 270 171 203 173 287 223 285 300
203 222 193 285 261 277 276 406 273 350 231 277 237 429 230 349 0 0
;
14 0 238 112 244 163 248 212 252 274 277 171 208 171 294 222 302 296
204 220 192 282 267 274 276 405 276 347 237 275 236 427 231 347 0 0
;
15 0 242 112 247 162 250 211 254 273 280 171 210 170 298 221 307 294
205 219 190 281 269 273 277 405 277 346 239 274 236 427 232 345 0 0
;
16 0 249 111 252 161 254 210 257 271 285 171 215 167 304 219 315 290
206 217 189 281 272 271 277 405 279 343 242 271 235 425 234 343 0 0
;
17 0 252 111 254 161 256 209 258 270 287 170 217 167 306 219 318 289
207 216 189 280 273 270 277 405 280 341 243 270 235 424 235 343 0 4
;
18 0 256 110 257 160 258 208 259 269 291 170 220 165 310 217 322 285
208 214 192 280 274 269 277 404 281 339 245 269 234 407 235 342 0 4
;
19 0 258 110 258 160 259 207 260 268 292 169 222 165 310 216 324 284
210 213 195 279 275 268 277 404 282 338 245 268 236 406 235 342 0 4
;
20 0 260 109 260 159 260 206 261 267 294 168 224 164 311 215 325 281
213 213 201 277 276 267 277 404 282 337 246 267 238 406 236 341 0 0
;
21 0 261 109 261 158 261 206 261 267 295 168 224 164 311 215 325 281
214 212 203 277 276 267 277 404 282 337 246 267 238 406 237 340 0 4
;
22 0 262 109 261 158 261 205 261 267 295 168 224 164 311 214 324 279
216 212 207 276 276 267 277 404 282 337 246 267 238 405 239 339 4 4
;
23 0 262 109 261 158 261 205 261 266 295 167 224 164 310 214 323 278
216 212 208 274 276 266 277 403 282 337 246 266 238 405 239 339 4 4
;
24 0 262 109 261 157 261 205 261 266 295 167 224 163 308 214 320 277
216 212 208 274 276 266 277 403 282 337 246 266 238 405 239 339 4 1
;
25 0 262 109 261 157 261 205 261 266 295 167 224 163 307 214 318 277
216 212 207 274 276 266 277 403 282 337 246 266 238 405 239 338 4 1
;
26 0 261 108 260 157 261 204 261 266 294 167 224 163 306 214 319 278
215 211 203 273 276 266 278 403 282 337 246 266 238 405 239 338 4 1
;
27 0 261 108 260 157 261 204 261 266 294 167 224 163 306 214 323 277
215 211 199 276 276 266 278 403 282 337 246 266 238 405 239 338 4 1
;
28 0 261 108 260 157 261 204 261 266 294 167 224 163 310 213 340 275
209 209 183 272 276 266 278 403 282 337 246 266 238 405 238 338 4 4
;
29 0 261 108 260 157 261 204 261 266 294 167 225 163 315 212 352 266
203 206 171 268 276 266 278 403 282 337 246 265 238 405 238 338 4 0
;
30 0 261 108 260 156 261 204 261 265 294 166 225 162 328 203 383 247
192 198 143 246 276 265 278 403 282 336 246 265 238 404 238 338 0 2
;
31 0 261 108 260 156 261 204 261 265 294 166 225 161 334 195 390 225
187 189 131 227 276 265 278 403 282 336 246 265 238 404 238 337 2 2
;
32 0 261 108 261 156 261 203 261 264 295 164 224 160 341 175 406 177
176 171 109 180 276 264 278 403 282 336 246 264 238 404 238 337 0 2
;
33 0 262 108 261 155 261 202 261 263 296 163 224 159 341 166 407 150
178 160 109 152 276 263 278 403 282 337 246 263 238 404 238 337 0 2
;
34 0 262 108 262 154 261 201 261 261 298 160 223 155 346 141 404 88
177 137 116 92 276 261 278 403 281 336 246 261 238 404 238 337 0 2
;
35 0 262 108 262 154 262 200 261 260 298 158 224 153 342 130 390 62
181 128 133 70 276 260 278 403 281 336 246 260 238 404 238 337 2 2
;
36 0 263 107 263 153 262 198 261 258 298 154 225 150 333 114 349 34
194 116 174 39 276 259 278 403 281 336 246 258 238 404 238 336 2 2
;
37 0 263 107 263 152 262 198 261 258 298 153 227 148 327 107 329 27
199 105 195 26 276 258 278 403 281 336 246 257 238 404 238 336 2 2
;
38 0 263 107 264 152 263 197 261 255 296 148 230 145 318 98 299 32
211 99 231 22 276 256 278 403 281 334 246 255 238 404 238 336 4 0;
39 0 263 107 264 152 263 196 261 253 296 148 231 143 312 97 286 28
217 97 243 29 277 254 278 403 281 334 246 253 238 404 238 335 1 0;
40 0 264 107 265 151 264 192 263 245 296 146 233 143 307 92 279 33
221 95 258 29 280 245 278 403 281 328 247 244 238 404 239 329 1 1;
41 0 264 108 265 151 264 192 263 246 296 145 234 142 306 92 285 24
222 95 253 23 279 247 278 403 281 330 247 246 238 404 239 330 1 1;
42 0 264 108 265 151 264 192 263 248 296 145 234 142 310 94 295 25
221 95 241 27 279 249 278 403 282 332 247 248 238 404 239 333 1 2;
43 0 265 108 265 151 264 193 262 250 296 145 234 142 316 97 306 26
216 97 230 23 278 251 278 403 282 333 246 250 238 404 239 334 0 2;
44 0 265 108 266 152 265 195 262 254 298 150 233 143 329 107 334 30
205 99 198 30 278 255 278 403 282 333 247 253 238 404 239 334 2 0;
45 0 266 108 266 152 265 195 262 255 299 151 233 144 333 112 351 32
197 104 181 35 278 256 278 403 282 333 247 254 238 404 239 334 2 2
;
46 0 266 108 267 152 265 196 262 256 301 154 232 147 343 126 383 50
193 118 151 55 278 257 278 403 282 335 247 255 238 404 239 335 2 2
;
47 0 266 108 267 153 265 197 263 258 302 155 231 150 350 140 405 82
186 133 129 84 278 259 278 403 282 335 247 257 239 404 239 335 2 2
;
48 0 266 108 267 153 265 198 263 259 302 156 231 151 352 149 414 98
184 142 122 100 278 260 278 403 283 336 247 258 239 404 239 336 2 2
;
49 0 267 108 267 153 265 198 263 260 302 157 231 153 352 154 423 114
184 147 116 116 278 261 278 403 283 336 248 259 239 404 239 336 2 2
;
50 0 267 108 268 154 266 199 263 261 302 159 231 154 349 166 432 144
186 157 117 143 278 262 278 403 282 336 248 260 239 404 239 336 2 2
;
51 0 267 108 268 154 266 200 263 262 302 160 231 155 348 170 434 164
185 163 113 159 278 263 278 403 283 336 248 261 239 404 239 337 2 2
;
52 0 267 108 268 154 266 200 263 262 302 161 231 156 347 172 433 171
184 165 114 164 278 263 278 403 283 336 248 261 239 404 239 337 0 2
;
53 0 267 108 268 154 266 200 263 262 302 161 231 156 348 173 431 176
184 166 114 167 278 263 278 403 283 337 248 262 239 404 239 337 0 2
;
54 0 267 108 268 154 266 200 263 263 302 161 231 157 348 176 427 181
184 168 115 171 278 263 278 403 282 337 248 262 239 404 239 337 0 2
;
55 0 267 108 268 154 266 201 263 263 302 161 231 157 348 176 422 182
184 169 115 172 278 263 278 403 282 337 248 262 239 404 239 337 0 2
;
56 0 268 108 268 154 266 201 263 263 302 162 231 157 348 177 422 182
184 169 116 172 278 263 278 403 282 337 248 262 239 404 239 337 0 2
;
57 0 268 108 268 155 266 201 263 263 303 162 232 157 349 177 422 176
185 169 116 169 279 263 278 403 282 339 248 262 238 404 239 337 0 2
;
58 0 269 108 268 155 266 201 264 263 304 162 232 157 352 176 422 171
186 168 118 165 279 264 278 403 282 339 249 262 238 404 239 337 0 2
;
59 0 271 108 269 155 267 201 265 263 305 162 233 156 353 171 438 149
187 162 121 149 280 263 277 404 283 340 250 262 238 404 240 338 0 2
;
60 0 273 108 271 155 269 201 266 263 307 161 234 156 354 167 436 134
189 157 125 137 281 263 277 404 283 340 251 262 239 404 241 339 2 2
;
61 0 276 109 274 155 272 201 269 262 311 161 237 155 359 152 420 97
193 145 133 101 284 263 277 404 285 340 254 261 239 406 247 341 2 2
;
62 0 277 109 275 155 273 201 270 261 312 161 239 155 359 144 408 79
195 137 146 84 286 262 277 404 286 341 255 260 239 407 248 344 2 2
;
63 0 279 110 278 155 276 199 274 259 314 160 242 153 354 129 375 56
202 125 178 58 289 261 277 405 288 343 259 257 239 407 252 334 2 2
;
64 0 280 109 279 154 277 198 275 257 314 159 244 151 349 119 360 38
213 120 195 45 291 259 277 405 288 342 259 255 240 398 254 324 2 2
;
65 0 281 109 281 153 279 196 276 254 314 155 247 147 342 110 328 33
220 103 227 32 293 256 277 404 288 339 260 251 243 371 257 298 0 2
;
66 0 282 109 281 153 280 195 278 250 314 152 248 145 336 104 317 38
225 102 243 30 295 253 277 404 288 337 261 248 246 361 258 286 0 2
;
67 0 283 109 283 151 283 190 284 242 314 152 251 144 328 100 295 37
233 100 265 39 304 245 277 403 290 333 265 239 253 341 261 257 0 1
;
68 0 283 110 284 152 285 190 286 242 313 152 254 147 327 100 286 32
235 100 272 43 304 245 278 403 291 331 268 240 258 326 263 239 1 1
;
69 0 284 111 285 151 287 190 289 244 313 151 253 146 326 99 285 30
237 99 267 43 306 244 279 400 292 328 272 243 261 327 263 238 1 1;
70 0 284 111 286 152 289 191 296 244 314 151 252 146 329 101 301 35
238 99 265 36 313 244 279 400 293 327 279 245 262 327 263 239 1 1;
71 0 285 111 287 153 290 193 296 248 314 151 252 146 336 104 320 39
233 102 246 33 312 247 278 401 294 329 279 249 263 343 262 259 2 2
;
72 0 286 111 287 153 289 193 288 251 316 152 253 146 338 106 330 36
229 101 235 33 306 252 278 402 294 331 269 249 263 355 264 274 2 2
;
73 0 287 111 287 153 287 194 286 251 317 153 253 147 346 110 352 29
223 104 214 38 303 253 278 406 294 334 268 250 263 373 264 301 2 2
;
74 0 287 111 288 153 287 195 285 252 318 153 253 147 350 112 363 31
221 107 205 41 303 254 278 406 294 335 268 250 258 380 263 305 2 2
;
75 0 288 110 288 153 287 195 285 252 320 153 253 148 355 116 385 36
218 112 187 46 303 254 276 405 294 337 269 251 254 390 263 318 2 2
;
76 0 288 110 288 153 287 195 285 253 320 154 254 149 357 119 395 40
216 114 180 52 302 255 276 405 294 337 269 252 251 394 262 327 2 2
;
77 0 289 110 288 153 287 195 285 254 321 154 254 149 361 126 411 51
213 119 166 64 302 256 276 405 295 338 269 253 247 400 261 332 2 2
;
78 0 289 110 288 153 287 196 285 255 322 155 254 150 363 127 418 56
212 121 160 70 301 257 277 405 295 338 269 253 247 399 260 335 2 2
;
79 0 290 110 289 153 287 196 284 257 322 155 254 151 368 131 430 68
210 132 153 85 300 259 277 405 295 338 269 255 247 400 258 339 2 2
;
80 0 290 110 289 153 287 197 284 257 322 155 254 151 371 132 433 75
210 133 150 93 300 259 277 404 295 338 268 256 247 400 256 338 2 2
;
81 0 290 109 289 153 287 198 283 259 323 155 254 152 374 137 440 84
208 137 144 107 298 260 278 404 295 338 268 257 247 399 254 337 2 2
;
82 0 291 109 289 153 286 198 282 259 323 156 254 153 374 141 442 89
207 140 143 114 297 261 278 404 295 337 267 258 248 397 254 336 2 2
;
83 0 291 109 289 154 286 199 281 261 324 157 254 153 374 146 446 99
207 145 142 127 296 262 278 404 294 337 265 259 250 395 253 335 2 2
;
84 0 291 109 288 154 285 199 280 261 324 158 254 154 374 147 447 103
206 146 141 132 295 262 278 404 294 337 265 260 249 395 252 335 2 2
;
85 0 291 109 288 154 284 199 279 261 324 158 253 154 374 148 448 107
206 147 141 134 294 263 278 403 293 337 264 260 249 395 252 334 2 2
;
86 0 291 109 287 154 284 199 279 262 324 159 253 154 374 148 448 104
206 147 142 130 294 263 278 403 293 336 264 260 249 395 252 334 2 2
;
87 0 291 109 287 154 284 200 279 261 324 159 253 154 370 145 444 87
207 140 143 107 294 263 278 403 293 336 264 260 249 395 252 335 2 2
;
88 0 291 109 287 154 284 200 279 261 324 159 253 154 368 137 436 75
208 134 148 91 294 262 278 403 293 336 264 260 249 395 253 336 2 2
;
89 0 291 109 287 154 284 199 280 260 324 159 253 153 362 130 404 53
213 123 171 60 295 262 278 403 293 336 265 259 248 398 255 337 0 2
;
90 0 291 109 287 154 284 199 280 260 324 159 253 152 358 125 389 41
218 119 188 48 296 261 278 404 293 337 266 258 247 399 257 338 0 2
;
91 0 290 110 287 154 284 199 281 258 322 158 253 150 349 116 348 37
225 110 224 36 296 260 277 404 294 339 266 256 245 401 260 338 0 2
;
92 0 290 110 287 154 285 198 281 258 322 158 253 150 346 115 331 40
228 109 241 36 297 260 277 404 294 340 266 255 245 397 262 336 0 2
;
93 0 289 111 287 155 285 197 282 253 319 156 255 149 334 109 306 44
237 104 268 38 299 255 277 404 294 340 266 250 249 386 263 319 1 2
;
94 0 287 114 287 155 285 195 282 248 315 157 255 151 326 106 289 37
240 103 274 50 301 251 277 404 292 337 263 244 253 364 265 292 1 1
;
95 0 286 114 287 154 285 194 282 246 315 157 255 151 324 107 288 36
241 103 278 46 302 250 277 404 292 335 263 243 254 360 267 283 1 1
;
96 0 286 114 287 154 284 193 281 241 315 157 255 152 324 107 290 36
241 103 285 34 303 247 277 404 292 333 259 235 258 351 269 267 1 1
;
97 0 285 114 286 154 283 191 278 239 314 158 255 152 326 112 300 49
240 104 276 41 302 246 277 402 293 331 254 233 264 338 272 250 1 1
;
98 0 285 116 285 155 281 191 277 240 314 158 255 153 327 113 301 45
239 111 271 43 301 245 278 401 294 330 253 233 265 338 272 249 1 1
;
99 0 284 117 283 157 279 195 277 248 314 158 254 153 330 114 310 46
236 112 260 44 296 251 278 402 294 330 258 245 262 351 270 263 1 2
;
100 0 284 117 283 157 281 196 279 251 313 157 252 153 335 115 323 39
230 112 245 42 298 253 277 404 292 335 261 249 259 364 266 284 2 2
;
101 0 283 116 283 157 281 197 280 251 313 157 251 152 336 114 332 37
228 113 235 41 298 253 277 404 292 336 262 250 257 369 264 294 2 2
;
102 0 283 115 283 157 282 197 281 252 313 157 251 151 339 115 342 36
226 112 224 39 299 253 277 404 292 336 264 251 253 378 263 305 2 2
;
103 0 283 114 283 156 282 197 282 253 313 156 250 151 345 118 364 37
220 115 202 43 299 254 277 404 292 338 266 252 247 394 261 321 2 2
;
104 0 282 113 283 155 282 197 282 253 314 156 250 151 350 119 385 42
216 119 181 50 299 254 277 404 292 339 266 252 241 401 260 335 2 2
;
105 0 282 112 283 155 282 197 282 254 314 156 249 151 352 123 394 47
212 120 171 56 298 255 276 404 292 339 266 253 240 403 259 338 2 2
;
106 0 282 111 282 154 281 197 279 255 314 155 248 151 355 128 409 58
206 125 155 71 295 256 276 405 292 338 264 254 241 403 255 339 2 2
;
107 0 281 111 282 154 280 197 279 255 314 155 248 151 358 129 414 66
205 129 150 81 294 257 276 405 292 338 264 254 242 403 252 338 2 2
;
108 0 281 110 281 153 279 197 277 256 314 155 247 151 362 134 423 80
200 137 140 99 292 258 276 405 291 337 262 255 244 402 250 337 2 2
;
109 0 281 109 280 153 279 197 276 257 314 155 246 152 362 139 423 90
199 141 137 109 291 258 276 405 290 337 261 256 245 402 249 337 0 2
;
110 0 280 109 279 153 277 198 274 258 314 155 245 152 364 145 423 105
198 150 140 132 289 258 276 404 289 336 259 257 246 401 247 336 0 2
;
111 0 279 109 279 153 277 198 273 258 314 155 244 153 363 148 424 111
199 153 140 140 288 259 276 404 289 336 258 257 246 400 247 336 0 2
;
112 0 279 109 278 154 276 198 272 258 313 156 243 153 362 152 421 119
198 157 136 153 287 259 276 404 288 336 258 258 246 400 247 336 0 2
;
113 0 278 109 278 154 275 198 272 259 312 156 243 154 361 153 421 120
197 159 133 156 287 259 276 404 288 336 258 258 246 401 247 336 0 2
;
114 0 278 109 277 154 275 199 272 259 312 156 242 154 362 154 421 119
197 159 134 157 287 259 276 404 288 336 257 258 246 401 247 336 0 2
;
115 0 278 109 277 154 275 199 272 259 312 156 242 154 362 154 421 116
197 159 133 152 287 259 276 404 288 336 257 258 246 401 247 337 0 2
;
116 0 278 109 277 154 275 199 272 259 312 156 242 154 363 147 423 96
198 152 139 133 287 259 276 404 288 336 258 258 246 401 248 337 0 2
;
117 0 278 109 278 154 275 199 273 259 313 156 243 154 362 141 418 83
199 145 136 115 288 259 276 404 288 336 258 258 246 402 249 338 2 2
;
118 0 278 110 278 154 277 199 274 258 314 156 244 153 358 130 396 56
204 130 157 78 289 259 275 405 289 336 260 257 245 403 250 338 2 2
;
119 0 279 110 279 154 277 198 275 257 314 156 244 153 353 119 382 44
211 124 177 65 290 258 275 405 289 336 260 256 244 402 251 337 2 2
;
120 0 279 111 279 155 278 198 276 256 314 155 246 149 343 111 345 37
220 107 217 37 291 257 276 405 290 336 261 254 245 402 253 334 0 2
;
121 0 279 111 280 155 278 197 277 255 313 154 247 148 338 108 330 40
225 104 238 32 292 256 276 405 290 336 262 253 247 401 254 331 0 2
;
122 0 280 112 281 155 279 196 277 249 312 154 249 145 328 103 304 38
237 100 268 35 293 252 276 404 290 337 261 246 248 392 257 324 1 2
;
123 0 280 113 281 155 279 194 276 245 311 154 251 146 323 103 297 41
239 98 275 40 293 248 276 404 290 333 260 241 250 384 258 312 1 1;
124 0 281 114 281 155 279 193 276 243 312 155 251 146 321 103 295 39
241 98 283 30 293 246 276 404 289 333 259 239 253 367 260 293 1 1;
125 0 281 115 282 155 279 193 276 243 312 155 251 146 321 103 303 44
241 98 284 28 293 247 276 404 289 333 258 239 255 365 260 289 1 1;
126 0 282 115 282 155 280 194 276 246 312 155 250 146 330 109 319 42
234 102 250 35 294 249 277 403 289 334 259 243 257 349 261 271 2 2
;
127 0 282 115 282 155 282 195 283 251 312 155 250 147 334 109 330 37
230 104 235 36 299 252 277 403 289 334 267 250 258 348 261 270 2 2
;
128 0 282 115 283 156 282 196 281 252 313 156 250 148 345 119 358 41
218 109 205 43 298 253 277 403 289 334 265 251 260 355 261 282 2 2
;
129 0 283 115 283 156 282 196 281 252 314 156 250 149 348 122 372 46
214 114 192 51 297 253 277 403 289 335 264 251 261 366 260 296 2 2
;
130 0 283 114 283 156 281 197 280 253 314 157 250 151 354 133 393 58
208 124 170 66 296 255 276 404 290 336 263 251 256 378 259 315 2 2
;
131 0 283 114 283 156 282 197 280 254 315 157 249 151 356 136 400 67
206 131 161 74 296 255 276 404 290 337 264 252 252 389 258 319 2 2
;
132 0 283 114 283 156 282 198 280 255 315 158 249 153 360 146 410 84
204 139 151 92 296 257 276 404 291 339 264 254 244 400 258 333 2 2
;
133 0 283 114 282 156 281 198 280 256 315 158 249 154 361 151 414 92
203 143 146 100 295 258 276 404 291 339 264 255 243 402 257 337 2 2
;
134 0 283 114 282 157 281 199 279 258 315 159 248 155 362 158 418 108
202 151 139 115 294 260 276 404 291 339 264 257 240 404 254 345 0 2
;
135 0 283 113 282 157 280 200 278 259 315 160 248 156 362 162 420 115
201 154 141 126 293 261 276 405 291 339 263 258 238 404 251 345 0 2
;
136 0 282 113 281 157 279 201 276 262 314 162 246 157 365 169 420 129
200 160 139 142 291 262 276 404 291 339 261 261 237 401 246 338 0 2
;
137 0 282 113 280 158 278 202 275 262 314 162 246 158 365 170 420 135
200 163 138 149 290 263 277 404 291 339 260 262 237 400 244 338 0 2
;
138 0 281 113 279 157 276 202 273 263 313 163 245 158 361 177 417 148
200 168 134 163 288 263 277 404 291 338 258 263 237 398 243 337 0 2
;
139 0 280 112 278 157 275 202 272 263 312 163 244 158 359 182 414 155
199 171 135 170 287 263 277 403 290 337 257 263 237 398 242 337 0 2
;
140 0 279 111 277 157 274 202 271 263 311 164 243 158 356 185 414 162
199 175 134 183 285 263 277 403 288 336 256 263 237 397 242 337 0 2
;
141 0 278 111 276 157 274 202 270 263 311 164 243 158 353 185 414 166
199 177 135 189 285 263 277 403 288 336 256 263 237 397 242 337 2 2
;
142 0 278 111 276 157 273 202 270 263 310 164 242 159 353 187 413 171
200 180 138 198 285 263 277 402 287 336 255 262 237 398 242 337 0 2
;
143 0 277 111 275 157 273 202 270 263 310 164 241 159 353 187 413 173
201 182 137 201 285 263 277 402 287 336 255 262 237 398 242 337 0 2
;
144 0 276 110 275 157 273 202 270 263 309 164 241 159 352 188 411 174
201 183 137 203 284 263 277 403 287 336 255 263 237 398 242 337 2 2
;
145 0 276 111 274 157 272 202 270 263 309 164 240 159 351 188 412 173
201 183 136 201 284 263 277 403 287 336 255 263 237 398 242 337 0 2
;
146 0 276 111 274 157 272 202 270 263 308 164 240 159 350 186 413 163
200 183 137 190 284 263 277 402 287 336 255 263 237 398 242 337 2 2
;
147 0 276 111 274 157 272 202 270 263 308 164 240 159 350 185 406 156
200 183 137 179 285 263 277 402 287 336 255 263 237 398 243 338 2 2
;
148 0 276 111 274 157 273 202 271 263 309 164 240 160 355 180 392 133
201 179 144 147 285 263 277 403 287 337 256 262 237 399 245 339 2 2
;
149 0 276 112 275 158 274 202 272 261 309 164 241 159 358 173 368 114
198 174 173 122 287 262 276 404 287 337 258 261 234 406 247 343 2 2
;
150 0 276 113 275 158 274 202 273 261 310 164 242 159 361 166 355 109
198 172 188 114 288 262 276 404 288 338 258 260 232 406 248 341 2 2
;
151 0 277 113 276 158 275 202 274 261 310 165 242 159 361 165 344 108
197 166 203 110 289 262 276 404 288 341 259 260 233 400 250 333 2 2
;
152 0 277 114 276 159 275 202 274 260 310 165 243 159 360 163 326 113
197 163 226 113 290 261 276 404 287 340 259 259 238 377 254 309 0 2
;
153 0 277 115 277 159 276 202 275 257 310 165 244 159 348 162 316 120
208 155 239 120 292 260 276 404 286 339 257 255 244 355 258 282 2 1
;
154 0 277 116 277 159 275 201 271 255 309 165 244 159 348 162 314 122
209 155 242 123 290 259 276 404 286 337 253 251 247 343 260 267 1 1
;
155 0 277 116 277 160 274 201 270 254 309 165 245 159 347 163 312 122
210 156 242 123 289 258 276 403 286 335 252 249 251 339 260 261 1 1
;
156 0 277 116 277 160 273 202 267 259 309 165 245 159 347 163 314 122
210 156 242 121 283 260 276 403 286 334 250 257 254 330 263 249 0 1
;
157 0 277 116 277 160 273 202 267 259 309 165 245 159 348 163 313 118
210 156 240 119 283 260 276 403 287 332 250 258 257 339 263 261 1 1
;
158 0 277 116 277 160 273 201 268 254 309 165 246 159 349 162 315 118
209 156 240 118 285 259 276 403 287 332 250 250 257 348 262 274 1 1
;
159 0 277 116 277 160 275 201 277 257 309 165 246 159 351 163 321 115
209 157 237 112 294 259 277 403 287 337 260 255 257 362 260 296 2 1
;
160 0 277 116 277 159 276 201 277 257 309 165 246 159 351 163 326 114
208 157 229 113 294 259 277 404 288 337 260 255 257 365 259 300 2 0
;
161 0 278 115 277 158 276 200 277 257 309 164 245 158 358 163 337 109
200 163 217 110 293 259 276 404 288 338 261 256 252 391 256 327 0 2
;
162 0 278 114 277 158 276 200 277 258 310 164 245 158 359 164 344 110
199 164 210 110 292 259 276 404 288 339 261 256 250 397 256 335 2 2
;
163 0 277 113 277 157 276 200 276 258 311 163 244 158 359 166 359 110
199 164 194 109 292 260 276 404 289 339 261 257 250 404 255 338 2 2
;
164 0 277 112 277 157 276 200 276 258 311 163 244 158 359 170 367 113
198 165 185 110 291 260 276 404 289 339 260 257 251 408 254 339 2 2
;
165 0 277 111 276 156 276 200 275 259 310 162 243 157 359 171 382 118
196 168 166 118 290 260 276 404 289 338 260 258 253 407 252 344 2 2
;
166 0 276 110 276 155 275 200 274 260 310 162 242 157 359 174 388 123
195 169 156 122 289 261 276 404 289 338 259 259 254 405 253 342 2 2
;
167 0 275 110 275 155 274 200 272 260 309 162 240 158 357 178 399 135
194 170 139 137 287 261 276 404 288 337 258 259 255 404 253 338 2 2
;
168 0 275 109 274 155 273 200 272 260 309 162 240 158 356 179 403 140
193 171 133 146 287 261 276 403 288 336 257 260 255 404 252 338 2 2
;
169 0 273 109 273 155 272 200 271 261 307 163 238 157 354 182 409 151
195 173 136 165 286 261 276 403 287 337 256 260 255 404 252 338 2 2
;
170 0 273 109 272 155 271 200 270 261 307 163 238 158 351 183 411 155
195 174 136 170 285 262 275 404 286 337 255 260 255 404 251 338 2 2
;
171 0 271 109 271 155 270 201 269 262 305 163 236 158 348 184 411 160
195 175 135 173 284 262 276 405 285 338 254 261 255 404 251 338 0 2
;
172 0 270 109 271 155 269 201 268 262 304 163 235 158 348 183 410 158
195 175 135 171 283 262 275 405 284 339 253 261 255 404 250 339 0 2
;
173 0 267 109 268 155 268 201 267 262 302 163 233 158 348 180 404 149
193 174 137 159 282 262 273 409 282 342 252 262 254 404 249 340 2 2
;
174 0 265 110 267 155 267 201 266 262 301 163 231 159 346 179 395 141
191 173 135 148 281 262 274 409 282 343 251 262 253 402 247 342 2 2
;
175 0 262 111 263 157 264 202 264 262 298 163 229 159 344 173 377 119
183 168 144 122 279 262 279 404 286 337 249 262 255 406 246 341 0 2
;
176 0 261 112 262 157 263 202 264 262 296 163 227 160 342 169 363 110
181 168 155 113 279 262 280 401 286 334 249 262 254 406 246 340 0 2
;
177 0 258 112 260 157 261 201 262 261 294 163 225 160 341 166 332 106
178 165 181 108 277 261 282 391 289 321 247 262 254 406 245 340 0 0
;
178 0 257 113 259 157 260 201 261 261 293 163 225 160 341 165 318 108
177 165 192 110 276 260 283 384 286 312 246 262 254 406 245 340 0 0
;
179 0 256 113 258 157 259 201 259 260 292 162 225 160 339 164 299 115
177 167 209 120 275 260 283 371 287 289 243 261 254 406 245 340 1 0
;
180 0 256 113 258 157 258 201 258 260 292 162 225 160 330 160 293 119
179 167 216 122 274 259 284 359 287 275 241 260 254 406 246 340 1 1
;
181 0 255 115 258 158 256 201 254 259 291 163 225 161 329 160 293 125
187 166 218 127 270 260 286 349 285 260 237 259 254 406 247 340 1 1
;
182 0 255 115 257 158 256 201 253 260 291 163 225 161 329 160 293 126
187 166 219 126 269 261 286 345 283 255 237 260 254 406 248 339 1 1
;
183 0 255 116 257 158 255 202 253 261 291 163 226 161 328 160 293 126
187 166 219 125 268 262 286 343 282 253 237 260 254 406 248 338 1 1
;
184 0 254 116 257 158 255 202 253 261 291 163 226 161 328 160 293 126
187 166 218 126 268 262 287 344 282 255 237 260 254 406 248 338 1 1
;
185 0 254 116 257 158 255 202 253 261 291 163 225 161 328 160 294 124
186 165 217 123 268 262 285 345 283 260 237 260 254 406 248 338 1 1
;
186 0 254 116 257 158 255 202 252 261 291 163 225 161 328 160 294 123
186 165 216 122 268 262 285 357 286 275 237 260 254 406 248 339 1 1
;
187 0 254 115 257 158 255 202 253 260 291 163 225 161 329 160 297 118
186 161 213 117 269 261 284 366 286 289 238 260 254 407 248 339 1 1
;
188 0 254 114 257 158 256 201 258 259 291 162 225 160 330 160 299 115
185 161 212 111 275 258 284 372 287 298 241 260 254 407 248 339 1 2
;
189 0 254 113 257 158 257 201 258 259 291 162 225 160 332 159 308 108
184 163 199 110 275 258 286 376 287 306 242 260 254 407 247 339 2 2
;
190 0 254 113 257 158 257 201 258 259 291 162 224 160 337 160 315 106
177 167 192 110 275 258 287 383 287 311 242 260 254 407 247 342 2 2
;
191 0 254 112 257 157 257 201 259 259 291 162 223 159 340 162 332 106
177 167 180 108 275 258 289 394 288 326 244 261 254 407 246 341 2 2
;
192 0 255 112 257 157 258 201 260 260 291 162 223 159 340 163 340 106
177 167 173 108 276 258 289 398 287 330 245 261 254 407 246 341 2 2
;
193 0 256 111 258 156 259 200 261 260 293 162 224 159 340 167 357 107
176 167 158 110 277 259 290 406 287 341 246 261 254 407 245 340 2 2
;
194 0 258 110 260 155 261 200 262 261 294 161 225 158 340 168 374 113
176 168 143 117 278 260 288 409 286 347 247 262 254 407 244 342 2 2
;
195 0 259 109 261 155 262 200 263 261 295 161 226 158 345 170 382 118
177 168 135 122 278 260 286 407 286 348 248 262 254 407 244 342 2 2
;
196 0 260 109 262 155 263 201 264 262 297 162 226 158 347 171 390 124
178 169 129 129 280 261 284 406 286 347 249 262 254 407 245 341 2 2
;
197 0 263 108 264 154 265 201 266 262 299 162 228 158 349 173 405 137
180 171 122 145 281 262 284 405 285 342 250 263 254 407 246 343 2 2
;
198 0 264 108 265 154 266 201 266 262 300 162 229 158 350 173 410 143
182 172 122 153 282 262 284 406 286 346 251 263 254 406 247 342 0 2
;
199 0 266 107 267 154 268 201 268 263 303 162 231 158 351 177 412 154
191 173 126 164 283 262 284 406 286 346 252 263 255 406 248 343 0 2
;
200 0 267 107 268 154 268 201 268 263 304 162 232 158 351 178 412 156
192 174 127 167 284 263 284 404 287 342 253 263 255 406 248 344 0 2
;
201 0 270 107 270 154 270 201 270 263 306 162 234 158 352 178 412 155
194 175 129 168 285 263 284 405 288 345 254 263 255 407 250 342 0 2
;
202 0 272 107 272 154 272 201 272 264 308 162 236 158 353 179 413 150
196 175 138 163 287 264 284 405 288 346 256 264 255 407 251 341 2 2
;
203 0 273 107 273 155 273 201 272 264 309 163 237 158 354 178 413 144
197 174 141 157 288 264 284 405 289 342 257 264 255 407 251 342 2 2
;
204 0 274 107 274 154 274 201 274 264 310 162 238 158 357 176 412 135
197 174 140 146 289 264 283 405 290 342 258 264 255 407 252 345 2 2
;
205 0 276 107 276 154 276 201 276 263 312 162 240 157 359 174 394 118
197 173 157 124 291 263 283 406 291 346 260 263 256 409 255 343 2 0
;
206 0 278 108 278 155 278 201 277 262 314 162 242 157 362 169 369 106
199 171 184 110 293 263 283 406 292 346 262 262 252 408 257 341 2 2
;
207 0 279 108 279 155 278 201 278 262 315 162 243 157 365 164 356 104
203 161 198 104 294 263 283 406 292 347 262 261 253 407 257 339 2 2
;
208 0 280 109 280 156 280 201 280 261 316 162 245 157 365 162 334 109
200 160 224 106 296 262 283 407 293 348 264 260 256 402 260 333 2 2
;
209 0 280 110 281 156 280 201 280 261 316 162 245 156 365 162 326 113
200 159 233 108 296 262 283 407 295 342 265 260 256 394 261 324 2 2
;
210 0 281 111 281 156 281 201 281 260 316 162 248 157 359 161 305 112
210 152 245 111 298 262 283 407 294 340 265 259 257 378 264 309 1 1
;
211 0 281 111 281 156 281 201 281 259 315 162 248 157 358 160 312 116
211 152 243 117 298 261 283 407 294 340 263 257 259 366 264 295 1 1
;
212 0 281 113 281 157 281 201 280 258 316 163 249 158 358 161 318 119
204 160 243 119 298 261 283 405 293 339 262 256 260 355 265 279 1 1
;
213 0 281 113 282 158 279 201 272 256 316 164 249 158 358 161 324 123
204 160 243 119 291 261 283 405 293 337 254 251 260 353 264 275 1 1
;
214 0 281 114 281 158 278 201 272 256 315 164 249 158 358 162 314 114
204 160 243 118 291 261 283 405 293 337 254 251 261 348 262 269 1 1
;
215 0 281 114 282 159 279 201 277 258 315 164 249 158 358 162 316 114
204 160 242 117 295 261 283 405 293 337 260 256 261 351 260 273 1 1
;
216 0 281 114 281 159 278 201 272 258 315 164 248 157 359 162 321 112
205 160 240 116 289 262 283 405 292 338 254 253 254 370 255 296 2 1
;
217 0 281 114 281 158 277 201 271 257 315 164 248 157 359 162 326 114
205 160 239 114 289 262 282 407 292 338 254 253 253 377 253 305 2 1
;
218 0 281 113 282 158 279 201 277 260 315 163 248 157 360 163 332 111
205 160 234 110 294 262 282 407 292 340 261 258 247 391 250 320 2 2
;
219 0 281 113 282 158 279 201 277 260 315 163 248 157 360 163 336 109
210 162 228 110 294 262 282 407 286 340 261 258 246 392 249 327 2 2
;
220 0 281 112 282 157 280 201 277 261 315 163 248 157 364 166 347 109
207 163 215 108 294 263 282 407 293 341 261 259 242 402 248 339 2 2
;
221 0 281 111 282 157 280 201 277 261 316 164 248 157 365 167 353 109
206 164 207 107 293 263 282 407 293 342 261 259 242 402 249 340 2 2
;
222 0 281 110 282 156 279 201 277 261 315 163 247 157 365 168 365 108
204 164 190 108 292 263 282 407 293 343 261 260 243 405 249 341 2 2
;
223 0 281 110 281 155 279 201 276 261 315 163 247 157 365 169 371 110
202 164 181 109 291 263 282 407 292 344 261 260 244 405 249 341 2 2
;
224 0 280 109 280 155 277 201 274 262 314 163 245 156 364 171 383 114
199 165 162 116 289 263 282 407 292 344 259 261 246 404 249 339 2 2
;
225 0 280 109 279 155 276 201 272 262 314 163 244 157 364 173 388 119
198 165 153 122 287 263 282 407 291 345 258 261 246 405 247 338 2 2
;
226 0 278 109 278 155 275 201 270 263 313 163 243 157 362 177 398 131
196 169 140 140 285 264 282 407 290 345 255 262 246 405 246 337 2 2
;
227 0 278 109 277 155 274 201 269 263 312 163 242 157 360 180 402 137
196 171 137 150 284 264 282 407 289 345 255 262 246 404 245 337 2 2
;
228 0 276 108 275 155 272 201 268 263 311 164 240 157 356 183 407 150
198 174 140 168 283 264 282 407 288 345 254 263 246 403 245 337 2 2
;
229 0 275 108 275 155 272 202 268 263 310 164 240 157 355 184 407 152
199 175 139 172 283 264 282 407 287 345 253 263 246 403 245 337 2 2
;
230 0 274 108 274 155 271 202 268 264 309 164 239 158 355 185 402 148
199 178 140 169 283 264 283 407 287 345 253 263 246 403 244 337 2 2
;
231 0 274 108 273 155 271 202 268 264 309 164 238 158 355 185 397 143
199 178 142 164 283 264 283 407 287 345 253 263 246 403 244 337 2 2
;
232 0 273 108 273 155 271 202 268 264 308 164 238 158 355 182 384 131
200 179 145 144 283 264 283 407 287 345 253 263 246 403 244 337 2 2
;
233 0 273 108 273 155 271 202 268 264 308 164 238 158 355 179 375 125
197 178 153 135 283 264 283 407 287 345 253 263 246 403 244 337 2 2
;
234 0 273 108 273 155 271 202 269 264 309 164 238 158 355 175 355 116
196 175 175 120 284 264 283 407 288 345 254 263 246 403 245 338 2 2
;
235 0 273 108 273 155 272 202 270 264 309 164 239 158 356 172 346 115
196 174 188 117 285 264 283 407 288 345 255 263 246 404 246 339 2 2
;
236 0 275 108 275 155 274 202 272 264 310 164 240 158 356 170 331 116
198 170 211 117 288 264 283 407 290 345 257 263 246 404 248 341 2 2
;
237 0 276 108 276 155 275 201 274 263 312 163 240 158 356 169 325 117
200 169 220 119 290 263 283 407 291 344 259 263 245 404 251 340 2 1
;
238 0 279 109 279 156 278 201 276 263 314 164 245 157 355 168 319 118
206 166 237 121 292 263 282 407 293 345 261 262 245 406 255 342 1 1
;
239 0 279 109 280 156 279 201 277 262 314 164 246 157 355 168 318 122
209 165 241 122 293 263 283 407 293 345 261 261 244 408 257 339 2 1
;
240 0 281 110 281 156 280 201 280 261 315 164 246 158 361 172 322 129
209 165 242 120 297 262 283 407 294 346 264 260 247 405 262 336 3 1
;
241 0 281 110 282 157 281 201 281 261 316 164 247 157 362 172 323 130
209 165 241 119 297 262 283 407 296 344 265 260 248 403 263 333 3 1
;
242 0 283 111 283 157 283 201 283 260 317 164 248 158 364 173 323 133
209 164 240 118 299 261 283 407 296 343 266 259 252 393 263 316 3 1
;
243 0 283 111 283 157 282 201 283 260 317 164 248 158 365 174 323 134
209 164 240 118 299 261 283 407 296 342 266 258 255 388 263 312 3 1
;
244 0 283 111 283 157 283 201 284 259 318 164 249 158 365 175 323 137
209 164 240 119 301 261 283 406 295 341 266 258 261 372 261 290 3 1
;
245 0 283 112 283 158 284 201 287 260 318 164 249 159 366 175 323 137
208 164 240 121 304 261 284 405 295 341 270 259 262 354 260 268 3 1
;
246 0 283 112 284 158 286 202 291 262 317 164 248 159 367 175 324 137
206 166 240 124 306 261 284 404 295 338 275 264 265 336 257 249 3 1
;
247 0 283 112 284 158 286 202 291 262 317 164 248 159 367 175 324 136
206 166 240 126 307 261 285 404 295 337 276 264 266 335 257 249 3 1
;
248 0 283 112 285 158 287 202 290 263 316 164 248 159 367 175 324 134
206 167 241 127 306 261 285 404 295 337 275 265 263 343 253 259 3 1
;
249 0 283 112 285 158 287 202 290 263 316 164 249 159 367 175 325 133
206 167 241 127 305 261 285 404 294 338 274 265 259 352 251 273 3 3
;
250 0 283 111 284 157 286 202 288 262 316 163 250 158 367 175 325 131
206 167 239 126 303 261 285 405 294 337 272 263 256 364 246 289 3 3
;
251 0 283 110 284 156 284 200 281 259 318 163 249 158 368 174 325 130
206 167 237 126 298 261 285 405 294 337 265 257 252 386 250 314 3 3
;
252 0 283 110 284 156 283 200 281 259 317 162 248 157 367 174 326 130
206 167 236 126 297 261 285 405 286 334 265 257 250 393 250 325 3 3
;
253 0 283 109 284 156 283 200 280 260 317 162 249 156 366 175 326 130
205 168 234 128 296 261 285 405 295 338 264 258 248 399 251 335 3 3
;
254 0 282 108 283 156 282 200 279 260 316 162 248 156 363 177 327 133
209 177 228 137 295 262 284 406 295 338 263 259 246 406 252 340 2 3
;
255 0 281 107 281 155 280 201 278 262 316 163 246 157 359 181 328 144
210 184 223 148 294 263 284 406 295 338 263 261 249 409 252 347 0 3
;
256 0 280 107 280 155 279 202 277 264 314 165 245 158 355 185 329 152
212 187 220 156 292 264 284 406 294 341 261 263 251 407 253 341 3 3
;
257 0 277 107 276 155 276 202 275 265 310 164 242 160 348 186 332 170
216 192 215 174 290 265 284 406 294 340 259 265 251 407 251 338 3 3
;
258 0 275 106 275 155 274 203 274 265 310 164 240 160 350 189 334 180
215 192 211 187 289 265 284 406 293 341 258 265 251 406 250 338 3 0
;
259 0 273 106 273 155 273 203 273 265 309 163 239 160 341 181 338 188
217 189 209 201 288 265 284 405 293 341 258 265 251 406 250 338 0 0
;
260 0 269 106 271 155 271 203 271 265 307 163 235 161 342 178 345 190
211 189 201 214 287 266 284 405 291 341 256 265 251 405 250 338 0 3
;
261 0 266 106 269 155 270 203 270 265 305 162 232 161 358 172 349 163
204 183 188 194 285 265 284 405 291 340 255 265 251 405 249 339 0 0
;
262 0 264 106 268 155 269 202 269 265 304 162 231 160 347 167 347 142
200 177 177 174 285 265 284 405 290 340 254 265 251 405 248 339 0 0
;
263 0 262 106 266 154 267 202 268 264 301 161 228 159 345 149 341 99
186 161 167 126 283 264 284 405 289 340 253 264 251 405 248 339 2 2
;
264 0 261 106 265 154 266 201 267 264 300 160 227 159 342 138 337 78
183 149 167 101 282 264 284 405 288 341 252 264 251 405 247 339 2 2
;
265 0 259 107 263 153 264 200 265 262 296 156 225 155 332 117 328 40
187 128 175 59 280 261 283 405 286 345 250 262 251 405 246 339 2 2
;
266 0 258 107 262 153 263 199 264 260 296 154 225 153 325 109 322 29
190 117 182 44 280 260 283 405 285 346 249 260 251 405 245 339 2 2
;
267 0 256 107 262 153 262 198 263 258 290 152 225 149 312 101 300 21
199 102 205 24 278 258 282 406 282 344 247 258 251 405 244 340 0 0
;
268 0 256 108 261 152 261 197 261 256 289 151 224 147 306 99 289 22
205 99 218 23 277 256 282 408 281 343 246 256 251 406 244 341 0 0;
269 0 254 109 259 152 259 195 260 249 286 148 225 145 294 93 270 28
209 97 237 29 276 249 280 406 281 332 244 250 250 406 242 338 1 2;
270 0 254 109 258 152 258 193 259 248 285 147 225 145 293 93 262 26
211 96 247 26 276 247 277 404 280 331 243 248 250 406 241 338 1 1;
271 0 253 110 258 152 258 192 258 245 285 147 225 147 292 92 263 25
213 96 247 26 275 243 276 401 279 332 242 246 250 406 247 334 1 1;
272 0 253 110 257 152 258 192 258 245 285 147 225 147 292 92 269 26
212 96 237 29 275 243 275 398 278 331 242 246 250 406 249 334 1 1;
273 0 252 110 256 153 257 193 259 248 284 147 223 146 299 96 287 24
205 100 212 27 276 246 273 387 279 301 242 251 250 407 241 340 0 2
;
274 0 252 110 256 153 257 194 258 249 284 148 222 146 303 98 300 24
198 101 195 28 276 247 272 382 279 300 242 252 249 408 241 340 0 2
;
275 0 252 111 256 153 255 195 254 253 285 151 221 147 315 110 329 31
188 111 160 40 271 252 272 355 278 270 237 254 249 408 241 340 0 2
;
276 0 252 111 255 154 254 197 249 255 285 153 221 149 318 115 345 35
184 118 143 48 266 256 272 352 277 267 233 255 249 407 241 340 2 2
;
277 0 252 111 255 154 253 197 249 256 286 153 221 150 328 125 376 51
177 130 121 77 265 256 271 349 277 264 232 256 249 407 242 340 2 2
;
278 0 251 111 255 154 253 198 250 257 286 154 221 151 331 128 388 63
173 134 116 93 267 257 273 348 277 266 234 257 249 407 242 340 2 2
;
279 0 251 111 255 155 254 199 253 258 287 155 219 154 338 138 403 87
172 145 115 123 269 258 278 372 278 300 236 259 251 407 242 340 0 2
;
280 0 251 111 255 155 254 199 253 259 287 155 219 154 340 143 407 98
171 152 114 134 270 258 281 380 278 308 237 260 251 407 242 341 2 2
;
281 0 251 110 255 155 254 200 254 261 288 156 218 156 342 154 412 119
172 163 112 155 270 259 283 395 280 329 238 262 251 408 242 348 2 2
;
282 0 250 109 255 155 255 200 255 262 288 157 218 157 341 160 412 131
175 170 114 166 271 260 285 401 281 336 239 263 251 408 242 348 2 2
;
283 0 250 108 255 154 255 201 256 264 288 158 218 158 340 169 413 153
182 182 124 189 272 262 284 407 282 347 240 265 251 408 241 345 2 2
;
284 0 250 108 255 154 256 201 257 264 289 159 219 159 339 174 413 166
186 188 130 200 273 263 285 408 282 349 241 266 251 408 240 345 2 2
;
285 0 251 106 257 154 258 202 259 266 290 160 221 161 337 181 412 192
194 195 144 222 275 265 282 410 283 352 243 267 251 408 241 344 2 2
;
286 0 252 106 258 154 259 203 260 267 291 160 221 162 338 184 412 203
197 198 152 230 276 266 282 409 284 351 244 268 251 407 241 344 2 2
;
287 0 255 105 260 154 261 203 262 268 293 161 223 163 338 188 409 216
202 201 160 241 278 268 282 406 284 344 246 268 251 407 242 343 0 2
;
288 0 256 105 262 154 262 203 263 268 295 162 225 163 339 189 411 217
203 201 160 240 279 268 282 407 285 343 247 268 251 407 243 343 0 2
;
289 0 260 105 265 154 265 204 265 268 299 162 228 162 343 189 420 205
203 198 153 226 281 268 282 408 286 348 250 268 251 407 244 343 0 2
;
290 0 263 105 267 155 266 204 266 268 301 162 229 161 347 187 432 193
200 196 147 214 282 268 282 406 287 343 250 268 251 407 246 346 0 2
;
291 0 267 105 270 155 269 204 268 268 306 162 232 160 354 178 424 153
197 186 134 180 284 268 282 409 288 349 253 268 251 407 247 348 0 0
;
292 0 269 105 271 155 271 203 270 267 308 161 233 160 356 174 409 132
199 180 140 158 286 267 281 409 288 348 254 267 256 411 248 349 2 0
;
293 0 273 106 275 155 273 203 272 265 311 161 237 158 359 168 372 106
198 170 167 119 288 266 281 408 290 348 256 265 255 412 251 349 0 2
;
294 0 276 107 277 156 275 202 274 265 313 161 240 157 368 159 338 99
197 166 205 106 290 266 281 407 290 348 258 264 248 406 252 346 0 2
;
295 0 277 107 278 156 276 202 274 264 313 161 240 156 368 159 328 106
197 161 221 106 290 265 281 407 290 348 259 263 248 407 253 341 0 2
;
296 0 279 108 278 156 277 202 275 263 314 161 242 155 355 156 321 114
205 149 248 107 292 265 281 407 291 348 260 261 249 403 256 336 0 1
;
297 0 279 108 278 156 277 202 276 262 314 161 242 155 355 156 326 117
206 146 252 109 292 263 282 407 293 340 260 260 250 398 258 330 0 1
;
298 0 280 108 280 156 278 201 276 261 315 161 244 155 356 156 312 105
207 147 250 108 293 262 282 407 293 340 260 259 253 390 259 317 0 1
;
299 0 280 108 281 156 279 201 276 260 315 161 245 155 356 157 318 104
208 149 244 107 293 262 282 406 293 340 260 259 255 381 258 311 0 1
;
300 0 281 109 281 156 279 201 276 260 315 162 244 155 359 162 334 101
208 152 231 103 293 262 282 406 292 340 259 258 259 367 258 295 0 2
;
301 0 281 109 282 156 280 201 279 261 315 162 245 155 361 164 344 103
208 155 221 105 297 263 282 406 292 340 263 259 260 356 258 277 2 2
;
302 0 282 108 282 156 281 201 280 261 317 163 245 156 373 166 365 103
203 160 203 102 297 263 282 406 291 340 263 260 260 355 257 278 0 2
;
303 0 282 108 282 156 281 201 280 261 318 163 245 156 373 166 377 103
202 160 194 102 297 263 282 406 291 341 263 260 262 363 255 281 0 2
;
304 0 283 108 283 155 281 201 279 262 318 163 245 156 374 167 401 108
201 160 173 104 295 264 282 406 290 343 262 260 260 377 253 310 2 2
;
305 0 283 108 283 155 281 201 278 262 319 163 244 156 374 169 411 116
201 159 163 107 295 264 282 406 277 332 262 260 258 385 249 318 2 2
;
306 0 283 108 283 155 281 201 278 262 319 163 244 156 374 169 431 124
198 158 145 119 294 264 283 406 279 336 262 260 254 399 249 334 2 2
;
307 0 283 108 283 155 281 201 277 262 318 162 244 156 373 169 436 129
198 158 138 127 293 264 282 407 285 337 261 260 253 400 249 337 2 2
;
308 0 283 107 282 155 280 201 276 263 318 162 244 156 372 170 440 141
197 158 135 144 292 265 282 407 291 344 260 261 252 408 250 345 2 2
;
309 0 282 107 281 155 279 201 276 263 318 162 243 156 372 172 441 145
196 159 132 151 292 265 282 407 292 344 260 262 249 408 249 350 2 2
;
310 0 281 107 279 154 277 201 274 264 317 162 241 156 371 175 441 155
194 163 128 164 290 265 282 407 292 342 258 263 251 409 250 350 0 2
;
311 0 279 107 278 154 276 202 273 265 316 163 240 157 369 175 441 158
193 166 129 170 289 266 281 408 292 342 257 264 251 406 250 342 0 2
;
312 0 276 106 275 154 273 202 271 265 313 162 237 157 366 175 441 163
191 169 123 178 287 266 281 407 291 341 256 265 252 406 248 340 2 2
;
313 0 275 106 274 154 272 202 270 265 311 162 236 157 365 175 440 164
190 170 127 180 286 266 281 408 290 341 255 265 252 405 248 340 0 2
;
314 0 271 105 272 154 271 201 269 265 309 162 233 158 363 172 440 161
189 171 126 178 285 265 280 408 288 342 253 265 252 405 248 340 0 2
;
315 0 270 105 271 154 270 201 269 265 308 161 232 158 363 169 440 156
188 170 119 174 284 265 280 408 288 342 253 265 251 405 247 340 0 2
;
316 0 267 105 269 153 269 201 267 265 305 160 230 157 361 160 440 131
181 159 114 152 283 265 280 408 288 341 252 265 251 405 247 340 2 2
;
317 0 266 105 269 153 268 201 267 265 305 160 228 157 359 148 428 112
181 153 121 134 283 265 280 408 287 344 252 264 251 405 246 340 2 2
;
318 0 264 106 267 153 266 200 265 263 302 158 226 155 347 133 397 74
181 135 127 88 281 263 280 408 286 340 250 263 251 404 246 339 0 0
;
319 0 263 106 265 152 265 199 264 262 301 157 225 153 342 128 379 50
182 123 139 66 280 262 280 408 286 340 249 262 251 404 245 339 0 2
;
320 0 261 106 264 151 263 198 262 260 298 153 224 149 330 110 334 32
192 111 176 36 278 260 281 406 285 342 247 259 250 404 244 339 2 2
;
321 0 260 106 263 151 263 197 262 259 298 153 224 148 324 104 313 30
196 103 196 29 277 260 281 406 284 338 246 259 250 404 244 338 4 2
;
322 0 258 106 261 151 261 196 260 257 291 150 224 146 310 98 281 30
205 97 228 27 276 258 280 406 282 341 245 257 250 405 242 338 0 2;
323 0 257 107 261 151 261 196 259 255 291 150 224 145 305 96 270 32
206 97 237 30 275 255 279 407 281 342 243 254 250 405 242 338 0 1;
324 0 256 108 261 151 260 195 258 253 290 151 224 145 300 95 266 31
207 97 239 28 274 254 278 408 280 343 242 253 249 405 241 338 1 1;
325 0 255 108 261 151 259 195 257 253 287 150 224 145 301 95 271 30
207 98 228 31 274 254 279 408 279 345 241 253 249 405 240 338 1 1;
326 0 254 109 257 152 257 196 256 255 286 149 222 145 309 100 292 26
194 100 199 33 272 255 279 409 278 347 241 255 249 405 239 338 2 2
;
327 0 253 109 256 153 256 196 256 255 286 150 220 146 313 104 307 31
188 104 182 37 271 256 279 410 277 347 240 255 249 405 239 338 2 2
;
328 0 251 109 255 153 255 197 255 257 286 151 218 149 325 118 337 39
178 116 148 53 270 256 278 406 277 345 239 257 249 405 238 342 2 2
;
329 0 251 109 254 153 255 197 255 257 286 152 217 151 328 124 352 50
174 126 134 66 270 257 277 405 277 345 239 257 249 405 238 343 2 2
;
330 0 250 109 254 153 254 198 254 258 285 155 216 153 334 140 380 81
170 144 111 100 269 258 276 404 277 338 238 259 250 406 238 343 2 2
;
331 0 250 109 253 153 253 198 253 259 285 156 216 154 338 151 391 99
169 152 110 122 269 258 276 402 276 335 238 260 250 406 238 343 2 2
;
332 0 249 109 253 154 253 199 252 260 285 159 215 156 335 166 402 138
172 166 109 160 268 259 277 393 277 319 237 261 250 408 239 348 2 2
;
333 0 249 109 253 154 252 199 252 261 285 160 215 157 332 172 406 156
174 176 110 177 268 260 276 386 277 310 237 262 250 407 239 346 2 2
;
334 0 249 109 252 155 252 200 251 262 285 162 215 159 330 182 407 183
180 187 123 205 267 261 275 378 278 301 235 263 250 408 240 344 2 2
;
335 0 249 110 252 155 251 201 250 263 285 163 215 160 330 185 401 193
182 189 126 215 266 262 275 377 279 298 234 263 250 408 240 344 2 2
;
336 0 249 110 252 156 251 202 249 264 285 164 216 162 329 190 401 202
185 195 135 225 265 264 276 355 280 272 233 264 250 408 241 343 2 2
;
337 0 249 110 252 156 251 202 248 265 285 164 216 162 329 190 402 200
186 196 135 224 264 265 277 367 282 286 233 265 250 408 241 343 2 2
;
338 0 249 110 252 157 251 202 249 265 286 165 217 163 330 190 399 195
186 196 133 219 264 265 278 355 282 276 233 265 250 408 241 344 2 2
;
339 0 250 110 252 157 251 202 249 265 286 165 217 163 330 189 399 188
185 195 132 210 265 265 280 373 282 297 233 265 250 408 241 343 2 2
;
340 0 250 110 253 157 252 202 251 264 287 165 217 163 332 184 405 167
183 189 120 189 267 264 281 372 283 302 235 265 250 408 241 342 2 0
;
341 0 251 110 254 156 253 202 253 263 288 164 217 162 338 178 392 140
181 182 125 159 269 263 282 378 283 312 237 264 251 408 241 341 2 2
;
342 0 252 110 254 156 254 202 254 263 288 164 218 162 339 175 382 125
179 180 130 141 270 262 284 388 283 317 238 264 251 407 241 343 2 2
;
343 0 253 110 255 156 255 201 255 262 290 163 219 160 340 168 352 106
176 172 154 113 271 261 285 395 283 328 240 263 251 407 241 342 2 2
;
344 0 254 109 256 156 256 201 256 262 290 163 219 159 342 164 337 100
173 164 169 104 272 261 287 400 283 334 240 263 251 407 241 342 2 2
;
345 0 255 109 257 155 257 201 257 262 292 162 220 158 343 157 312 99
172 155 197 99 273 261 287 404 283 344 241 263 250 407 241 341 0 2
;
346 0 256 108 258 155 258 200 258 262 292 160 221 157 343 156 304 103
173 150 209 99 274 261 286 407 282 346 242 262 250 407 241 341 0 2
;
347 0 259 108 259 154 259 200 259 261 294 159 224 155 338 152 296 110
186 142 224 105 275 261 286 409 283 349 243 262 251 407 241 340 1 2
;
348 0 260 107 261 153 261 200 260 262 295 159 225 155 338 152 289 108
187 142 224 110 276 261 284 410 283 351 245 262 251 407 242 340 1 1
;
349 0 262 107 264 153 263 200 263 262 298 159 225 155 339 152 290 106
189 142 225 110 279 262 283 408 284 349 247 262 251 407 243 342 1 1
;
350 0 263 107 265 153 264 200 264 262 300 159 227 155 340 152 297 107
190 142 225 109 280 262 283 410 285 349 248 262 251 408 244 343 1 1
;
351 0 267 106 267 153 266 200 265 263 302 158 229 154 345 153 313 107
190 142 223 103 282 263 283 410 285 349 250 262 251 408 245 344 2 1
;
352 0 267 106 268 153 267 200 267 263 303 158 229 154 347 153 318 103
190 143 221 97 283 263 283 409 286 348 251 262 251 408 245 344 2 2
;
353 0 269 106 269 153 269 200 268 263 305 159 231 154 360 155 335 97
190 148 208 92 284 264 284 408 287 347 252 263 252 408 246 345 2 2
;
354 0 270 105 270 153 269 201 269 264 307 160 231 154 361 155 345 95
187 149 200 90 285 264 284 408 287 347 253 263 251 408 246 346 2 2
;
355 0 272 105 271 153 271 201 270 264 309 160 233 154 362 158 367 94
189 153 181 90 286 264 284 408 288 348 254 264 252 408 247 348 2 2
;
356 0 273 105 272 153 272 201 271 264 310 160 234 154 363 159 379 97
191 155 171 94 287 264 284 408 289 348 255 264 252 408 249 351 2 2
;
357 0 275 105 274 154 274 201 273 264 312 160 237 155 367 163 400 104
188 156 152 102 289 265 283 406 292 347 257 264 248 407 250 350 2 2
;
358 0 276 106 276 154 275 201 274 264 313 160 238 155 368 164 409 110
187 157 144 110 290 265 283 406 292 347 258 264 247 408 251 350 2 2
;
359 0 278 106 277 154 277 202 276 264 315 161 240 156 370 167 427 123
191 162 136 131 292 265 283 407 293 347 260 264 244 406 251 344 0 2
;
360 0 278 106 278 155 277 202 276 264 316 162 241 156 370 170 432 131
193 165 135 142 293 265 283 407 293 347 260 264 245 405 252 338 0 2
;
361 0 279 107 279 155 279 202 278 264 316 162 242 157 369 176 437 146
199 169 140 164 295 266 283 407 293 348 261 263 250 397 255 326 2 2
;
362 0 280 107 280 155 279 202 278 264 317 163 243 157 369 179 437 153
200 172 143 172 295 266 284 408 294 343 262 263 252 394 257 321 0 2
;
363 0 280 108 281 155 280 202 279 264 317 163 243 157 366 185 438 165
203 176 148 185 296 266 284 408 294 343 262 263 256 385 260 310 0 2
;
364 0 281 108 281 156 280 202 279 264 317 164 244 158 365 186 438 170
205 178 152 190 296 266 284 408 294 343 261 262 257 378 261 302 0 2
;
365 0 281 108 281 156 278 202 272 262 318 165 245 159 363 188 439 178
208 181 155 198 291 266 284 406 294 342 254 259 259 359 262 273 0 2
;
366 0 281 108 281 156 278 202 272 262 318 165 245 160 365 190 437 181
208 182 156 201 291 266 285 407 294 342 254 259 259 356 262 273 0 2
;
367 0 282 109 281 157 278 203 272 262 318 165 246 160 364 192 432 184
209 183 155 202 291 266 285 407 294 342 254 258 259 355 261 273 0 0
;
368 0 282 109 282 157 278 202 272 262 318 165 245 160 364 192 431 184
209 183 155 200 290 266 285 408 294 342 254 258 259 366 260 287 0 2
;
369 0 283 109 282 157 279 202 279 264 319 165 246 160 366 187 442 176
209 181 155 192 296 267 285 408 294 342 261 262 257 379 258 309 0 2
;
370 0 283 109 283 156 281 202 279 264 319 165 246 160 367 184 444 170
209 178 153 185 297 266 285 408 294 342 262 262 255 381 257 314 2 2
;
371 0 284 108 284 156 281 202 280 264 320 164 246 159 370 175 447 145
204 168 142 165 297 266 285 408 294 342 263 262 252 392 256 325 2 2
;
372 0 284 108 284 155 282 201 279 264 321 163 247 157 376 154 435 109
202 155 143 132 296 266 285 408 294 349 263 262 250 399 256 338 2 2
;
373 0 284 108 284 155 282 201 279 263 321 163 247 157 371 149 425 89
203 146 149 114 296 265 285 408 294 349 263 262 248 402 256 341 2 2
;
374 0 284 108 283 154 281 200 279 263 320 161 246 154 366 129 397 53
203 128 164 70 295 264 285 408 294 349 263 261 248 406 255 347 0 2
;
375 0 283 107 283 154 281 199 279 262 320 158 245 153 361 125 379 41
207 125 179 57 295 263 285 408 295 348 263 261 248 406 255 347 0 2
;
376 0 283 107 282 153 281 199 278 261 319 156 245 151 355 114 362 35
211 117 194 44 294 262 285 408 295 347 262 260 248 405 253 345 0 2
;
377 0 281 107 281 152 279 198 277 259 316 152 244 148 346 106 329 33
216 102 223 31 293 260 284 409 294 346 261 259 252 406 252 342 0 2
;
378 0 280 106 280 152 278 197 275 258 314 151 244 146 340 101 317 34
220 98 236 27 291 259 284 409 294 346 260 258 253 406 252 341 0 2;
379 0 278 106 278 151 276 196 273 257 309 150 244 144 332 100 298 34
224 98 254 27 289 257 284 409 292 345 257 256 254 405 250 340 1 2;
380 0 275 108 276 151 273 195 270 254 306 149 243 144 324 96 287 34
225 97 260 27 286 254 284 408 290 344 254 254 255 405 249 339 1 1;
381 0 274 108 276 151 273 195 269 253 306 149 243 144 322 96 286 34
225 97 258 27 285 254 284 408 289 344 253 253 255 405 249 339 1 1;
382 0 272 108 274 151 271 194 268 253 303 149 241 142 322 96 287 33
224 97 251 27 284 253 284 408 289 343 252 253 256 405 248 339 1 1;
383 0 270 107 272 151 270 195 267 254 302 149 238 142 323 99 297 28
216 93 230 27 283 254 284 408 287 343 251 254 256 405 248 339 0 2;
384 0 267 107 270 151 268 195 265 256 300 151 234 143 327 104 315 32
205 99 202 31 281 256 284 408 286 343 250 255 256 405 247 339 2 2;
385 0 266 107 269 151 267 196 265 256 299 151 233 144 330 107 324 32
198 105 188 37 280 256 284 408 286 344 250 256 256 405 247 339 2 2
;
386 0 264 108 266 152 265 196 264 257 298 152 229 147 337 118 345 40
189 115 160 51 279 257 284 408 285 345 249 257 256 405 246 339 0 2
;
387 0 262 108 265 152 264 197 263 258 297 153 228 149 338 123 355 49
185 121 149 60 278 258 283 408 285 346 248 258 256 405 246 339 2 2
;
388 0 259 109 263 153 262 198 262 259 295 154 225 152 341 134 375 63
181 137 131 81 276 259 283 408 284 347 247 259 256 405 245 339 2 2
;
389 0 258 109 261 153 261 198 261 259 294 155 224 153 341 141 382 74
180 140 126 93 276 259 283 408 283 348 246 260 256 405 245 339 2 2
;
390 0 256 110 260 154 260 199 260 260 291 157 222 155 342 149 392 95
177 151 116 114 275 260 284 408 282 346 245 260 256 405 244 340 2 2
;
391 0 255 110 259 154 259 199 260 260 290 158 222 156 343 152 396 105
176 155 113 124 274 260 283 407 282 345 245 261 256 404 244 340 2 2
;
392 0 253 111 257 155 258 199 259 260 289 159 221 157 336 163 400 124
178 163 119 146 274 259 281 405 283 335 244 261 256 404 244 340 2 2
;
393 0 252 111 256 155 257 200 258 261 288 160 220 158 337 164 401 133
179 167 118 154 273 259 280 403 282 335 243 261 258 406 243 341 2 2
;
394 0 251 111 255 156 256 200 257 261 287 161 220 159 335 171 402 149
180 173 114 168 272 260 278 402 281 334 243 262 258 408 243 343 2 2
;
395 0 251 112 255 156 256 200 257 261 287 161 220 160 334 173 403 157
180 177 114 175 272 260 278 401 281 334 242 262 258 408 243 343 2 2
;
396 0 251 112 254 156 255 201 256 261 286 162 219 161 332 177 404 170
181 184 117 191 271 260 277 394 280 322 242 262 257 407 244 345 2 2
;
397 0 250 112 254 157 255 201 256 261 286 163 219 161 332 179 404 175
182 186 120 199 271 260 276 391 280 318 241 263 257 407 244 344 2 2
;
398 0 250 112 254 157 254 201 256 261 286 163 219 162 331 181 404 180
184 189 125 209 271 260 276 381 280 304 240 263 256 407 244 344 2 2
;
399 0 250 113 253 157 254 201 255 261 286 164 219 163 331 181 404 178
185 189 125 210 270 260 275 375 280 300 240 263 256 407 244 344 2 2
;
400 0 250 113 253 158 254 202 253 262 286 164 219 164 331 181 403 168
185 190 127 203 268 262 275 358 282 276 238 263 256 406 245 344 2 2
;
401 0 251 114 253 158 254 202 253 262 286 164 219 164 331 180 402 160
184 190 124 197 268 262 276 356 282 274 238 263 255 406 245 344 2 2
;
402 0 251 114 253 158 253 202 253 263 286 164 220 164 335 175 392 139
184 187 120 176 268 262 276 353 283 272 237 263 255 405 245 343 2 0
;
403 0 251 114 254 158 253 202 253 263 286 164 220 164 337 168 386 127
184 183 131 166 268 262 277 353 283 272 237 263 255 405 245 343 2 0
;
404 0 251 114 254 158 254 202 253 262 287 164 220 164 336 165 364 107
182 176 133 134 268 262 281 368 285 293 238 263 255 405 245 342 0 0
;
405 0 251 114 254 158 254 201 254 262 287 163 220 163 336 164 351 101
176 173 143 123 270 261 281 372 283 300 239 262 255 405 246 342 0 2
;
406 0 252 114 254 157 255 201 255 260 288 162 220 161 337 158 326 94
175 163 169 106 271 259 284 374 283 307 240 261 255 405 246 341 0 2
;
407 0 252 113 255 157 255 200 256 260 288 162 220 161 333 156 314 94
175 161 182 103 271 259 285 382 282 311 240 261 255 405 246 341 0 2
;
408 0 252 113 255 156 256 200 256 260 288 161 220 159 332 151 297 100
175 154 206 103 271 258 287 392 282 326 241 261 255 405 245 341 2 2
;
409 0 253 113 256 156 256 200 256 259 288 161 221 158 332 150 296 107
184 150 215 106 272 258 288 396 282 331 241 260 255 405 245 340 2 2
;
410 0 255 111 258 155 258 199 258 259 290 158 222 157 331 149 288 110
188 143 225 110 273 258 288 401 281 336 242 260 255 405 245 340 0 1
;
411 0 256 111 259 154 258 198 258 259 291 158 223 157 331 149 288 110
189 143 223 113 273 258 288 403 281 342 243 260 255 406 245 340 1 1
;
412 0 259 110 259 154 259 198 259 259 293 158 224 156 334 149 290 107
189 144 222 110 275 258 286 408 282 345 244 260 255 406 245 340 0 1
;
413 0 261 109 262 154 261 199 260 260 295 158 224 156 336 150 295 105
188 146 221 108 276 259 286 408 282 346 245 260 255 406 245 340 0 1
;
414 0 263 109 264 154 263 199 262 261 297 159 227 155 341 152 313 104
188 149 216 99 278 261 283 408 283 348 247 261 256 406 245 340 2 2
;
415 0 265 108 265 154 265 200 263 262 299 160 229 156 343 155 319 101
189 151 210 98 279 261 282 408 283 348 248 262 257 407 245 340 2 2
;
416 0 268 108 268 154 267 200 266 263 303 161 231 156 356 163 340 103
186 152 196 94 281 262 282 408 284 348 250 263 257 407 247 341 2 2
;
417 0 270 107 269 154 268 200 266 263 304 161 232 155 357 163 351 102
185 153 187 94 282 263 282 408 284 348 251 263 257 407 247 341 2 2
;
418 0 273 107 271 154 271 201 269 263 308 162 235 155 359 165 374 106
186 156 170 98 285 264 282 408 286 349 254 263 258 408 250 344 2 2
;
419 0 274 107 273 154 272 201 271 264 309 162 236 156 362 167 385 110
187 157 161 102 286 264 282 408 287 350 255 263 257 408 251 344 2 2
;
420 0 277 107 276 154 275 201 273 264 312 163 240 156 365 172 404 121
190 160 146 115 289 265 282 408 289 350 257 263 255 408 253 344 2 2
;
421 0 279 107 277 155 276 201 274 264 314 163 241 156 366 174 412 127
192 161 142 124 290 265 282 408 290 350 258 263 253 406 252 343 2 2
;
422 0 281 108 279 155 278 202 276 264 316 164 243 157 368 177 424 139
195 166 138 141 292 265 282 408 291 351 260 263 252 406 254 341 2 2
;
423 0 282 108 280 156 279 202 277 264 317 164 244 157 368 178 428 145
197 168 138 149 293 265 282 408 292 351 261 263 253 404 255 340 0 2
;
424 0 283 108 282 156 280 202 278 264 318 165 245 157 368 183 432 156
203 172 140 164 295 266 282 408 293 351 262 263 253 399 259 331 0 2
;
425 0 284 109 282 156 281 202 279 264 318 165 246 158 368 184 433 160
204 173 141 171 296 265 283 407 295 342 263 262 252 393 260 326 0 2
;
426 0 285 109 283 157 282 202 281 264 319 166 247 158 368 185 438 162
204 175 143 181 298 265 283 408 294 342 264 262 255 385 263 315 0 2
;
427 0 285 109 284 157 282 202 281 264 320 166 248 158 367 183 441 158
204 175 143 180 298 265 283 408 294 342 264 262 257 382 264 308 2 2
;
428 0 286 110 285 157 283 202 281 263 321 166 248 159 376 168 440 131
205 170 141 164 298 265 282 408 293 342 264 261 258 370 265 289 2 2
;
429 0 286 110 285 157 283 202 281 263 321 166 249 159 371 164 434 113
205 162 142 149 299 265 282 408 293 342 264 261 258 370 265 287 2 2
;
430 0 287 111 286 157 284 201 281 260 322 165 250 158 368 145 414 73
206 145 144 107 300 264 282 408 293 341 263 256 259 367 265 282 2 2
;
431 0 287 111 287 157 286 200 285 258 323 164 250 157 365 133 401 54
209 138 154 88 303 261 282 408 293 341 268 256 259 367 264 282 2 2
;
432 0 287 110 287 155 286 198 285 257 320 160 250 153 355 117 367 34
216 121 182 53 303 259 283 407 293 340 267 254 258 366 263 283 0 2
;
433 0 287 110 287 154 286 197 284 255 320 156 251 149 350 109 351 26
220 113 200 41 302 258 283 406 293 339 266 252 257 370 263 288 0 2
;
434 0 286 109 287 153 285 195 282 252 319 153 251 144 342 101 324 29
228 96 234 26 299 255 283 406 293 338 265 250 255 373 260 298 0 2;
435 0 286 109 286 152 284 194 281 251 318 150 252 142 337 97 312 22
231 97 249 23 299 253 283 406 293 337 265 249 252 381 259 310 0 2;
436 0 285 108 284 152 282 193 278 246 318 149 252 141 332 96 300 26
238 95 267 24 296 249 283 407 294 337 261 243 249 388 257 323 1 0;
437 0 285 108 284 152 281 192 278 246 317 149 252 140 330 94 297 24
239 94 270 24 295 249 283 407 294 336 260 243 247 392 257 325 1 1;
438 0 284 107 283 152 281 192 278 246 317 148 253 140 329 93 304 23
238 88 263 23 295 249 283 407 294 336 261 243 245 399 255 332 1 1;
439 0 284 106 283 152 281 192 278 248 317 148 252 140 331 93 310 20
235 94 253 24 295 250 283 407 294 336 261 246 244 401 254 335 0 1;
440 0 283 106 282 151 280 193 277 251 316 147 251 140 337 95 329 21
227 97 229 23 293 253 283 407 294 337 261 250 243 407 252 345 0 0;
441 0 283 105 282 151 280 194 276 253 315 148 248 140 341 98 339 20
219 99 214 25 292 255 283 407 294 337 260 252 243 408 251 345 0 2;
442 0 281 105 281 150 278 194 275 255 315 148 245 144 348 107 362 26
208 106 185 37 291 256 283 407 293 338 259 254 247 405 249 345 0 2
;
443 0 279 105 279 150 277 195 274 257 314 150 243 145 350 111 373 29
204 109 172 43 290 257 283 407 293 339 258 256 248 405 249 341 2 2
;
444 0 276 105 276 151 274 197 271 259 312 152 239 147 354 123 392 41
196 122 148 61 287 259 283 407 292 338 256 258 249 404 248 337 2 2
;
445 0 272 105 273 151 271 197 269 260 309 153 236 149 355 131 405 57
191 132 135 84 285 260 283 407 290 338 254 260 249 403 247 338 2 2
;
446 0 270 105 272 151 270 198 268 260 307 153 234 150 355 134 409 66
188 138 129 94 284 261 283 407 287 345 253 260 249 403 246 338 2 2
;
447 0 268 105 270 151 269 198 267 261 305 154 233 151 356 137 413 75
187 140 122 102 283 261 282 407 286 346 252 261 249 403 246 339 2 2
;
448 0 264 106 267 152 266 199 265 262 301 156 229 153 355 145 420 93
182 147 121 123 281 262 280 409 283 348 250 262 249 404 244 340 2 2
;
449 0 260 107 264 153 263 200 263 263 297 157 226 155 352 151 422 109
179 154 119 139 278 263 281 412 282 347 248 263 249 404 243 340 2 2
;
450 0 258 107 262 154 262 200 262 263 296 158 225 156 350 153 423 116
178 156 118 146 278 263 282 411 283 347 247 264 249 404 242 340 2 2
;
451 0 256 108 260 155 260 201 260 264 294 159 222 157 348 157 421 128
176 162 113 157 276 263 280 407 282 342 245 264 248 403 241 341 2 2
;
452 0 255 109 259 155 259 201 260 264 293 159 222 158 347 159 421 132
176 165 112 163 275 263 277 403 281 336 244 265 248 403 241 342 2 2
;
453 0 253 109 258 155 258 202 258 264 291 159 221 158 346 160 422 137
176 167 112 171 274 263 276 394 281 321 243 265 251 409 240 343 2 2
;
454 0 252 109 257 155 257 202 258 264 291 159 220 159 345 160 422 138
175 168 111 172 273 263 276 391 281 312 242 265 251 409 241 343 2 2
;
455 0 251 109 256 155 256 201 257 264 290 159 220 159 345 160 422 134
175 169 110 169 273 263 275 382 280 303 241 265 251 409 241 342 2 2
;
456 0 251 109 256 155 256 201 256 264 290 159 219 159 344 160 421 130
175 169 109 166 272 263 273 367 282 276 240 265 251 408 241 342 2 2
;
457 0 251 109 256 155 255 201 254 264 290 159 219 159 344 158 411 117
174 168 110 153 270 263 274 355 283 273 237 264 250 408 242 342 2 2
;
458 0 250 109 256 155 255 201 253 264 290 159 219 159 344 157 406 107
175 167 115 146 270 263 275 354 283 273 237 264 250 408 242 342 2 2
;
459 0 251 109 255 155 255 201 254 263 290 159 219 159 344 154 387 90
175 165 118 120 270 263 278 368 281 294 238 264 250 408 242 341 2 2
;
460 0 251 109 256 155 255 201 255 263 290 159 219 159 343 153 372 85
175 163 128 110 271 262 279 370 282 298 238 264 250 408 243 341 2 2
;
461 0 251 108 256 155 256 201 256 263 290 158 220 158 343 152 346 80
172 160 154 97 272 262 282 381 282 312 239 263 251 408 243 341 2 2
;
462 0 252 108 256 155 256 201 256 262 290 158 220 157 344 148 333 81
172 158 167 94 272 262 283 388 282 319 240 263 251 408 243 341 2 2
;
463 0 254 107 257 154 258 200 258 262 291 158 221 156 342 147 311 87
173 152 194 93 274 261 286 398 283 332 242 263 251 407 242 341 2 2
;
464 0 255 107 258 154 258 200 258 262 291 158 222 156 341 146 304 94
180 149 207 95 275 261 287 402 283 335 242 263 250 407 242 341 0 2
;
465 0 259 106 261 153 260 199 260 262 293 156 223 154 341 146 295 103
187 139 223 103 276 261 288 407 284 344 244 262 250 407 242 339 0 2
;
466 0 260 106 262 153 261 199 261 261 295 156 226 153 341 147 297 107
189 140 228 105 277 261 287 408 284 345 244 262 250 407 242 339 0 1
;
467 0 264 105 265 152 264 199 262 262 297 157 227 153 343 150 300 104
190 140 223 107 279 262 287 410 285 348 246 262 250 407 242 339 1 1
;
468 0 266 105 266 153 265 200 263 263 301 158 229 152 346 152 311 104
182 150 223 103 280 263 286 411 285 349 247 263 250 407 242 339 2 1
;
469 0 270 105 269 153 268 200 266 264 305 158 232 152 351 157 329 101
191 148 218 95 282 264 285 412 286 350 250 263 250 407 243 340 2 2
;
470 0 272 104 271 153 269 201 268 264 307 159 234 152 364 158 338 99
192 149 212 93 284 265 284 412 287 350 252 264 250 406 244 341 2 2
;
471 0 277 104 274 153 273 201 271 265 312 160 237 153 366 163 359 99
190 153 198 92 287 265 283 412 290 351 255 264 250 406 248 345 2 2
;
472 0 279 104 276 153 274 201 272 265 314 160 239 153 366 163 370 98
190 153 191 91 288 266 284 412 290 351 256 265 250 407 250 344 2 2
;
473 0 283 104 279 153 278 201 275 265 317 160 242 153 372 163 392 101
190 156 175 93 292 266 284 412 292 351 259 265 252 408 252 351 2 2
;
474 0 285 104 281 153 279 201 277 265 319 161 244 153 375 164 403 104
192 155 167 95 293 266 284 411 294 351 260 265 256 411 254 353 2 2
;
475 0 288 105 284 154 282 202 279 265 322 161 247 153 378 165 421 113
197 156 153 105 296 266 284 411 295 352 263 264 251 410 257 354 2 2
;
476 0 289 105 285 154 283 202 280 265 323 162 248 153 379 166 429 117
200 157 147 111 297 266 284 412 296 352 264 264 250 408 259 351 2 2
;
477 0 291 105 287 154 285 202 282 265 324 162 251 154 381 168 438 125
202 158 140 124 298 266 284 412 297 353 265 264 250 405 261 343 2 2
;
478 0 292 105 288 154 285 201 282 265 325 162 251 154 381 169 440 127
203 158 138 129 299 266 285 411 297 353 266 263 251 405 261 339 2 2
;
479 0 293 106 289 154 287 201 284 264 326 163 253 154 382 170 444 130
204 160 144 141 301 266 287 409 298 350 267 263 254 396 260 328 2 2
;
480 0 293 106 290 154 287 201 284 264 327 163 253 154 383 170 445 131
205 161 144 145 301 266 287 409 297 349 267 262 254 391 259 321 2 2
;
481 0 294 106 291 154 288 201 286 264 328 163 254 154 384 171 447 132
207 163 146 149 303 266 287 409 297 348 269 263 255 377 257 302 2 2
;
482 0 294 106 291 154 289 201 287 264 328 163 255 154 384 171 447 132
207 163 146 150 304 266 288 409 297 347 270 263 255 375 255 296 2 2
;
483 0 294 106 292 154 291 202 290 266 328 163 255 155 384 171 448 131
209 165 148 152 307 267 288 408 298 341 274 265 255 354 253 269 2 2
;
484 0 294 106 292 155 291 202 290 266 328 163 256 155 385 171 448 131
210 165 149 152 307 267 288 408 298 341 274 265 255 352 252 266 2 2
;
485 0 294 107 292 155 291 202 290 266 329 163 256 155 385 170 447 128
210 166 150 151 307 267 288 407 298 340 274 265 255 352 251 265 2 2
;
486 0 294 107 292 155 291 202 290 266 329 163 256 155 385 170 445 125
211 166 153 148 307 267 288 408 298 340 274 265 255 353 250 267 2 2
;
487 0 294 106 293 154 290 201 287 264 329 163 256 155 385 169 433 114
212 165 161 134 304 266 289 408 297 342 270 262 255 361 245 280 2 2
;
488 0 294 106 293 154 290 201 286 264 329 162 256 155 386 169 422 108
214 164 163 121 303 266 289 408 297 342 269 261 254 382 246 309 2 2
;
489 0 293 106 292 154 289 200 285 263 329 162 256 155 384 165 396 96
210 160 183 104 302 265 289 408 282 336 268 261 252 387 246 318 2 2
;
490 0 292 106 292 153 289 200 285 263 328 161 256 154 383 164 382 93
209 159 195 98 301 265 289 408 285 337 268 260 252 392 249 326 2 2
;
491 0 291 105 291 153 288 199 284 263 328 161 255 154 382 153 356 89
208 153 219 92 300 265 289 408 298 344 268 260 250 403 251 338 2 2
;
492 0 291 105 290 152 287 199 283 263 328 161 254 153 375 151 345 91
207 151 229 94 300 265 289 408 298 344 267 260 249 404 253 339 2 2
;
493 0 289 105 289 152 286 199 282 263 327 161 253 153 372 148 330 98
212 143 243 100 299 265 289 408 298 345 266 261 251 407 253 344 0 2
;
494 0 289 104 288 152 286 199 281 263 327 160 252 153 369 148 325 101
213 142 247 104 298 265 289 408 298 345 265 262 251 407 253 347 0 2
;
495 0 285 104 285 152 282 199 279 263 322 158 249 152 365 148 312 102
213 142 245 109 295 264 288 409 298 345 262 262 255 405 254 343 1 1
;
496 0 283 104 284 152 281 199 277 263 321 157 247 152 364 148 317 102
212 142 243 107 294 264 288 408 297 344 261 262 256 405 254 341 1 1
;
497 0 281 104 280 152 278 199 274 263 319 157 244 151 362 149 324 97
201 148 231 102 290 264 288 408 295 345 258 262 256 404 253 340 2 2
;
498 0 279 104 279 152 276 199 273 263 316 157 242 152 361 150 330 94
194 151 225 96 289 264 288 408 294 346 257 263 256 404 253 340 2 2
;
499 0 276 104 276 152 274 200 271 264 313 158 238 152 359 154 344 90
196 152 206 91 287 264 288 408 292 348 255 263 256 404 252 340 2 2
;
500 0 274 104 274 152 273 200 270 264 311 158 237 153 362 154 352 88
195 152 196 90 286 264 287 408 291 348 255 263 255 404 251 340 2 2
;
501 0 271 104 272 152 270 200 268 264 308 158 234 153 360 157 368 89
187 153 175 92 284 264 286 409 289 350 253 263 255 404 249 341 2 2
;
502 0 269 105 270 152 269 200 267 264 306 159 233 153 360 157 376 90
185 153 165 93 283 264 286 410 287 351 252 263 255 404 249 341 2 2
;
503 0 266 106 268 153 267 200 266 264 303 159 230 155 359 157 392 98
184 155 144 101 281 264 286 412 284 351 250 264 254 404 247 341 2 2
;
504 0 264 106 267 153 266 200 265 264 301 160 229 155 357 159 398 105
183 156 135 108 280 264 287 411 284 350 249 264 254 404 247 341 2 2
;
505 0 262 107 265 154 264 201 263 264 299 160 227 156 354 162 409 119
181 158 119 126 278 264 284 423 284 346 247 264 254 404 246 341 2 2
;
506 0 261 107 264 154 263 201 262 264 298 160 227 156 353 163 413 127
181 159 114 137 278 264 284 409 283 346 247 264 254 404 245 341 2 2
;
507 0 259 108 262 154 262 201 261 264 296 161 225 156 350 165 421 143
180 161 111 162 277 263 280 403 281 335 245 264 255 406 244 343 2 2
;
508 0 259 108 262 154 261 201 261 263 296 161 225 156 350 167 423 152
179 165 115 173 277 263 280 402 280 331 245 264 256 407 244 343 2 2
;
509 0 258 108 261 154 260 201 260 263 295 161 224 157 341 173 419 167
181 174 125 190 276 263 278 394 279 318 243 264 256 408 244 343 2 2
;
510 0 257 108 260 155 259 201 259 263 295 161 223 157 341 174 415 172
183 178 130 196 275 263 278 392 278 313 242 263 256 408 244 343 2 2
;
511 0 257 108 259 155 258 201 257 263 294 162 223 158 342 177 414 180
185 183 133 210 274 263 276 384 278 305 240 264 254 408 244 343 2 2
;
512 0 257 108 259 155 257 201 254 263 294 162 223 158 341 178 413 182
186 184 131 217 271 264 275 383 277 303 237 263 254 409 244 344 2 2
;
513 0 257 109 258 155 256 201 252 264 294 162 223 159 341 179 414 180
187 186 139 217 269 264 272 374 276 301 236 263 254 408 244 344 2 2
;
514 0 257 109 258 155 256 201 252 264 293 162 223 159 341 178 415 176
187 186 132 217 269 264 273 373 276 301 235 263 254 408 244 344 2 2
;
515 0 257 109 258 155 256 201 253 263 294 162 223 159 346 173 418 162
186 185 130 202 270 264 275 373 275 306 236 263 254 407 244 343 2 2
;
516 0 257 109 259 155 257 201 254 263 294 162 223 159 342 172 413 139
185 180 118 179 271 263 279 378 275 314 238 263 254 407 243 343 2 2
;
517 0 257 108 259 155 257 201 255 263 294 162 223 159 346 168 404 127
184 178 122 164 272 263 281 381 274 316 238 263 255 406 243 342 2 2
;
518 0 257 108 259 154 258 200 256 262 294 161 223 158 348 164 385 103
184 174 133 132 273 262 285 386 274 323 240 262 255 406 242 343 0 0
;
519 0 258 108 259 154 258 200 257 262 295 161 223 158 348 163 368 97
180 172 144 119 273 262 286 387 275 329 240 262 255 406 242 343 0 2
;
520 0 258 108 260 154 259 200 258 262 295 160 223 157 347 161 340 93
178 164 174 102 274 262 288 393 275 333 241 262 255 406 242 343 2 2
;
521 0 258 107 260 153 259 200 258 262 296 160 224 157 347 156 326 92
177 160 189 100 274 262 289 398 277 336 242 262 255 406 242 343 2 2
;
522 0 259 107 261 153 260 200 259 262 296 160 224 157 344 155 314 95
177 157 203 101 275 262 289 400 278 339 243 263 255 406 242 343 2 2
;
523 0 261 106 262 153 261 200 260 263 297 159 224 156 342 152 300 102
188 143 223 103 276 262 287 406 279 346 244 263 255 406 242 343 2 2
;
524 0 262 106 264 153 263 200 261 263 299 158 228 153 342 152 298 105
189 147 221 107 278 263 286 409 281 350 245 263 255 406 243 343 2 1
;
525 0 264 105 265 153 264 200 262 263 299 159 228 153 343 154 302 104
190 147 220 105 278 263 285 410 282 351 246 263 255 406 243 342 0 1
;
526 0 266 105 267 153 266 201 264 265 302 160 229 154 347 161 325 105
184 159 207 104 280 265 284 414 285 353 248 265 255 406 244 343 2 2
;
527 0 267 105 268 153 267 201 265 265 304 161 230 155 350 164 337 105
184 162 198 105 281 266 284 414 285 353 249 265 254 406 245 343 2 2
;
528 0 270 104 270 153 269 201 267 266 307 161 233 155 361 170 362 106
187 166 181 106 283 266 284 415 287 354 251 266 254 405 247 343 2 2
;
529 0 272 104 272 153 270 201 268 266 309 161 234 155 362 172 375 109
188 167 172 109 284 267 284 415 288 354 253 266 255 406 248 347 2 2
;
530 0 275 104 275 153 273 202 271 267 312 162 238 156 367 175 400 118
189 168 154 118 288 268 283 415 289 354 255 266 256 409 252 353 2 2
;
531 0 277 104 276 154 275 202 273 267 314 163 239 156 368 178 411 127
191 169 147 126 289 268 283 415 291 354 257 266 255 407 252 352 2 2
;
532 0 280 105 279 154 278 203 275 267 317 164 242 156 370 182 428 142
195 172 140 144 292 268 283 412 293 352 259 267 254 408 253 350 2 2
;
533 0 281 105 281 155 279 203 276 267 318 164 243 157 370 185 432 151
198 175 139 153 293 268 283 411 294 351 260 266 250 407 252 350 2 2
;
534 0 284 105 283 155 281 203 278 268 320 164 246 157 368 189 438 166
207 178 143 169 295 269 284 410 295 349 262 266 250 405 252 343 2 2
;
535 0 284 105 283 155 281 203 279 267 320 164 247 157 367 191 438 174
208 180 144 176 295 269 284 409 295 349 262 266 251 404 253 341 2 2
;
536 0 286 105 284 155 282 203 280 267 321 165 248 157 363 195 438 186
212 184 150 188 296 269 285 409 295 349 263 266 253 400 255 334 2 2
;
537 0 286 105 285 155 283 203 280 267 322 165 249 157 363 196 437 192
213 186 152 194 297 269 285 409 295 343 263 266 254 396 255 333 2 2
;
538 0 287 105 286 155 284 203 281 267 322 165 249 158 362 198 436 201
216 188 158 204 298 269 286 409 296 341 264 265 258 396 257 325 2 2
;
539 0 287 105 286 155 284 203 281 267 322 165 250 158 362 199 435 204
217 189 162 207 298 269 286 409 296 341 264 265 260 394 256 320 2 2
;
540 0 287 105 287 155 285 203 283 268 322 166 250 158 363 203 435 208
219 190 163 212 300 269 286 409 296 341 266 266 263 384 253 305 2 2
;
541 0 287 105 287 155 285 203 283 268 322 166 250 158 363 203 434 209
220 191 164 213 300 270 287 409 296 341 266 266 265 368 250 284 2 2
;
542 0 287 105 287 155 285 203 283 268 322 166 251 159 362 203 433 211
221 192 168 214 301 270 288 409 296 341 266 266 265 367 250 284 2 2
;
543 0 287 105 287 155 285 203 283 268 322 165 251 159 362 203 432 212
221 192 168 214 301 270 288 408 296 341 266 266 264 366 248 289 2 2
;
544 0 287 105 287 155 285 203 283 268 322 166 251 159 363 204 430 215
223 193 169 215 300 270 288 408 295 341 266 266 257 395 251 323 2 2
;
545 0 287 105 287 155 285 203 282 268 322 166 251 159 362 204 428 218
223 193 169 215 299 270 284 414 274 341 266 266 256 395 250 328 2 2
;
546 0 286 105 287 155 285 203 282 268 321 166 251 159 361 205 425 226
224 194 170 217 298 271 286 414 276 341 265 266 255 396 250 334 2 2
;
547 0 286 104 287 155 285 203 281 268 321 166 251 159 361 205 421 232
225 195 171 219 298 271 288 408 282 341 265 266 253 399 250 338 2 2
;
548 0 285 104 286 155 284 204 280 269 321 166 251 160 358 208 412 245
226 196 174 226 296 271 287 408 296 340 264 267 248 406 250 347 2 2
;
549 0 284 104 286 155 283 204 279 269 320 166 251 160 356 209 405 251
228 198 176 230 296 271 287 408 296 342 263 268 246 408 250 348 2 2
;
550 0 282 104 284 155 281 205 278 270 319 166 249 160 351 212 391 264
229 200 183 239 294 272 287 408 296 342 262 269 242 426 249 348 2 2
;
551 0 281 103 283 155 280 205 277 271 318 166 248 160 348 214 384 270
230 201 186 244 293 272 287 408 296 342 261 269 242 424 248 345 2 2
;
552 0 278 103 280 155 277 205 274 271 314 166 246 161 340 215 364 279
231 203 193 255 290 272 286 408 295 342 259 270 242 422 248 342 2 2
;
553 0 276 103 278 155 276 206 273 271 312 166 245 161 337 216 354 282
232 204 197 260 288 272 286 408 294 344 258 270 241 421 247 343 0 2
;
554 0 271 103 275 156 273 206 271 272 307 167 242 162 330 218 332 288
232 206 204 267 286 273 286 408 293 345 256 271 239 410 245 345 4 2
;
555 0 269 104 274 156 272 207 270 273 304 168 241 162 325 221 323 289
233 208 206 269 285 274 286 409 292 347 256 272 239 412 245 347 4 1
;
556 0 265 104 270 156 269 207 266 274 299 168 239 163 319 221 309 290
232 209 204 269 280 275 285 409 289 349 252 273 238 422 244 348 4 1
;
557 0 263 104 269 156 267 207 264 274 297 168 238 163 316 220 308 285
230 209 196 266 278 276 285 409 289 350 251 273 238 422 243 348 4 1
;
558 0 260 104 266 155 265 207 263 274 294 167 234 163 316 208 316 272
217 204 168 249 277 275 285 409 287 350 250 273 239 422 242 348 0 2
;
559 0 258 104 265 155 264 206 262 274 293 167 232 163 317 202 325 254
209 201 152 237 276 275 285 409 286 349 249 273 239 422 241 348 0 2
;
560 0 256 104 263 154 262 205 260 273 291 166 228 161 322 190 337 196
192 185 131 197 273 273 285 409 285 348 247 272 239 411 240 347 0 2
;
561 0 255 104 262 154 261 205 258 272 289 163 226 160 322 177 336 157
187 175 118 172 272 272 285 409 285 348 245 271 239 410 239 347 0 2
;
562 0 252 104 260 153 259 203 256 270 287 161 223 157 320 148 321 84
178 151 118 121 270 270 285 409 283 348 243 269 239 409 238 346 0 2
;
563 0 251 104 259 152 257 202 255 268 286 160 221 154 317 133 310 61
179 142 122 94 269 269 285 409 283 347 242 267 239 409 238 346 0 2
;
564 0 249 103 256 151 255 200 254 265 283 156 218 149 307 111 286 24
179 120 148 55 267 265 285 409 281 345 240 264 239 408 237 345 0 2
;
565 0 247 103 255 151 254 199 253 263 282 154 217 146 303 105 277 23
180 110 165 42 267 263 285 409 280 344 239 262 239 407 236 344 0 2
;
566 0 245 103 253 150 253 197 251 260 280 153 216 144 291 94 258 21
186 99 198 27 266 261 284 410 280 344 237 259 238 405 235 342 0 2;
567 0 245 103 254 150 253 197 251 259 280 153 216 144 289 93 250 21
193 94 211 26 265 260 284 409 279 344 237 258 238 405 234 342 0 1;
568 0 236 102 249 149 249 193 248 252 278 149 216 140 286 88 246 26
194 94 229 22 263 254 284 410 278 344 233 251 238 405 234 341 1 1;
569 0 236 102 249 149 249 193 247 252 278 149 217 141 286 89 247 24
195 95 230 22 262 254 283 410 278 344 233 251 238 405 233 340 1 1;
570 0 239 103 250 149 249 194 247 256 278 150 217 143 291 90 254 22
194 96 219 32 262 257 283 410 277 344 233 255 238 405 233 341 1 1;
571 0 240 103 250 149 249 196 248 259 279 151 216 144 307 101 269 30
182 105 207 43 263 260 283 410 277 344 234 259 237 405 233 342 0 2
;
572 0 241 103 250 149 250 196 249 261 279 151 216 145 317 109 279 39
178 111 202 50 263 261 283 410 277 345 234 260 237 405 233 342 0 2
;
573 0 242 103 251 150 250 197 249 262 280 151 216 146 324 117 287 45
173 119 197 59 264 263 283 410 277 346 235 262 237 405 233 343 2 2
;
574 0 244 103 251 150 251 198 250 264 281 153 216 147 334 135 302 67
169 133 189 75 265 264 283 410 278 347 236 264 237 406 233 344 2 2
;
575 0 248 103 253 151 252 200 251 265 285 155 216 148 337 152 308 84
169 146 187 88 266 265 283 409 279 346 237 265 237 406 234 344 2 2
;
576 0 250 102 254 152 254 200 253 266 292 157 216 152 337 156 308 93
172 152 189 94 269 267 283 409 279 346 238 266 237 406 234 345 2 2
;
577 0 255 103 256 152 256 201 255 267 293 158 218 153 339 160 304 107
176 158 198 102 271 267 284 409 281 345 240 267 237 406 235 345 2 2
;
578 0 257 103 259 153 258 201 256 267 293 158 221 154 339 161 304 114
177 159 204 106 273 267 284 409 282 345 240 267 237 406 236 344 1 2
;
579 0 260 103 261 153 259 202 258 267 297 159 223 154 340 162 305 118
179 160 210 107 275 267 284 409 283 345 242 267 237 406 236 344 1 2
;
580 0 264 104 264 154 263 202 261 267 299 159 225 154 343 164 307 121
182 159 221 109 278 267 284 408 285 345 244 267 237 406 237 344 1 1
;
581 0 268 104 267 154 266 202 264 267 304 160 230 153 345 164 288 105
190 155 227 110 281 267 284 408 287 344 247 267 237 406 238 345 1 1
;
582 0 270 105 268 155 267 202 265 267 306 160 232 154 347 164 313 124
192 155 230 110 282 267 285 408 288 343 248 267 237 406 239 345 1 1
;
583 0 274 106 272 155 270 203 268 267 309 161 235 154 358 174 317 126
195 155 233 110 285 267 285 408 291 339 251 267 236 405 240 343 3 1
;
584 0 276 106 274 156 272 203 270 267 311 162 237 155 359 174 319 126
196 155 234 110 286 267 286 408 293 339 253 267 236 405 241 342 3 1
;
585 0 279 106 276 156 274 204 272 267 314 163 240 155 359 175 321 125
198 156 236 111 289 267 286 408 294 338 255 267 235 405 241 342 2 1
;
586 0 280 106 277 157 275 204 273 267 315 162 241 156 359 175 322 124
199 156 236 112 290 268 286 408 295 339 256 267 235 405 242 343 2 1
;
587 0 282 106 279 156 277 204 274 267 317 163 244 156 359 175 324 121
196 160 236 116 291 268 286 408 296 340 257 267 235 405 244 344 2 1
;
588 0 283 106 278 156 277 204 275 267 317 163 244 156 359 174 324 119
196 161 237 117 292 268 286 407 296 341 258 267 237 406 245 344 2 3
;
589 0 285 106 280 156 278 204 275 267 318 163 245 156 359 173 326 117
194 162 238 122 292 268 286 407 297 345 258 267 239 422 247 346 2 3
;
590 0 285 106 280 156 278 203 275 267 318 163 245 155 360 172 327 117
194 162 239 123 292 268 286 407 297 346 259 267 240 422 248 346 2 3
;
591 0 285 106 280 156 278 203 276 267 318 163 246 155 359 169 327 116
193 161 239 125 293 268 286 407 297 346 259 267 240 422 248 346 1 3
;
592 0 286 106 280 156 278 203 276 267 318 163 246 155 360 170 327 116
192 161 239 125 293 268 286 407 297 346 259 267 240 422 248 346 1 3
;
593 0 286 106 280 156 278 203 276 267 318 163 246 155 363 174 329 122
192 160 239 123 293 268 286 407 297 345 259 267 239 422 248 346 2 3
;
594 0 285 106 280 156 278 203 276 267 318 163 246 155 364 175 330 124
192 160 240 122 293 268 286 407 297 345 259 267 239 422 248 346 3 3
;
595 0 284 106 279 156 278 203 275 267 318 163 245 155 365 176 329 125
193 159 240 118 292 268 286 407 296 344 259 267 240 408 247 345 3 2
;
596 0 283 106 279 156 277 203 275 267 318 163 244 155 364 177 328 126
194 157 240 116 292 268 286 407 296 343 258 267 239 407 246 344 3 2
;
597 0 281 106 279 156 277 203 274 267 318 163 242 156 363 177 324 128
197 156 238 112 291 268 286 407 296 342 257 267 238 406 245 344 3 1
;
598 0 280 106 278 156 276 203 273 267 317 163 241 155 362 177 322 130
197 156 237 111 290 268 286 407 295 342 257 267 238 406 244 343 3 1
;
599 0 277 105 276 155 274 203 271 267 313 161 238 155 361 177 317 135
195 157 231 109 288 267 286 407 294 342 255 267 237 406 243 343 3 1
;
600 0 275 105 274 155 272 203 270 267 311 162 237 155 361 178 314 139
195 157 229 109 286 268 286 407 292 339 253 267 237 406 242 343 3 1
;
601 0 271 104 272 155 270 203 267 269 305 168 233 155 357 180 305 150
188 162 223 110 283 269 286 407 291 340 251 269 237 406 240 343 3 1
;
602 0 269 104 270 155 268 204 266 270 304 168 232 155 354 181 299 158
189 161 219 115 282 270 286 407 290 340 250 269 237 408 239 345 3 1
;
603 0 264 103 267 154 266 204 265 270 301 161 229 156 342 183 289 176
180 169 213 122 281 270 286 407 288 343 249 270 237 408 238 346 3 3
;
604 0 262 103 265 154 265 204 264 270 300 161 227 156 340 186 284 186
179 173 211 126 280 270 286 408 288 344 248 270 236 409 238 346 3 3
;
605 0 257 103 262 154 262 204 261 270 295 163 224 157 339 192 275 205
178 181 208 139 277 271 285 408 287 345 246 270 236 422 237 346 3 3
;
606 0 254 103 260 154 260 204 261 271 295 163 224 158 325 199 270 215
181 186 206 147 276 271 285 408 286 346 246 270 236 422 237 346 3 3
;
607 0 249 104 256 155 257 205 259 272 287 164 222 162 318 203 258 231
189 199 206 168 274 272 285 408 286 347 244 272 236 423 236 347 3 0
;
608 0 246 104 254 155 256 206 258 273 285 164 220 162 313 205 252 238
192 199 211 179 273 273 285 408 285 347 244 272 236 424 235 347 3 3
;
609 0 240 104 249 156 252 207 257 273 278 165 215 164 304 208 245 248
194 199 206 203 271 273 284 408 284 348 243 273 236 424 234 347 0 0
;
610 0 237 104 247 156 251 207 256 274 275 165 213 165 299 209 242 251
206 203 206 217 270 274 284 409 284 348 242 274 236 425 234 347 0 0
;
611 0 230 106 242 157 248 208 254 274 269 166 211 166 289 212 235 258
210 211 209 244 268 274 284 409 283 349 241 275 236 425 234 347 1 1
;
612 0 227 106 240 158 246 209 254 275 266 167 210 166 284 214 233 260
211 213 209 252 267 275 284 409 282 349 241 275 237 426 234 346 1 1
;
613 0 219 108 235 159 243 210 252 276 260 168 209 167 276 216 226 266
212 215 210 262 264 276 284 409 279 351 241 276 236 427 234 347 1 1
;
614 0 215 109 233 160 242 211 252 276 258 169 207 167 271 218 222 268
211 216 208 263 263 276 284 409 278 352 240 276 236 427 234 347 1 1
;
615 0 208 112 229 161 239 212 250 277 253 170 205 168 264 219 218 270
209 216 204 281 261 277 283 410 275 354 240 277 236 429 235 350 1 0
;
616 0 205 113 227 162 237 214 249 278 252 171 204 170 260 220 208 279
208 218 199 287 259 278 283 411 274 355 239 279 236 430 235 353 1 1
;
617 0 199 115 224 164 235 215 248 280 250 172 202 173 252 226 201 284
207 220 189 293 258 280 285 422 272 357 238 280 236 432 235 355 1 1
;
618 0 197 116 222 165 234 216 248 281 248 172 201 174 246 229 197 286
207 221 184 295 258 280 286 423 272 358 238 281 236 433 236 355 1 1
;
619 0 193 118 219 166 232 218 247 282 246 174 200 175 241 232 190 291
206 221 176 300 256 282 286 424 271 360 237 283 236 435 236 356 1 1
;
620 0 191 119 218 167 231 219 246 283 245 175 200 176 239 232 186 293
206 222 195 269 256 283 286 424 271 361 237 283 236 436 236 356 1 0
;
621 0 189 121 216 168 230 220 246 285 243 176 199 178 234 233 182 296
203 225 193 270 255 285 286 425 272 363 237 285 236 437 236 356 0 0
;
622 0 188 121 215 169 229 221 246 285 241 177 198 178 232 234 180 298
203 225 193 270 255 285 286 426 272 363 237 285 236 438 236 357 0 0
;
623 0 187 121 214 170 228 222 246 286 240 178 197 180 229 236 179 299
203 226 195 266 255 286 286 426 273 365 237 286 237 438 236 360 0 0
;
624 0 186 122 213 170 228 222 246 287 239 179 197 180 227 237 177 301
203 226 187 280 254 287 286 427 273 366 237 286 237 439 236 360 0 1
;
625 0 186 122 213 170 228 222 245 287 238 179 196 180 225 238 177 302
203 226 187 281 254 287 286 427 273 366 237 287 237 439 236 360 0 0
;
626 0 186 122 213 170 227 222 245 287 238 180 196 180 224 239 177 303
203 226 187 281 254 287 286 427 273 366 237 287 237 439 236 362 0 0
;
627 0 187 121 212 170 227 223 245 287 237 180 195 180 223 240 176 303
202 226 187 281 254 287 287 427 273 366 237 287 237 439 236 362 0 0
;
628 0 187 121 212 170 227 223 245 287 237 180 194 180 223 240 176 304
202 226 187 280 253 287 287 427 273 367 236 287 237 439 236 362 0 0
;
