22 0 268 110 268 156 268 202 267 262 304 163 232 158 351 154 421 113
187 148 121 125 282 262 285 399 289 335 253 261 239 404 242 337 0 2
;
23 0 268 110 268 156 268 200 267 260 304 160 232 155 346 134 399 73
188 130 135 81 281 260 284 399 289 334 252 259 239 402 242 336 2 2
;
24 0 267 110 268 155 267 200 266 259 303 158 232 154 342 129 386 54
191 124 149 61 281 259 284 398 289 334 252 258 239 402 241 335 2 2
;
25 0 267 110 268 155 267 199 266 257 302 156 232 152 334 115 348 37
202 115 189 38 281 258 284 398 288 333 252 257 239 401 241 335 2 2
;
26 0 267 110 268 155 267 199 266 257 300 154 232 151 326 109 332 32
207 106 206 32 281 257 284 398 288 333 252 257 239 401 241 335 2 2
;
27 0 267 110 267 154 267 198 265 255 298 152 233 148 320 103 305 30
214 102 237 28 280 255 284 398 287 331 251 255 239 400 241 334 2 2
;
28 0 267 110 267 154 266 197 265 254 298 152 233 148 317 102 294 29
218 100 248 30 280 254 284 398 287 331 250 254 239 400 240 334 2 1
;
29 0 267 112 267 154 266 196 264 250 298 152 234 149 310 101 280 37
223 98 263 33 280 251 284 397 287 330 248 250 239 400 240 333 1 1;
30 0 267 112 267 154 266 195 264 249 298 152 234 149 309 101 278 36
224 98 269 25 281 250 284 397 287 330 248 249 239 400 240 332 1 1;
31 0 266 112 267 154 266 195 264 250 298 152 234 149 309 101 289 32
223 98 255 31 280 250 284 397 287 330 248 249 239 401 240 332 1 1;
32 0 266 112 267 154 266 195 264 251 298 152 234 149 312 101 297 34
220 99 245 32 280 251 284 397 286 330 248 251 239 401 240 333 1 2;
33 0 266 111 267 154 265 196 264 253 298 152 233 149 318 103 317 30
212 102 221 31 279 254 284 397 286 330 248 253 239 401 240 333 2 2
;
34 0 266 111 267 154 265 196 264 254 298 152 233 149 326 108 329 34
207 104 205 32 279 255 284 397 286 331 248 254 239 400 240 333 2 2
;
35 0 265 111 266 154 265 197 263 255 299 153 232 149 332 118 356 43
197 111 174 42 278 256 284 397 286 331 248 255 239 400 239 333 2 2
;
36 0 265 111 266 154 265 197 263 255 299 153 231 150 336 124 370 49
193 115 158 49 278 256 284 397 286 332 248 255 239 400 239 334 2 2
;
37 0 265 111 265 154 264 197 263 257 298 155 230 151 342 133 392 72
186 126 133 74 278 257 284 397 286 332 248 256 239 401 239 334 2 2
;
38 0 264 111 265 154 264 198 263 257 298 155 229 152 346 139 401 85
182 134 125 88 277 257 284 397 286 333 248 256 239 401 239 334 2 2
;
39 0 264 111 264 154 264 198 262 258 298 157 229 153 348 150 414 108
181 144 113 115 277 258 284 397 286 333 248 258 239 401 239 334 2 2
;
40 0 263 110 264 154 263 199 262 258 298 157 228 154 348 153 416 120
183 149 116 129 277 259 284 397 285 334 248 258 239 401 239 334 2 2
;
41 0 262 110 264 155 263 199 262 259 297 158 228 155 347 159 418 136
181 155 115 145 276 260 284 397 285 334 247 259 239 401 238 335 2 2
;
42 0 262 110 263 155 263 199 262 259 297 159 227 155 347 161 418 140
181 156 115 149 276 260 284 397 285 334 247 259 239 401 238 335 0 2
;
43 0 261 110 263 155 262 199 261 260 297 159 227 155 347 162 416 137
181 158 115 148 276 260 284 397 285 334 247 260 239 401 238 335 0 2
;
44 0 261 110 263 155 262 200 261 260 296 159 227 156 347 162 416 130
181 158 117 144 276 260 284 397 285 334 247 260 239 401 238 335 0 2
;
45 0 260 110 262 155 262 200 261 260 296 159 226 156 347 162 405 114
180 158 119 126 276 261 284 397 285 335 246 260 239 401 238 335 2 2
;
46 0 260 110 262 155 262 200 261 260 296 159 226 156 346 161 396 106
180 157 124 116 276 261 284 397 285 335 246 260 239 401 238 335 2 2
;
47 0 260 109 262 155 261 200 261 260 296 159 226 156 345 158 377 91
178 154 144 100 275 261 284 397 285 335 246 260 239 401 238 335 2 2
;
48 0 260 109 262 155 261 200 261 260 295 159 226 156 344 157 363 90
177 153 156 94 275 261 284 397 285 335 246 260 239 401 237 335 2 2
;
49 0 259 109 262 155 261 200 260 260 295 159 225 155 346 151 338 88
177 151 181 91 275 261 284 398 285 335 246 260 239 401 237 335 2 2
;
50 0 259 109 261 155 261 200 260 260 295 159 225 155 343 152 327 91
177 150 192 92 275 261 284 398 285 335 246 260 239 401 237 335 2 2
;
51 0 259 109 261 155 261 200 260 260 295 159 225 155 341 151 308 99
182 148 212 98 275 261 284 398 285 335 246 260 239 400 237 335 2 2
;
52 0 259 109 261 155 261 200 260 260 295 159 225 155 340 151 303 104
183 148 218 104 275 261 284 398 284 335 246 260 239 401 237 335 2 2
;
53 0 259 109 261 155 261 200 260 260 295 158 225 154 338 151 298 112
189 145 228 111 275 261 284 398 284 335 245 260 239 401 237 335 2 1
;
54 0 259 109 261 155 261 200 260 260 295 158 226 155 337 152 284 107
189 146 229 110 275 261 284 398 284 334 245 260 239 401 237 334 1 1
;
55 0 260 109 261 155 261 200 260 260 295 158 226 155 337 153 299 109
188 148 222 110 275 261 284 398 284 334 245 260 239 401 237 334 0 1
;
56 0 260 109 261 155 261 200 260 260 295 158 226 155 338 153 311 105
180 152 213 102 275 261 284 397 284 334 245 260 239 401 237 334 2 2
;
57 0 260 109 261 155 261 200 260 260 295 159 225 155 339 155 317 101
183 153 206 99 275 261 284 397 284 335 245 260 239 401 237 334 2 2
;
58 0 260 109 261 155 261 200 260 260 295 159 225 155 346 155 334 96
180 154 188 97 275 261 284 398 284 335 245 260 239 401 237 335 2 2
;
59 0 260 109 261 155 261 200 260 260 295 159 225 155 346 155 343 96
179 154 178 96 275 261 284 397 284 335 245 260 239 401 237 335 2 2
;
60 0 260 109 261 155 261 200 260 261 295 159 225 155 344 159 363 97
177 155 157 99 275 261 284 397 284 335 245 260 239 400 237 335 2 2
;
61 0 260 109 261 155 261 200 260 261 295 159 225 155 344 159 373 101
177 156 146 103 275 261 284 397 284 335 245 260 239 400 237 335 2 2
;
62 0 260 109 261 155 261 200 260 261 295 159 225 156 344 161 389 112
177 158 128 117 275 261 284 397 284 335 245 260 239 400 237 335 2 2
;
63 0 260 109 261 155 261 200 260 261 295 160 225 156 344 162 394 117
178 160 122 124 275 261 284 397 284 335 245 260 239 400 237 335 2 2
;
64 0 260 109 261 155 261 200 260 261 295 160 225 156 347 163 397 122
178 161 114 135 275 261 284 397 284 335 245 260 239 400 237 335 2 2
;
65 0 260 109 261 155 261 200 260 261 295 160 225 156 347 163 397 122
179 162 113 138 275 261 284 397 284 335 245 261 239 400 237 335 2 2
;
66 0 260 109 261 155 261 200 260 261 295 160 225 156 347 163 395 119
179 163 113 140 275 261 284 397 284 335 245 261 239 400 237 336 2 2
;
67 0 260 109 261 155 261 200 260 261 295 160 225 156 347 163 391 115
179 163 113 139 275 261 284 397 284 335 245 261 239 401 237 336 2 2
;
68 0 260 109 261 155 261 200 260 261 295 160 225 156 345 164 381 107
179 163 114 136 275 261 284 397 284 335 245 261 239 401 237 336 2 2
;
69 0 260 109 261 155 261 200 260 261 295 160 225 156 345 164 374 103
179 163 116 133 275 261 284 397 284 335 245 261 239 401 237 336 2 2
;
70 0 260 109 261 155 261 200 260 261 295 160 225 156 344 163 354 100
179 163 126 122 275 261 284 397 284 335 245 261 239 400 237 336 2 2
;
71 0 260 109 261 155 261 200 260 261 295 160 225 156 345 161 344 99
179 163 133 116 275 261 284 397 284 335 245 261 239 400 237 335 2 2
;
72 0 260 109 261 155 260 200 260 261 295 160 225 156 344 159 324 101
177 161 151 106 275 261 284 397 284 335 245 261 239 400 237 335 2 2
;
73 0 260 109 261 155 260 200 260 261 295 160 225 156 343 159 316 103
177 161 161 103 275 261 284 397 284 335 245 261 239 400 237 335 2 2
;
74 0 260 109 261 155 260 200 260 261 295 160 225 156 343 160 306 113
177 160 178 100 275 261 284 397 284 335 245 261 239 400 237 335 2 2
;
75 0 259 109 261 155 260 200 260 261 295 160 225 156 342 161 304 116
178 160 185 101 275 261 284 397 284 335 245 261 239 400 237 335 3 2
;
76 0 259 109 261 155 260 200 260 261 294 160 225 156 341 163 302 119
179 159 198 103 275 261 284 397 284 334 245 261 239 400 237 335 1 2
;
77 0 259 109 261 155 260 200 260 261 294 160 225 156 341 164 302 119
180 159 203 106 275 261 284 397 284 334 245 261 239 400 237 335 1 2
;
78 0 259 109 261 155 260 200 260 261 294 160 225 156 341 165 302 119
181 159 211 108 275 261 284 397 284 334 245 261 239 400 237 335 1 2
;
79 0 259 109 261 155 260 200 260 261 294 160 225 156 341 165 303 119
182 159 213 109 275 261 284 397 284 334 245 261 239 400 237 335 1 2
;
80 0 259 109 261 155 261 200 260 261 294 159 227 155 341 165 304 116
182 158 215 111 275 261 284 398 284 334 246 261 239 401 237 335 1 2
;
81 0 260 109 261 155 261 200 261 261 295 159 227 155 341 164 304 114
182 159 214 113 276 261 284 398 285 334 246 261 239 401 238 335 1 1
;
82 0 261 109 263 155 263 200 262 261 296 159 228 155 341 163 306 112
182 160 215 116 277 261 284 398 285 334 247 261 239 402 239 335 1 3
;
83 0 262 109 264 155 263 200 263 261 298 159 229 155 341 162 307 112
183 160 216 117 278 261 284 399 286 334 248 260 239 402 239 336 2 3
;
84 0 265 109 267 155 267 200 266 261 301 160 231 156 344 161 311 111
186 162 219 119 281 261 284 399 287 335 251 261 239 403 241 337 2 1
;
85 0 267 110 269 156 268 201 267 261 303 160 233 156 345 161 313 111
187 163 221 120 283 261 284 400 288 335 252 261 239 403 243 337 2 3
;
86 0 271 111 272 157 271 201 270 260 306 160 235 156 349 161 316 111
193 166 223 123 286 261 284 400 290 335 255 260 237 404 245 336 2 3
;
87 0 273 111 273 157 272 201 272 260 306 160 236 156 352 161 317 112
195 167 225 123 287 261 284 400 291 335 257 259 237 404 245 336 2 3
;
88 0 276 112 277 158 275 202 273 260 311 162 243 158 354 161 320 113
198 167 228 125 288 261 284 401 291 336 258 259 239 401 246 331 2 3
;
89 0 277 113 278 158 276 202 274 260 312 163 244 158 353 161 320 113
199 167 229 125 289 261 284 401 291 337 259 258 241 386 248 320 2 3
;
90 0 279 113 279 158 279 202 280 261 312 163 246 158 353 161 321 114
201 167 230 124 295 261 284 401 291 337 266 261 247 363 248 306 2 3
;
91 0 280 113 280 158 280 202 281 261 313 163 247 158 353 161 322 115
202 166 231 124 296 261 284 401 291 337 267 261 249 352 248 295 2 3
;
92 0 281 113 281 158 281 202 282 260 313 163 247 157 354 162 327 121
202 165 231 123 297 260 284 401 290 336 267 259 251 345 250 279 3 3
;
93 0 281 113 281 158 281 202 282 260 313 163 247 157 365 170 328 122
203 165 231 123 297 260 284 401 290 336 268 260 252 342 250 276 3 3
;
94 0 281 113 281 158 282 201 282 260 313 163 247 157 365 170 328 123
203 165 231 122 297 260 284 401 290 336 268 259 253 338 250 273 3 3
;
95 0 282 113 282 158 282 201 283 260 314 163 248 157 365 170 328 123
203 165 232 122 297 260 284 401 290 335 268 259 251 344 248 280 3 3
;
96 0 282 113 282 158 281 201 280 259 314 163 248 157 365 170 328 123
203 164 232 122 296 260 284 401 290 335 265 258 251 361 247 304 3 3
;
97 0 282 112 282 158 280 200 277 257 314 163 248 157 365 170 328 123
203 164 232 122 293 259 284 401 290 335 260 255 248 371 249 306 3 3
;
98 0 282 112 281 157 280 200 277 257 314 163 247 157 364 169 328 122
202 164 232 121 293 259 284 401 290 335 261 255 244 389 249 326 3 3
;
99 0 281 111 280 157 279 200 276 258 313 162 247 157 363 169 328 122
201 164 229 120 292 260 285 401 291 335 261 256 243 399 248 334 3 3
;
100 0 280 111 279 156 278 200 276 258 313 162 245 157 362 169 327 122
200 164 228 120 291 260 285 401 291 335 260 257 242 401 248 336 3 3
;
101 0 277 110 276 156 275 201 274 260 312 162 244 157 358 169 324 122
197 166 223 121 289 261 285 401 291 335 259 259 241 403 244 338 3 3
;
102 0 275 110 275 156 274 201 273 260 311 162 239 158 357 168 323 122
195 168 220 121 288 261 285 401 291 335 258 260 242 403 244 337 3 3
;
103 0 271 110 271 156 270 201 269 262 306 162 236 158 354 168 324 118
190 170 210 120 284 262 285 401 290 336 254 261 243 401 243 336 3 3
;
104 0 269 110 270 156 269 201 268 262 304 162 234 158 353 167 330 113
188 170 201 118 283 262 285 401 290 336 253 262 243 401 243 335 2 3
;
105 0 265 109 266 155 266 201 265 262 300 161 231 158 348 165 350 104
185 170 175 114 280 262 284 400 288 337 251 261 243 400 242 336 2 3
;
106 0 263 109 265 155 265 201 264 262 299 161 229 157 347 163 363 101
183 168 160 114 279 262 284 400 287 337 250 261 243 400 241 336 2 2
;
107 0 260 109 263 155 263 200 263 261 296 160 227 157 345 160 389 105
182 166 129 121 277 261 284 400 286 337 248 261 243 400 240 336 2 2
;
108 0 258 109 261 154 262 200 262 261 295 160 225 157 345 159 400 112
181 165 116 129 276 261 284 400 286 337 247 261 243 400 239 336 2 2
;
109 0 256 109 259 154 260 200 260 261 292 159 222 157 344 158 414 132
177 162 108 151 275 262 284 400 285 337 246 261 243 400 239 336 2 2
;
110 0 254 109 258 154 259 200 259 261 291 159 221 157 343 157 417 142
175 162 105 159 274 261 284 400 285 337 245 261 242 400 238 336 2 2
;
111 0 252 109 256 154 257 200 258 261 289 158 218 157 341 158 414 152
172 164 106 169 273 261 284 399 284 337 244 261 242 400 238 336 2 2
;
112 0 251 109 255 154 256 200 258 261 288 158 218 157 340 159 412 151
171 165 106 168 272 261 284 399 284 337 243 261 242 400 237 336 2 2
;
113 0 250 109 254 154 255 200 257 261 288 158 217 157 340 156 408 139
170 163 104 157 271 261 284 398 283 337 242 261 242 400 237 336 2 2
;
114 0 250 109 254 154 255 200 257 261 287 158 216 157 339 151 401 128
168 156 102 146 271 261 284 398 283 337 242 261 242 400 237 336 2 2
;
115 0 249 109 253 154 254 199 256 260 287 157 215 156 334 139 400 96
168 143 111 116 271 261 283 398 282 337 242 260 242 400 236 336 2 2
;
116 0 249 109 253 154 254 199 256 260 287 156 215 156 330 133 393 78
170 137 108 93 271 260 283 399 282 337 241 260 242 400 236 336 2 2
;
117 0 248 109 252 153 254 199 255 259 286 155 215 153 324 118 365 50
177 121 132 58 270 259 283 398 282 336 241 259 242 400 236 335 0 0
;
118 0 248 109 252 153 253 198 255 258 286 153 215 152 320 114 349 38
182 117 149 44 270 259 283 398 282 336 240 258 242 400 236 335 0 2
;
119 0 248 109 252 153 253 198 255 257 285 152 216 149 313 106 312 30
191 104 188 28 270 258 283 398 281 335 240 257 242 400 235 335 0 2
;
120 0 248 109 252 153 253 197 255 257 284 151 216 148 311 104 296 36
196 100 208 31 270 257 283 398 281 335 240 256 242 400 235 335 4 2
;
121 0 248 109 252 153 254 197 255 255 284 151 219 148 306 102 269 39
202 101 239 45 270 256 283 398 281 334 240 255 242 399 235 334 1 2
;
122 0 248 109 252 153 254 196 255 254 283 151 219 148 305 102 267 46
204 101 245 52 271 254 283 398 281 333 240 253 242 399 235 334 1 1
;
123 0 249 109 252 153 254 196 256 253 283 151 219 148 305 101 271 38
205 101 241 49 271 254 283 398 281 333 240 252 242 399 235 334 1 1
;
124 0 251 110 253 153 254 196 256 253 284 151 220 148 308 104 284 41
202 105 233 45 271 254 283 398 281 333 240 253 242 399 235 334 2 1
;
125 0 252 110 254 153 255 196 256 254 285 151 220 148 315 108 307 36
194 102 208 37 272 255 283 398 282 333 241 254 242 400 236 334 2 2
;
126 0 252 110 255 153 256 197 257 255 287 151 220 148 320 110 320 34
188 107 192 39 272 255 284 398 282 333 242 254 242 400 236 334 2 2
;
127 0 253 110 255 153 256 197 258 256 289 152 221 150 330 120 350 46
180 116 159 49 273 257 284 398 283 334 243 256 242 400 236 334 2 2
;
128 0 253 110 256 153 257 197 258 257 290 153 221 151 334 125 365 51
181 126 144 57 273 257 284 398 283 334 243 256 242 400 236 334 2 2
;
129 0 254 109 257 154 257 198 259 258 291 154 221 153 340 134 387 70
179 132 123 80 273 258 284 397 283 335 244 257 242 400 237 335 2 2
;
130 0 255 109 257 154 258 198 259 258 292 155 222 153 342 138 394 80
178 137 115 90 274 259 284 398 284 335 244 258 242 400 237 335 2 2
;
131 0 255 109 257 154 258 198 259 259 292 156 222 154 344 146 404 96
176 142 109 111 274 259 284 398 284 335 245 259 242 400 237 335 2 2
;
132 0 256 109 257 154 258 199 260 259 292 156 222 154 345 149 407 103
177 146 113 121 274 260 284 398 284 335 245 259 242 400 237 335 2 2
;
133 0 257 109 258 154 259 199 260 260 293 157 223 155 345 154 412 115
178 151 119 133 275 260 284 398 284 335 245 260 242 400 238 335 2 2
;
134 0 257 109 259 154 259 199 260 260 293 157 223 155 345 155 412 118
178 153 119 136 275 261 284 398 284 335 246 260 242 400 238 335 2 2
;
135 0 257 109 259 154 260 200 260 260 293 158 223 155 345 157 411 119
178 155 119 138 275 261 284 397 284 335 246 260 242 400 238 336 2 2
;
136 0 258 109 260 154 260 200 261 261 294 158 224 156 345 158 402 112
179 156 122 135 275 261 284 397 285 335 246 260 242 400 238 336 2 2
;
137 0 258 109 260 154 260 200 261 261 294 158 224 156 345 159 392 107
180 158 121 129 275 261 284 397 285 335 246 260 242 400 238 336 2 2
;
138 0 259 109 260 154 260 200 261 261 294 158 224 156 345 159 383 101
178 160 127 124 275 261 284 397 285 335 246 260 242 400 238 336 2 2
;
139 0 260 108 261 154 261 200 261 261 295 159 225 156 345 159 357 97
179 161 143 110 276 261 284 398 285 335 246 260 242 400 238 336 2 2
;
140 0 260 108 261 154 261 200 261 261 295 159 225 156 346 158 345 94
179 161 154 105 276 261 284 398 285 335 246 260 242 400 239 336 2 2
;
141 0 260 108 261 154 261 200 261 261 296 158 225 156 347 153 321 96
179 160 178 98 276 261 284 398 285 335 247 260 242 400 239 336 2 2
;
142 0 261 108 261 154 261 200 262 261 296 158 226 156 347 153 312 100
179 158 189 98 276 261 284 398 285 335 247 260 242 400 239 336 2 2
;
143 0 262 108 262 154 262 200 262 261 296 158 226 156 341 152 296 106
184 152 204 99 277 261 284 398 285 335 247 260 242 400 239 335 0 2
;
144 0 263 108 262 154 262 200 262 261 297 157 227 155 340 152 293 109
180 149 214 97 277 261 284 398 286 335 247 260 242 400 240 335 1 2
;
145 0 264 108 262 154 262 200 262 261 297 157 228 155 339 152 292 107
183 148 216 98 277 261 284 398 286 335 248 260 242 400 240 335 1 2
;
146 0 264 109 262 154 262 200 262 261 297 157 228 155 339 153 297 105
184 147 219 98 277 261 284 398 286 335 248 260 242 400 240 335 0 2
;
147 0 264 109 262 154 262 200 262 261 297 157 228 155 339 154 308 107
187 142 221 99 277 261 284 398 286 335 248 260 242 400 240 335 0 2
;
148 0 264 109 262 154 262 200 262 261 297 158 227 154 340 156 312 105
188 141 223 100 277 261 284 398 286 335 248 260 242 400 240 335 2 2
;
149 0 263 108 262 154 262 200 262 261 296 158 227 154 344 158 322 103
190 140 227 105 277 261 284 398 286 335 248 260 242 400 240 335 2 2
;
150 0 262 108 262 154 262 200 262 261 296 158 227 154 346 160 332 102
191 139 227 111 277 261 284 398 286 335 248 260 242 400 240 335 2 1
;
151 0 262 108 262 154 262 200 262 261 296 159 227 154 346 160 337 101
191 139 227 110 277 261 284 397 286 334 248 260 242 400 240 335 2 1
;
152 0 262 108 262 154 262 200 262 261 296 159 227 154 347 161 341 101
191 139 226 108 277 261 284 397 286 334 248 260 242 400 240 335 2 1
;
153 0 262 108 263 154 262 200 262 261 297 159 228 154 347 161 348 101
187 145 218 99 277 261 284 397 286 335 248 260 242 400 240 335 2 1
;
154 0 263 108 263 154 263 200 263 261 297 159 228 154 348 162 355 101
186 148 199 91 277 261 284 398 286 335 248 260 242 400 240 335 2 2
;
155 0 263 108 263 154 263 200 263 261 298 159 228 154 349 162 360 101
186 149 188 88 277 261 284 397 286 335 248 260 242 400 240 335 2 2
;
156 0 264 108 264 154 264 200 263 261 298 160 228 154 350 162 370 102
181 151 166 89 278 261 284 397 286 335 248 260 242 400 240 335 2 2
;
157 0 265 108 265 154 264 200 263 261 298 160 229 154 350 162 376 104
181 150 154 91 278 261 284 397 286 335 248 260 242 400 240 335 2 2
;
158 0 265 108 265 154 264 200 263 261 299 160 229 154 352 163 387 108
183 152 134 102 278 261 284 398 286 335 248 260 242 400 240 335 2 2
;
159 0 266 108 265 154 264 200 263 261 299 160 229 154 352 163 393 111
184 152 125 110 278 261 284 398 286 335 248 260 242 400 240 335 2 2
;
160 0 266 108 266 154 265 200 263 261 300 160 230 154 352 164 405 119
184 152 118 129 278 261 284 398 286 335 249 260 242 400 240 335 2 2
;
161 0 266 108 266 154 265 200 263 261 300 160 230 154 353 164 409 125
184 152 122 140 278 261 284 398 286 335 249 260 242 400 240 335 2 2
;
162 0 267 108 266 154 265 200 263 261 300 160 230 154 353 165 415 135
184 155 117 153 278 262 284 398 286 335 249 260 242 400 240 335 2 2
;
163 0 267 108 266 154 265 200 263 261 300 160 230 154 353 166 417 139
184 157 122 157 278 262 284 398 286 335 249 260 242 400 240 335 2 2
;
164 0 267 108 266 154 265 200 263 261 301 160 230 154 351 169 416 140
184 160 123 158 278 262 284 398 287 335 249 260 242 400 240 335 2 2
;
165 0 267 108 266 154 265 200 264 261 301 160 230 154 350 169 415 136
184 160 120 155 278 262 284 398 287 335 249 260 242 400 240 335 2 2
;
166 0 266 108 266 154 265 200 264 261 301 160 230 154 353 167 406 123
185 160 123 141 278 262 284 398 287 335 249 260 243 401 240 335 2 2
;
167 0 266 108 266 154 265 200 264 261 301 160 230 154 353 166 398 114
185 160 127 131 279 262 284 398 287 335 249 260 243 400 240 335 2 2
;
168 0 266 108 266 154 265 200 264 261 301 160 230 154 350 163 377 99
184 160 144 110 279 262 284 398 287 335 249 260 243 401 240 335 2 2
;
169 0 266 108 266 154 265 200 264 261 301 160 230 154 350 163 362 99
184 160 157 104 279 262 284 399 287 335 249 260 243 401 241 335 2 2
;
170 0 266 108 266 154 265 200 264 261 300 159 230 154 351 157 335 96
184 157 185 95 279 261 284 399 287 335 249 260 243 401 241 335 2 2
;
171 0 266 108 266 154 265 200 264 261 300 159 230 154 350 154 322 98
183 154 198 95 279 261 284 398 287 335 249 260 243 401 241 335 2 2
;
172 0 265 108 266 154 265 200 264 261 300 158 230 154 345 152 306 107
190 146 221 102 279 261 284 399 287 335 249 260 243 401 241 335 0 2
;
173 0 265 107 266 154 265 199 264 260 300 157 230 154 343 152 301 109
194 144 226 108 279 261 284 398 287 334 249 260 243 401 241 335 1 2
;
174 0 265 107 266 153 265 199 264 260 299 157 230 154 342 151 294 107
195 143 232 111 279 261 284 399 287 334 250 260 243 401 241 334 1 1
;
175 0 265 107 266 153 265 199 264 260 299 157 230 154 342 151 295 106
186 153 232 110 279 261 284 399 287 334 250 260 243 401 241 334 1 1
;
176 0 265 107 266 153 265 199 264 260 299 157 230 154 342 151 302 103
185 153 227 107 279 260 284 398 287 334 250 259 243 401 241 334 1 1
;
177 0 265 107 266 153 265 199 264 260 299 157 230 153 342 152 304 102
185 153 224 106 279 260 284 398 287 334 250 259 243 401 241 334 2 1
;
178 0 265 108 266 153 265 199 264 260 300 157 230 153 342 154 308 103
190 153 221 102 279 260 284 398 287 334 250 259 243 401 241 334 2 2
;
179 0 265 108 266 153 266 199 264 260 300 157 230 154 343 156 310 105
191 154 218 102 279 261 284 398 287 334 250 260 243 401 241 334 2 2
;
180 0 265 108 266 153 266 199 265 260 300 158 230 154 342 159 311 110
190 161 210 109 280 261 284 398 287 334 250 260 243 401 241 334 2 2
;
181 0 265 108 266 153 266 199 265 260 300 159 230 154 344 163 311 112
189 162 208 111 280 261 284 398 287 334 250 260 243 401 241 334 2 2
;
182 0 266 108 266 153 266 199 265 261 300 159 231 155 345 164 312 113
190 165 205 114 280 261 284 398 287 334 250 260 243 401 241 334 1 2
;
183 0 266 108 266 153 266 199 265 261 300 159 231 155 345 164 311 114
190 167 204 114 280 261 284 398 287 334 250 260 243 401 241 334 1 2
;
184 0 266 108 266 154 266 200 265 261 300 160 231 155 345 165 309 117
190 168 206 116 280 262 284 398 287 333 250 260 243 401 241 334 1 2
;
185 0 266 108 266 154 266 200 265 261 300 160 231 156 343 165 307 119
190 168 208 117 280 262 284 398 287 333 250 260 243 401 241 334 1 2
;
186 0 266 108 267 154 266 200 265 261 300 160 231 156 343 166 304 127
190 168 213 121 280 262 284 398 287 333 250 260 243 401 241 334 1 1
;
187 0 266 108 267 154 266 200 265 261 301 159 232 156 342 166 303 131
191 168 218 122 280 262 284 398 287 333 250 260 243 400 241 334 1 1
;
188 0 266 108 267 154 266 199 265 260 300 158 232 156 340 166 302 135
191 167 225 125 280 261 284 397 287 333 250 260 243 400 241 334 1 1
;
189 0 266 108 267 153 266 199 265 260 300 158 232 156 340 166 301 135
192 167 226 125 280 261 284 397 287 332 250 260 243 401 241 334 3 1
;
190 0 266 108 267 153 266 199 265 260 300 158 232 156 348 173 301 134
191 167 226 123 280 261 284 398 287 332 250 259 243 400 241 334 3 1
;
191 0 266 108 267 153 266 199 265 260 300 158 232 156 348 173 301 133
191 167 226 123 280 261 284 398 287 332 250 259 243 401 241 334 3 1
;
192 0 266 108 267 153 266 199 265 260 300 158 232 156 349 174 301 134
191 166 226 122 280 261 284 398 287 332 249 259 243 400 241 334 3 1
;
193 0 266 108 268 153 266 199 264 260 300 158 232 157 348 174 300 133
192 165 226 122 280 260 284 398 287 332 249 259 243 400 241 334 0 1
;
194 0 266 108 268 153 266 199 264 260 300 158 232 157 348 174 301 133
192 165 226 122 280 260 284 398 287 332 249 259 243 400 241 334 2 1
;
195 0 266 108 268 153 266 199 264 260 300 158 232 157 338 167 278 111
191 167 223 123 280 260 284 398 287 332 249 259 243 400 241 334 1 1
;
196 0 266 108 268 153 266 199 264 260 300 158 233 157 339 167 279 111
190 168 222 124 280 260 284 398 287 332 249 259 243 400 241 334 1 1
;
197 0 265 108 268 153 266 199 264 260 300 158 233 157 338 167 295 126
189 168 222 125 280 260 284 398 287 332 249 259 243 400 241 334 2 1
;
198 0 265 108 268 153 266 199 264 260 300 159 233 157 338 167 295 124
188 168 222 127 280 260 284 398 287 332 249 259 243 400 241 334 2 1
;
199 0 265 108 266 154 265 199 264 260 298 159 233 157 338 167 296 122
186 168 222 129 279 261 284 398 287 332 249 259 243 401 241 334 2 3
;
200 0 265 108 265 154 265 199 264 260 297 159 233 157 338 167 296 122
186 169 221 129 279 261 284 398 286 333 249 259 243 401 241 334 2 3
;
201 0 264 109 264 154 264 199 263 260 296 159 232 157 336 167 295 121
185 169 219 130 279 261 284 399 285 336 248 259 243 402 240 334 2 3
;
202 0 264 109 263 154 263 199 262 260 296 159 231 157 336 167 295 121
184 169 218 130 278 261 284 400 284 338 247 260 243 402 240 335 1 3
;
203 0 261 109 262 154 261 200 260 260 295 159 231 157 332 168 292 121
184 169 215 131 276 261 285 403 282 339 245 260 243 403 239 336 1 3
;
204 0 260 110 261 154 260 200 259 260 294 159 231 157 331 168 291 122
183 168 213 131 274 260 285 404 282 340 244 260 243 403 239 336 1 3
;
205 0 259 111 258 155 259 200 259 260 291 161 225 158 329 168 290 123
178 170 212 131 274 260 285 405 282 335 243 260 243 403 238 336 1 3
;
206 0 256 111 256 156 257 200 257 260 289 162 223 158 326 170 288 125
176 171 210 132 273 259 280 394 281 328 242 260 243 404 238 336 1 3
;
207 0 256 111 255 156 256 200 257 259 289 162 223 158 326 169 288 126
175 172 209 133 273 258 279 390 281 324 241 260 243 404 237 336 1 3
;
208 0 254 111 254 156 255 200 256 259 288 162 222 158 325 169 287 126
174 172 208 133 272 258 274 369 281 305 240 259 243 404 237 336 1 3
;
209 0 254 111 253 156 253 200 253 259 288 162 220 158 330 174 293 131
172 173 207 132 268 258 272 361 280 295 237 259 243 404 237 337 1 3
;
210 0 254 111 253 156 253 200 252 259 288 162 220 158 330 175 294 132
172 173 207 132 268 259 272 347 280 278 236 259 243 404 237 337 1 3
;
211 0 254 111 253 156 253 200 252 258 288 162 220 158 330 176 295 132
172 173 207 131 269 258 272 345 280 278 236 259 243 404 237 337 1 3
;
212 0 254 111 253 156 253 200 253 258 288 162 220 158 330 176 296 132
172 173 208 131 269 257 272 351 278 287 236 259 243 404 238 337 1 3
;
213 0 254 111 253 156 253 200 253 258 288 162 220 158 330 176 295 133
172 171 210 128 269 258 276 363 279 299 237 259 243 404 238 337 1 3
;
214 0 254 111 254 156 254 200 253 258 288 162 220 158 331 176 295 133
172 171 211 127 270 258 278 371 280 308 237 259 243 404 238 337 3 3
;
215 0 256 111 256 156 256 200 255 258 290 160 221 158 331 176 297 132
175 169 214 125 271 257 284 394 280 325 239 259 243 404 237 337 1 3
;
216 0 257 110 257 155 257 200 256 259 291 160 222 158 333 176 297 132
176 168 215 124 272 258 284 396 281 332 240 259 243 404 237 337 1 2
;
217 0 260 110 259 155 258 200 258 260 292 160 225 158 335 176 300 130
182 165 220 121 274 260 288 405 283 342 242 260 243 404 237 337 1 1
;
218 0 262 110 261 156 260 201 259 261 293 160 226 158 337 174 301 129
189 159 223 119 275 261 290 408 283 344 243 261 243 404 237 338 2 1
;
219 0 266 110 266 156 264 201 262 263 299 164 231 158 338 172 302 126
193 161 227 118 278 263 288 410 285 347 246 262 243 404 238 341 1 1
;
220 0 269 110 268 157 266 202 264 263 302 164 234 158 340 171 307 128
196 161 230 118 280 263 287 410 286 346 248 262 242 406 241 340 1 1
;
221 0 275 111 273 158 271 203 269 264 308 166 240 159 346 171 312 128
201 162 235 119 285 264 287 409 289 344 252 263 235 406 242 342 2 1
;
222 0 276 111 275 159 273 204 270 264 310 167 241 159 348 174 314 128
204 162 235 122 287 265 287 409 290 344 254 263 235 405 243 338 2 1
;
223 0 279 111 279 159 276 204 273 264 312 168 244 159 351 175 322 132
200 169 235 126 289 266 287 408 292 345 257 262 235 397 244 333 2 1
;
224 0 281 111 280 159 277 203 273 264 313 168 245 159 361 180 329 131
200 171 233 127 290 266 288 408 292 345 257 262 235 390 245 325 2 3
;
225 0 284 111 281 158 278 203 274 263 316 167 247 158 364 179 347 126
203 174 221 129 290 265 288 408 292 345 257 261 239 375 247 312 2 3
;
226 0 284 111 282 158 279 202 274 263 316 167 248 158 366 179 360 122
204 174 210 131 291 265 288 408 292 344 257 260 242 365 249 301 2 3
;
227 0 286 111 284 157 280 201 275 261 319 166 250 158 372 172 389 116
206 172 178 135 292 264 288 408 292 343 258 258 249 357 249 284 2 3
;
228 0 287 111 285 157 283 201 281 262 320 165 250 158 373 168 403 114
204 168 162 136 297 263 287 408 292 342 266 261 250 346 249 271 2 3
;
229 0 288 111 285 157 284 202 283 263 321 165 251 158 373 159 426 106
202 158 140 134 298 263 287 408 291 341 268 263 249 347 248 268 2 2
;
230 0 288 111 285 157 284 202 283 263 321 165 251 158 372 151 428 99
202 154 138 128 299 263 287 408 291 341 268 263 249 347 248 268 2 2
;
231 0 289 111 286 156 284 200 282 261 322 164 252 157 370 143 419 74
204 141 144 102 298 262 287 408 292 340 266 259 251 353 248 274 2 2
;
232 0 288 111 286 155 284 199 281 259 322 162 252 156 366 135 408 59
208 133 152 86 298 261 287 408 292 340 265 258 250 361 245 289 2 2
;
233 0 288 110 286 154 284 197 279 256 322 158 252 152 356 119 378 35
216 121 177 53 296 259 287 408 293 339 263 254 247 378 246 303 2 2
;
234 0 288 110 286 153 283 197 279 256 321 157 252 150 352 112 361 30
220 116 194 42 296 258 287 407 284 332 263 253 245 387 248 315 2 2
;
235 0 287 109 286 152 283 195 279 254 318 152 251 145 340 103 328 29
228 101 229 25 295 256 287 407 294 337 263 252 244 399 249 331 0 2
;
236 0 286 108 285 152 282 195 279 253 318 152 251 145 334 100 313 24
231 99 244 23 295 255 287 407 295 337 263 251 244 402 250 333 0 0;
237 0 283 107 283 151 280 193 276 250 314 150 251 142 325 96 296 30
237 97 264 25 292 251 288 406 295 336 261 249 245 404 250 335 0 1;
238 0 283 108 283 151 280 193 276 249 313 149 251 143 321 94 288 25
238 96 267 27 292 250 288 406 295 336 260 248 244 406 250 337 1 1;
239 0 280 109 283 151 279 193 274 249 312 148 251 144 319 94 292 27
238 95 266 25 290 250 288 406 295 335 258 249 246 405 249 336 1 1;
240 0 278 109 278 152 277 194 273 250 309 148 248 143 319 94 296 27
236 96 259 26 290 250 288 406 294 335 257 250 247 405 249 334 1 1;
241 0 276 108 276 152 274 195 271 252 307 148 244 143 325 98 315 30
225 98 231 23 286 252 288 406 293 334 255 252 247 403 247 334 0 0;
242 0 275 108 276 152 274 195 269 254 306 148 242 143 328 99 326 26
216 97 214 25 285 254 288 406 292 334 254 253 247 402 246 334 0 0;
243 0 273 107 274 152 271 196 267 256 304 151 238 145 338 113 355 33
200 108 178 41 282 256 287 406 290 337 253 255 247 402 245 335 2 2
;
244 0 272 107 273 152 270 196 267 256 304 152 236 146 341 122 372 38
198 117 159 49 281 257 287 405 290 337 252 256 247 402 245 335 2 2
;
245 0 270 107 270 152 269 197 266 257 305 153 234 149 346 136 398 70
189 132 134 87 280 258 287 405 289 336 251 256 247 401 244 335 0 2
;
246 0 269 107 270 152 268 197 265 258 303 155 233 151 354 142 406 89
187 140 122 102 280 259 287 405 289 336 251 257 247 401 244 335 0 2
;
247 0 267 107 269 153 267 198 265 259 301 157 231 153 349 157 418 120
187 153 122 138 279 260 287 405 288 336 250 259 247 401 243 335 2 2
;
248 0 266 108 268 153 266 199 264 260 301 158 231 154 349 162 422 132
186 159 120 151 279 261 287 405 288 336 250 260 247 400 243 335 2 2
;
249 0 265 108 267 154 265 200 264 261 300 160 229 156 347 169 424 146
186 168 116 167 278 262 287 404 288 336 249 261 246 400 243 335 2 2
;
250 0 264 107 266 154 265 200 263 262 299 160 229 156 346 171 423 148
187 170 116 169 278 262 287 404 288 336 249 261 246 400 242 335 2 2
;
251 0 264 108 265 154 264 201 263 262 298 161 229 157 346 172 420 143
187 173 118 164 278 262 287 404 288 336 249 262 246 400 242 335 2 2
;
252 0 263 108 265 154 264 201 263 262 298 161 228 157 345 172 413 137
187 173 123 157 278 262 287 404 288 336 248 262 246 400 242 335 2 2
;
253 0 263 108 264 154 264 201 263 262 298 161 228 157 345 170 398 120
187 173 128 135 278 262 287 404 287 336 248 262 246 400 242 335 2 2
;
254 0 262 108 264 154 264 201 263 262 298 161 228 157 346 168 389 111
181 170 136 125 277 262 287 404 287 336 248 262 246 400 242 335 2 2
;
255 0 262 108 264 154 264 201 263 262 297 161 228 157 346 165 365 102
180 166 156 108 277 262 287 404 287 336 248 262 246 400 242 335 2 2
;
256 0 262 108 264 154 264 201 263 262 298 160 228 157 349 160 342 98
179 162 180 100 277 262 287 404 287 336 248 262 246 400 242 335 2 2
;
257 0 262 108 264 154 264 201 263 262 298 160 228 156 349 158 331 97
180 159 191 99 278 262 287 404 287 337 248 262 246 400 242 335 2 2
;
258 0 262 108 264 154 264 201 263 262 298 160 228 156 349 156 321 99
180 157 203 100 278 262 287 404 287 337 248 262 246 400 242 335 2 2
;
259 0 264 108 265 154 264 200 263 262 298 160 229 154 350 155 309 106
188 150 219 108 278 262 287 405 287 339 249 261 246 401 242 335 0 2
;
260 0 266 108 266 154 265 200 264 261 301 159 231 153 347 153 306 109
194 147 230 112 279 261 286 405 287 340 249 261 246 402 242 336 0 1
;
261 0 267 108 267 154 266 200 265 261 303 158 232 153 346 153 309 108
194 146 230 113 280 261 286 406 287 340 250 260 246 402 243 336 0 1
;
262 0 272 108 270 155 269 200 268 262 305 159 235 154 352 161 323 110
196 151 227 109 283 262 287 406 289 341 253 261 246 403 245 338 0 1
;
263 0 274 108 271 155 271 201 270 262 307 160 237 154 357 163 330 110
198 154 222 108 285 262 287 406 290 343 254 262 246 403 246 339 2 1
;
264 0 278 108 275 155 274 201 273 263 311 161 240 156 361 168 346 113
197 167 210 111 288 263 287 406 292 344 258 263 245 404 249 342 2 2
;
265 0 280 108 277 155 276 201 275 263 313 161 242 156 362 174 355 118
198 170 203 113 291 263 287 406 293 345 259 263 244 405 251 343 2 2
;
266 0 283 108 280 156 279 202 278 263 316 162 245 157 363 181 370 128
204 179 189 125 294 264 287 407 294 346 263 262 242 406 253 343 2 2
;
267 0 284 108 281 156 281 202 280 263 316 163 247 157 362 184 378 135
207 183 182 133 296 264 287 407 295 346 264 262 241 406 254 343 2 2
;
268 0 286 108 284 156 283 202 282 263 319 164 249 158 361 190 391 153
215 190 171 156 298 264 287 407 297 347 266 262 240 404 257 340 2 2
;
269 0 287 108 285 156 284 202 283 263 320 164 250 159 359 195 395 167
217 192 167 171 299 264 287 407 297 346 267 262 241 401 258 337 2 2
;
270 0 288 109 286 156 285 202 284 263 321 165 251 159 354 201 401 197
224 197 167 206 300 264 287 407 297 345 268 262 243 389 260 322 2 2
;
271 0 289 109 287 156 286 202 284 263 322 165 251 160 353 203 400 212
228 200 175 221 301 264 287 407 296 343 268 261 246 380 260 316 2 2
;
272 0 290 109 288 156 286 202 284 263 323 166 253 161 350 207 394 228
233 202 188 238 301 265 287 407 296 341 267 261 251 369 259 302 2 2
;
273 0 290 109 288 156 286 202 284 263 323 167 253 161 349 208 391 231
236 203 192 241 301 265 287 407 296 341 267 261 253 361 257 290 2 2
;
274 0 291 109 289 156 288 202 287 264 324 167 254 162 349 209 390 234
239 203 197 244 303 265 287 407 295 340 270 263 255 348 255 273 2 2
;
275 0 291 109 289 157 288 203 288 265 324 167 254 162 349 209 390 234
239 203 197 244 304 266 287 407 295 339 272 265 255 348 254 272 2 2
;
276 0 291 109 290 157 289 203 288 265 324 167 255 162 350 209 391 236
239 203 197 244 304 266 287 406 295 339 272 264 253 353 248 280 2 2
;
277 0 292 109 290 157 289 203 287 265 324 167 255 162 351 209 391 237
239 203 196 243 304 266 288 406 296 339 271 264 249 355 247 281 2 2
;
278 0 292 109 290 157 288 203 287 265 325 168 255 162 351 210 389 241
238 204 195 245 303 266 288 406 296 338 270 263 240 372 242 311 2 2
;
279 0 292 109 290 157 288 203 286 265 325 168 255 162 351 210 387 243
238 204 195 246 303 266 288 406 297 338 270 263 236 384 244 319 2 2
;
280 0 291 109 290 157 288 203 285 265 325 167 255 162 350 210 382 251
237 204 198 251 301 266 289 406 297 338 269 263 234 396 247 333 2 2
;
281 0 291 109 290 157 288 203 285 264 325 167 255 162 348 210 378 255
237 205 200 254 301 266 289 406 298 339 269 263 234 401 248 338 2 2
;
282 0 291 109 289 157 287 203 283 265 325 167 254 162 344 211 370 265
238 207 206 261 299 267 288 406 298 339 267 264 237 408 248 344 3 2
;
283 0 290 108 288 156 286 203 283 266 324 167 252 162 342 212 365 270
238 208 210 264 298 267 288 406 299 341 267 264 237 407 248 344 0 2
;
284 0 289 108 286 156 284 203 280 267 322 167 250 163 336 214 355 276
238 210 217 269 296 268 288 406 299 344 265 266 239 406 248 341 0 2
;
285 0 288 108 285 156 282 204 279 267 321 167 249 163 333 214 351 278
238 211 220 271 294 268 288 406 298 344 263 267 240 405 247 340 0 1
;
286 0 285 107 282 156 279 204 276 268 317 167 246 163 328 215 343 281
237 211 222 273 291 268 288 406 297 345 260 267 240 405 246 340 0 1
;
287 0 283 107 280 156 278 204 275 268 316 167 244 163 326 216 340 282
236 212 223 273 290 268 288 406 297 345 259 267 240 405 246 340 0 1
;
288 0 280 107 277 156 275 204 272 268 313 167 241 162 323 216 335 283
233 212 224 272 288 268 288 406 295 344 257 267 240 405 244 340 0 1
;
289 0 279 107 276 156 274 204 271 268 311 167 240 162 322 216 335 283
231 211 223 271 287 268 288 406 295 343 256 267 240 405 244 339 0 4
;
290 0 275 107 274 156 272 204 270 268 308 167 237 162 321 216 342 284
227 211 217 267 285 268 288 406 294 343 254 267 240 405 243 339 0 4
;
291 0 274 107 272 156 271 204 269 268 307 167 236 162 321 216 349 281
223 210 211 266 284 268 288 406 293 342 254 267 240 405 242 339 0 4
;
292 0 271 107 270 156 269 203 267 268 305 167 234 162 328 214 369 266
212 205 187 257 283 268 288 405 292 342 252 267 240 404 242 339 2 0
;
293 0 270 107 269 155 268 203 267 268 304 167 233 161 331 208 382 257
207 202 169 255 282 268 288 405 291 342 251 267 240 404 241 338 2 0
;
294 0 267 107 267 155 267 203 265 267 302 166 231 161 338 195 406 225
194 194 137 230 281 268 288 405 290 342 250 267 240 404 240 338 2 2
;
295 0 266 107 266 155 266 203 265 267 301 166 229 161 341 187 413 203
186 185 124 213 280 268 287 405 290 341 250 267 240 404 240 338 0 2
;
296 0 264 107 265 155 264 203 264 267 299 165 227 160 337 170 421 152
179 166 115 166 279 267 287 404 289 341 249 266 240 404 240 338 0 2
;
297 0 263 107 264 155 264 202 263 266 299 164 226 159 338 159 415 125
180 156 105 139 278 266 287 404 288 340 248 266 239 404 239 338 0 2
;
298 0 261 107 263 154 262 201 262 264 297 161 224 156 340 137 392 78
176 135 119 88 277 264 287 404 288 340 247 263 239 404 239 337 0 2
;
299 0 261 107 262 154 262 200 261 263 296 159 223 154 335 133 375 59
178 126 133 67 276 264 287 404 287 339 247 263 239 404 239 337 0 2
;
300 0 260 107 262 153 261 199 261 261 295 156 223 151 329 119 340 35
189 117 169 39 276 262 287 404 287 338 246 260 239 404 238 337 0 2
;
301 0 260 107 262 153 261 199 260 260 294 154 223 150 324 109 324 31
192 110 188 32 275 261 287 404 286 338 245 260 239 404 238 336 0 2
;
302 0 259 107 261 152 261 198 260 259 293 152 224 147 319 106 297 39
199 103 221 31 275 260 287 404 286 337 245 258 239 404 237 335 0 2
;
303 0 259 107 261 152 261 197 260 258 292 152 225 147 315 103 282 37
201 102 233 33 275 259 287 404 285 336 244 258 239 404 237 335 0 2
;
304 0 259 107 261 152 260 196 259 256 291 151 227 147 312 101 269 41
206 98 243 42 275 256 287 404 285 335 243 255 239 404 237 335 1 1;
305 0 259 107 261 152 260 196 259 255 292 153 227 148 311 101 266 35
206 98 242 40 275 256 287 404 285 335 243 255 239 404 237 334 1 1;
306 0 259 107 262 152 261 197 259 256 292 153 226 148 316 106 289 38
204 100 227 35 275 257 287 404 285 335 244 256 239 404 237 334 1 2
;
307 0 259 107 262 152 261 197 259 257 293 154 226 148 320 109 300 36
199 101 214 35 275 257 287 404 285 335 244 256 239 404 237 334 2 2
;
308 0 259 107 262 152 261 197 260 258 294 154 226 148 329 116 326 40
190 109 184 42 275 259 287 404 285 336 245 257 239 404 237 335 2 2
;
309 0 260 107 263 153 262 198 260 259 294 155 226 150 336 125 341 45
183 118 168 52 276 260 287 404 286 337 245 258 239 404 237 335 2 2
;
310 0 260 107 263 153 262 198 261 260 296 157 226 152 343 139 370 64
182 135 138 78 276 261 287 404 286 337 246 260 239 404 237 336 2 2
;
311 0 260 107 263 153 262 199 261 261 297 158 226 153 345 147 382 79
180 145 127 95 276 262 287 404 286 337 246 260 239 404 237 336 0 2
;
312 0 261 107 263 153 263 200 261 262 298 159 227 155 347 159 400 109
181 158 114 129 276 263 287 404 286 338 246 261 239 404 238 336 2 2
;
313 0 261 107 264 153 263 200 262 263 299 160 227 157 351 171 411 140
185 170 112 160 276 264 287 404 287 339 247 262 239 404 238 337 0 2
;
314 0 262 107 264 154 263 200 262 264 299 161 227 157 350 177 413 155
183 179 117 175 277 264 287 404 287 339 247 263 239 404 238 337 0 2
;
315 0 262 107 264 154 263 201 262 264 299 163 227 159 347 185 418 184
190 188 128 200 277 265 287 404 287 339 247 264 239 404 238 337 2 2
;
316 0 262 107 264 154 263 201 262 265 299 163 228 159 346 189 415 193
193 191 132 209 277 265 287 404 287 339 247 264 239 404 238 337 2 2
;
317 0 263 107 264 154 264 201 262 265 299 164 228 160 345 191 414 195
195 193 135 213 277 266 287 404 287 340 247 264 239 404 238 337 0 2
;
318 0 263 107 264 154 264 201 262 265 299 164 228 160 345 191 415 189
196 194 135 208 278 266 287 404 288 340 247 265 239 404 238 337 0 2
;
319 0 263 107 265 154 264 201 262 265 299 164 228 160 345 190 410 168
196 193 134 188 278 266 287 404 288 340 248 265 239 404 238 337 2 2
;
320 0 263 107 265 154 264 201 263 265 299 164 228 160 346 189 404 154
197 191 136 174 278 266 287 404 288 340 248 265 239 404 238 337 2 2
;
321 0 264 106 265 154 264 201 263 265 300 164 229 160 348 182 386 128
192 186 148 142 278 266 287 404 288 340 248 265 239 404 238 337 2 2
;
322 0 264 106 265 154 264 201 263 265 300 164 229 159 349 175 375 115
190 181 159 128 278 266 287 404 288 340 248 265 239 404 238 337 2 2
;
323 0 265 106 266 154 264 201 263 265 301 163 229 159 351 167 346 102
190 167 185 108 278 266 287 404 288 340 248 264 239 404 238 337 2 2
;
324 0 265 107 266 154 265 201 263 265 302 163 230 158 352 164 334 101
185 162 199 104 278 265 287 404 288 339 248 264 239 404 238 337 2 2
;
325 0 266 107 267 154 265 201 264 264 303 162 230 156 347 156 315 104
191 151 222 101 279 264 287 404 288 338 249 263 239 404 239 337 2 2
;
326 0 267 107 267 154 266 201 264 264 303 161 231 155 347 155 310 107
194 145 229 103 279 264 287 404 288 338 249 263 239 404 239 337 2 2
;
327 0 268 107 268 154 267 200 265 263 305 160 231 154 346 153 296 105
195 142 231 108 280 263 287 404 288 338 250 262 239 404 240 336 0 1
;
328 0 269 107 269 154 268 200 265 263 306 160 233 154 346 153 302 106
197 143 232 108 281 263 287 405 289 338 250 262 239 404 240 336 1 1
;
329 0 272 107 271 154 269 200 267 262 308 160 235 153 349 154 317 109
197 146 230 105 283 263 287 405 290 339 252 262 239 404 241 337 0 1
;
330 0 273 107 272 154 271 200 269 263 309 160 236 154 352 156 323 108
197 150 227 101 284 263 287 405 291 340 254 262 239 405 243 338 0 2
;
331 0 276 108 275 155 274 201 272 263 313 161 238 156 362 164 342 108
196 162 207 106 288 264 288 406 293 343 257 263 240 406 246 342 2 2
;
332 0 277 108 276 155 275 201 274 264 315 162 240 157 364 167 353 110
197 166 197 109 290 264 288 406 293 344 259 263 241 407 248 345 2 2
;
333 0 280 108 280 156 278 202 277 264 317 163 244 159 366 176 376 120
201 175 177 126 293 265 288 406 295 344 262 263 240 407 251 346 2 2
;
334 0 282 109 281 156 280 202 278 264 318 165 245 159 368 178 387 126
205 181 169 137 294 265 288 406 296 345 263 263 240 406 253 341 2 2
;
335 0 284 109 283 157 282 202 280 264 320 166 248 160 367 188 404 149
212 188 159 166 295 265 288 406 296 345 264 263 243 400 255 333 2 2
;
336 0 285 109 284 157 282 202 280 264 320 166 249 160 365 193 411 163
215 191 158 182 296 265 288 406 296 345 264 262 242 398 256 328 2 2
;
337 0 287 110 286 157 284 202 281 263 321 167 251 161 361 200 416 193
223 197 167 214 297 265 287 407 295 343 265 262 246 381 257 312 2 2
;
338 0 288 110 286 157 285 202 283 264 322 167 251 161 359 203 414 207
227 199 176 225 299 266 287 407 295 342 267 262 249 372 256 300 2 2
;
339 0 289 110 287 157 286 203 284 264 322 169 252 162 355 208 405 227
233 202 189 241 301 266 287 407 294 341 267 262 254 348 255 272 2 2
;
340 0 289 110 288 158 287 203 287 266 323 169 253 163 354 210 402 233
236 203 194 246 302 267 287 407 294 339 272 266 253 347 255 270 2 2
;
341 0 289 111 289 158 288 204 287 266 323 169 253 163 352 211 398 238
239 204 201 250 303 267 287 406 294 339 272 266 252 345 254 266 2 2
;
342 0 290 111 289 158 288 204 287 266 323 169 254 163 352 211 397 240
239 204 202 251 303 267 287 406 294 339 272 266 251 352 252 273 2 2
;
343 0 290 111 289 158 288 204 287 266 323 169 255 163 352 212 394 244
240 205 205 253 303 267 287 406 294 339 272 266 244 367 247 292 2 2
;
344 0 290 110 289 158 288 203 286 265 324 169 255 163 351 212 391 248
241 205 207 254 302 266 287 406 294 339 269 264 241 374 247 302 2 2
;
345 0 290 110 289 157 287 203 283 264 324 169 255 163 349 212 384 257
241 206 210 258 300 266 288 406 295 339 267 262 238 385 248 317 2 2
;
346 0 290 110 289 157 287 203 283 264 324 168 255 163 348 212 380 262
242 206 213 260 299 266 288 406 295 340 267 262 237 394 250 325 2 3
;
347 0 290 110 289 157 287 202 283 264 323 168 255 163 345 213 369 272
243 208 218 264 299 266 288 406 296 343 267 262 236 403 250 341 2 2
;
348 0 290 110 289 157 287 202 282 264 323 168 254 163 342 214 363 275
244 208 221 266 299 266 288 406 296 344 267 262 236 404 251 345 0 2
;
349 0 289 109 289 157 286 203 282 265 323 167 253 163 338 215 353 280
244 209 225 269 298 266 288 406 297 346 266 263 239 408 251 349 0 1
;
350 0 289 109 288 156 285 203 281 265 322 167 252 163 336 215 349 280
244 210 227 270 297 267 288 407 297 346 265 264 241 408 250 348 0 1
;
351 0 288 108 286 156 283 203 279 266 320 167 250 163 332 216 343 280
242 210 227 272 294 267 288 407 297 346 264 265 246 406 251 341 4 1
;
352 0 286 108 283 156 281 203 277 267 319 167 248 162 330 215 343 273
239 210 221 268 292 267 288 407 297 346 262 266 243 404 248 341 4 1
;
353 0 285 108 282 156 280 203 276 267 317 167 246 162 330 214 346 264
236 209 215 264 291 267 288 406 296 343 261 266 243 403 247 340 0 1
;
354 0 284 107 281 155 278 203 275 266 316 167 245 162 330 213 350 257
233 208 210 260 290 267 288 406 296 342 259 266 243 403 247 339 0 1
;
355 0 282 107 279 155 276 203 273 266 314 167 244 161 333 208 358 226
227 205 197 244 288 267 288 406 295 341 258 266 243 403 245 338 0 4
;
356 0 281 106 278 155 276 203 272 266 313 167 243 161 338 209 357 203
224 202 189 235 288 267 288 406 294 341 257 266 242 404 245 338 0 4
;
357 0 278 106 276 155 274 203 271 266 312 166 241 160 346 199 348 159
219 199 175 205 286 267 288 406 294 341 256 266 242 404 244 338 2 4
;
358 0 277 106 275 155 273 203 270 266 311 166 239 160 348 193 341 140
213 196 171 183 286 267 288 406 293 341 255 265 242 404 244 337 2 0
;
359 0 274 106 273 155 271 203 269 266 309 166 237 159 350 175 327 113
203 181 179 142 284 267 288 405 292 339 254 265 242 404 243 337 2 2
;
360 0 271 106 272 154 270 202 267 265 306 164 234 158 350 165 316 105
189 169 195 114 282 266 288 405 291 338 252 265 242 404 243 337 2 2
;
361 0 270 106 271 154 269 202 267 265 306 163 233 157 345 157 312 105
189 166 202 107 282 265 288 405 290 337 251 264 242 404 242 337 2 2
;
362 0 268 106 270 154 268 201 266 264 304 161 232 157 344 156 308 109
187 155 212 101 281 265 288 405 289 336 250 264 242 404 242 337 1 2
;
363 0 267 106 269 154 267 201 265 264 304 161 232 157 344 155 306 111
187 154 214 100 280 265 288 405 289 336 250 264 242 404 242 336 1 2
;
364 0 266 106 268 154 266 201 264 264 304 161 232 157 344 155 304 113
188 153 216 98 279 265 288 405 288 336 249 263 242 404 241 336 1 2
;
365 0 265 106 267 154 266 201 264 264 304 161 232 157 343 155 304 113
189 153 216 98 279 265 287 405 288 336 249 263 242 404 241 336 1 2
;
366 0 264 106 266 154 265 201 262 264 303 161 230 156 343 156 304 113
189 153 216 98 278 265 287 405 287 336 247 263 242 404 240 336 1 2
;
367 0 264 106 266 154 264 201 262 264 303 161 230 156 343 157 305 113
189 153 215 98 278 265 287 404 287 336 247 263 242 404 240 336 1 2
;
368 0 263 106 265 154 264 201 262 264 301 161 228 155 341 158 305 112
189 152 214 102 277 265 287 404 287 336 246 264 242 404 240 336 1 2
;
369 0 263 106 265 154 263 201 261 265 301 161 228 155 341 158 304 111
188 152 212 107 277 266 287 404 287 336 246 264 242 404 239 336 1 2
;
370 0 262 106 264 154 263 201 261 265 300 161 226 155 340 159 303 109
188 152 212 111 276 265 287 404 286 338 245 264 242 404 239 336 1 3
;
371 0 261 106 264 154 262 201 260 264 299 161 225 155 340 159 302 108
187 153 212 113 276 265 287 404 286 339 245 264 242 404 239 336 1 3
;
372 0 260 106 263 153 262 201 260 264 298 161 224 156 338 159 300 107
177 162 212 116 275 265 286 405 285 341 244 264 242 404 238 337 1 1
;
373 0 258 106 262 153 261 201 259 264 297 161 223 156 337 159 300 108
177 162 212 117 275 265 286 405 284 342 244 264 242 404 238 337 2 1
;
374 0 256 106 260 154 258 201 257 264 294 161 221 156 335 159 299 113
177 161 212 120 273 265 286 406 282 344 241 264 242 404 237 337 1 1
;
375 0 255 106 258 154 257 201 256 264 293 161 220 157 333 159 298 115
176 162 211 121 271 265 285 407 281 345 240 263 242 404 237 337 1 1
;
376 0 252 106 256 154 255 201 254 264 292 161 220 157 333 161 294 118
174 164 209 123 270 264 285 408 277 347 238 263 242 405 236 338 1 1
;
377 0 251 107 254 155 254 201 253 264 289 162 217 157 332 167 292 119
173 165 207 123 269 264 282 408 276 347 237 263 242 405 235 338 1 1
;
378 0 248 108 252 156 252 201 251 263 286 162 215 158 331 168 289 123
170 167 204 125 267 263 276 407 274 345 235 263 242 405 233 341 1 1
;
379 0 247 109 252 156 251 201 251 263 285 162 214 159 330 169 287 124
170 168 203 125 267 262 271 405 272 334 235 263 242 405 232 344 1 3
;
380 0 246 110 249 156 250 201 250 262 283 163 213 160 328 169 286 125
169 169 202 126 266 261 268 401 271 328 234 263 243 408 232 347 1 0
;
381 0 245 110 249 156 249 201 250 262 282 163 213 160 327 170 285 125
169 170 201 125 266 261 266 395 270 324 233 263 243 408 232 345 1 0
;
382 0 244 110 247 157 248 201 250 261 282 163 212 160 326 169 285 124
169 170 201 124 266 260 264 385 270 299 233 262 243 409 232 344 1 2
;
383 0 244 110 247 157 248 201 250 261 281 162 212 160 326 169 285 124
169 170 202 123 267 259 263 377 270 297 233 262 242 409 232 343 1 1
;
384 0 243 111 247 157 248 201 249 260 281 162 212 161 327 169 285 123
170 169 203 121 266 258 261 369 269 291 231 261 242 408 233 342 1 1
;
385 0 243 111 247 157 248 201 248 260 281 162 212 161 327 169 285 123
171 168 203 120 265 258 263 353 270 274 230 261 241 407 233 342 0 1
;
386 0 244 111 247 157 247 200 248 259 281 162 212 161 327 169 285 123
172 168 204 120 265 258 266 349 270 276 230 261 241 407 234 341 1 1
;
387 0 244 111 247 156 248 200 248 259 281 162 212 161 327 169 285 123
172 167 205 119 266 257 269 359 269 294 231 260 241 407 234 340 1 1
;
388 0 244 111 248 156 248 200 248 259 282 162 213 160 326 169 285 122
172 166 206 118 266 258 274 367 270 304 231 260 242 407 235 339 1 1
;
389 0 245 111 249 156 248 200 248 259 282 162 213 160 325 169 285 121
173 165 206 118 266 257 278 377 270 315 231 260 242 407 235 339 1 1
;
390 0 246 111 249 155 249 200 249 259 283 162 213 160 325 168 286 120
173 165 207 118 266 258 283 394 271 329 232 260 242 407 234 338 1 1
;
391 0 247 110 250 155 250 200 250 259 283 162 214 160 325 168 288 120
173 165 207 118 267 258 284 399 272 335 233 261 242 407 234 338 1 1
;
392 0 249 109 251 155 251 200 252 261 284 162 214 159 329 171 297 122
174 166 204 119 268 260 285 406 275 346 235 262 242 407 234 338 2 2
;
393 0 250 109 252 155 252 201 252 262 285 162 215 159 332 174 305 124
174 169 199 121 269 261 286 407 276 347 236 262 242 407 234 341 2 2
;
394 0 253 108 254 155 255 202 255 264 289 164 217 160 337 177 329 126
176 175 184 124 271 264 284 409 280 349 239 264 242 406 234 341 2 2
;
395 0 254 108 256 155 256 202 256 264 291 164 219 159 340 177 346 126
181 175 173 127 272 264 283 408 281 347 241 264 242 406 235 340 2 2
;
396 0 258 107 259 155 259 202 259 264 295 163 222 158 347 173 386 127
178 175 147 129 274 264 284 406 283 345 244 264 242 406 236 340 2 2
;
397 0 260 107 261 154 261 201 260 264 297 163 223 157 347 168 404 127
175 169 131 130 275 264 284 406 284 342 245 264 242 406 237 340 2 2
;
398 0 263 106 264 154 263 201 262 264 300 162 226 156 354 159 425 121
178 156 109 128 277 264 284 406 285 341 247 263 242 406 239 340 2 2
;
399 0 265 106 265 153 264 201 263 264 302 162 227 156 356 156 430 113
178 154 107 125 278 264 284 405 286 340 248 263 242 406 240 340 2 2
;
400 0 267 106 267 153 266 200 264 263 306 160 228 154 357 142 428 89
181 142 111 106 279 263 285 405 287 339 249 262 242 406 240 340 2 2
;
401 0 268 106 268 153 266 200 265 262 307 159 229 153 357 134 423 74
182 135 116 93 280 263 285 405 287 339 250 262 242 406 240 340 2 2
;
402 0 270 106 269 153 268 199 265 261 307 159 231 151 351 124 400 46
189 124 136 63 281 262 285 405 288 339 250 261 243 406 241 339 2 2
;
403 0 271 106 270 152 268 199 266 261 307 158 232 151 345 117 386 32
193 117 150 50 281 261 285 405 288 339 250 261 243 406 241 339 2 2
;
404 0 271 106 271 152 269 198 267 260 308 152 235 148 341 108 348 23
203 111 184 32 282 260 285 405 288 338 251 259 243 406 242 339 0 2
;
405 0 272 106 271 152 269 198 267 259 307 152 235 147 336 103 332 25
206 103 201 25 283 260 285 405 288 338 252 259 243 406 242 339 0 2
;
406 0 272 106 272 152 270 198 268 258 306 151 237 145 331 100 302 24
212 100 233 23 284 259 285 405 289 337 252 258 243 405 243 339 0 0
;
407 0 272 106 272 152 270 197 268 258 306 151 238 144 327 98 292 30
217 99 245 26 284 258 285 405 289 337 252 257 243 405 243 338 0 2;
408 0 272 107 272 152 270 196 268 255 305 150 238 144 320 96 278 31
222 96 256 31 284 255 285 405 289 336 251 254 243 405 243 338 1 1;
409 0 272 108 272 152 270 196 268 254 305 150 239 144 319 96 275 26
223 96 255 31 284 254 285 405 289 336 251 254 243 405 243 338 1 1;
410 0 272 108 272 152 270 196 268 254 304 150 239 144 320 96 290 26
223 96 247 26 285 254 285 405 289 337 251 254 243 406 243 338 1 1;
411 0 272 108 272 152 270 196 268 255 304 150 239 144 322 97 299 23
220 98 237 24 284 255 285 405 289 337 252 255 243 406 243 338 1 0;
412 0 272 108 272 152 271 196 268 256 304 150 239 144 330 101 324 23
212 97 211 25 284 257 285 405 289 337 252 256 243 405 243 338 0 0;
413 0 272 108 272 152 270 197 268 257 304 150 238 144 336 105 337 24
207 100 197 30 284 258 285 405 289 339 252 257 243 405 243 338 0 0
;
414 0 272 107 272 152 271 197 268 258 305 151 237 146 345 116 366 32
198 109 168 42 283 259 285 405 289 341 252 258 243 405 243 338 2 2
;
415 0 272 107 272 152 270 197 268 259 305 151 237 147 348 121 381 39
193 116 154 53 283 259 285 405 289 341 252 258 243 405 243 338 2 2
;
416 0 272 107 272 152 270 198 268 260 306 152 236 150 356 136 403 65
187 130 134 81 283 260 285 405 289 342 252 259 243 405 243 339 2 2
;
417 0 272 107 273 152 271 198 268 261 308 155 236 152 363 148 420 99
189 147 121 115 283 262 285 405 289 342 253 261 243 405 243 339 2 2
;
418 0 272 107 273 152 271 199 268 262 308 155 236 153 363 155 427 115
190 155 117 131 283 262 285 405 289 342 253 261 243 405 243 339 2 2
;
419 0 272 107 273 153 271 199 268 263 309 158 236 155 363 166 433 140
191 164 117 154 283 264 285 406 289 343 253 262 243 405 243 339 2 2
;
420 0 272 107 273 153 271 200 268 264 309 159 236 156 363 168 435 145
191 167 118 159 283 264 285 406 289 342 253 263 243 405 243 339 2 2
;
421 0 272 106 273 153 271 201 268 265 309 161 236 157 363 172 433 145
192 170 120 157 283 265 285 406 289 343 253 264 243 405 243 339 2 2
;
422 0 272 106 273 153 271 201 268 265 310 161 236 157 364 172 430 139
193 170 123 152 283 265 285 406 290 342 253 264 243 405 243 339 2 2
;
423 0 273 106 273 154 271 201 268 265 309 160 236 157 364 172 417 123
192 170 135 133 284 265 285 406 290 342 253 264 243 405 244 340 2 2
;
424 0 273 106 273 154 271 201 268 265 310 161 236 157 364 171 406 115
189 169 144 123 284 266 285 406 290 343 253 264 243 405 244 340 2 2
;
425 0 273 106 273 154 271 201 269 265 309 159 236 157 365 167 381 100
189 167 171 107 284 265 285 406 290 343 253 264 243 405 244 340 2 2
;
426 0 273 106 273 154 271 201 269 265 309 159 236 157 363 167 365 99
190 165 185 102 284 265 285 406 290 343 254 264 243 405 244 340 0 2
;
427 0 274 106 274 154 272 201 269 265 310 159 237 156 362 159 339 96
190 157 212 99 285 265 285 406 290 343 254 264 243 405 244 340 0 2
;
428 0 274 106 274 154 272 201 269 264 310 159 237 155 357 158 330 100
190 155 224 101 285 265 285 406 290 343 254 264 243 405 244 340 0 2
;
429 0 275 105 274 154 272 201 270 264 310 158 237 155 355 156 319 108
199 148 237 109 285 264 285 406 290 343 254 263 243 405 244 339 0 1
;
430 0 276 105 275 154 273 201 270 264 311 158 239 154 355 156 314 107
199 148 241 110 286 264 285 406 290 343 255 263 243 406 244 339 0 1
;
431 0 277 105 276 154 274 201 271 263 312 158 240 154 355 156 318 105
203 144 241 109 287 264 285 406 290 344 255 263 243 406 245 340 0 1
;
432 0 278 106 277 154 274 201 272 263 313 159 241 154 356 157 326 106
203 148 238 107 288 264 285 406 291 345 256 263 243 406 246 341 0 1
;
433 0 280 106 279 154 276 201 274 263 316 160 242 154 360 161 337 105
200 155 230 105 289 264 285 407 291 345 258 263 241 407 248 341 0 2
;
434 0 281 106 280 154 277 201 275 263 317 160 243 154 369 163 341 106
201 157 225 105 291 264 285 407 292 346 259 263 241 407 247 346 2 2
;
435 0 283 107 281 155 279 201 277 264 318 161 245 155 369 164 345 109
204 163 221 110 293 265 284 407 293 346 261 263 240 407 249 347 2 2
;
436 0 284 107 282 155 280 201 278 264 318 161 245 156 369 166 344 111
205 166 222 114 294 265 284 407 293 346 262 263 241 406 252 341 2 2
;
437 0 286 107 284 155 281 201 279 264 321 164 248 156 368 171 339 118
207 170 226 119 295 265 284 407 293 348 263 263 243 405 256 339 2 2
;
438 0 287 107 284 155 282 201 279 264 321 164 249 156 367 172 336 119
207 170 228 120 295 265 284 407 294 349 263 262 245 404 258 338 2 2
;
439 0 287 107 286 155 284 201 281 263 322 164 250 157 366 177 331 126
208 171 233 121 298 264 285 407 295 344 265 261 250 402 262 332 2 2
;
440 0 288 107 287 155 284 201 282 262 322 164 251 157 368 179 330 131
209 170 236 120 298 264 285 406 296 342 265 259 253 393 264 322 3 2
;
441 0 288 107 287 155 285 200 283 261 322 164 251 156 368 180 330 132
210 169 237 120 300 263 285 406 296 341 266 259 254 388 264 319 3 2
;
442 0 288 107 287 155 285 200 283 260 322 164 251 156 368 180 329 133
210 169 237 119 300 262 285 407 296 340 266 259 256 383 264 315 3 2
;
443 0 289 107 287 155 285 200 282 259 323 164 252 156 369 180 329 133
210 169 239 119 299 262 285 407 295 339 264 257 258 374 263 304 3 2
;
444 0 289 108 288 155 285 199 282 259 323 164 252 156 370 179 329 132
211 168 240 118 299 262 285 407 295 339 264 256 258 373 263 302 3 2
;
445 0 289 108 288 154 285 199 281 259 323 164 252 156 370 179 329 132
211 167 241 118 299 262 285 406 294 337 264 256 259 356 260 282 3 2
;
446 0 288 108 288 154 285 199 281 258 322 163 252 157 370 179 329 131
211 167 240 119 299 261 285 406 294 337 263 255 259 358 258 284 3 2
;
447 0 288 107 288 154 285 199 280 258 321 163 252 157 362 173 329 131
210 167 240 120 298 261 285 406 294 337 263 255 256 369 254 298 3 2
;
448 0 288 107 288 154 284 199 278 259 322 163 252 157 369 178 329 131
208 168 239 122 296 262 283 405 281 331 261 256 254 378 252 305 3 3
;
449 0 288 107 287 154 284 199 278 259 321 162 252 157 369 178 329 130
208 168 239 122 295 262 284 405 282 331 261 256 251 385 250 315 3 3
;
450 0 287 107 287 154 284 199 278 259 321 162 252 157 369 178 329 130
207 168 238 124 295 262 284 407 294 338 261 257 248 396 249 330 3 3
;
451 0 287 107 287 154 283 199 278 260 321 162 251 157 369 178 329 130
206 168 237 124 295 263 285 407 294 340 262 257 246 402 248 335 3 3
;
452 0 285 106 285 154 282 200 278 261 320 162 250 157 369 179 328 130
204 169 235 125 294 263 285 407 294 340 261 259 246 402 250 344 3 3
;
453 0 285 106 284 154 281 200 277 262 320 162 249 157 368 179 328 130
203 169 233 125 294 264 285 407 294 340 261 261 246 406 250 344 3 3
;
454 0 282 106 282 154 280 201 276 264 319 162 247 157 366 179 326 130
200 171 229 126 292 265 285 407 294 341 260 263 249 408 250 342 3 3
;
455 0 281 106 281 155 278 202 275 265 318 163 245 158 364 179 325 131
199 172 228 126 291 266 285 407 294 341 259 264 249 407 250 339 3 3
;
456 0 279 106 278 154 276 202 273 265 315 162 243 158 362 180 323 131
197 174 223 127 289 266 285 407 293 342 257 265 249 405 249 338 3 3
;
457 0 277 105 277 154 275 202 272 265 314 162 243 158 361 180 323 130
196 175 221 128 288 266 285 407 293 342 257 265 249 404 249 337 3 3
;
458 0 275 105 275 154 274 202 271 266 312 162 240 158 358 179 322 128
195 177 218 129 287 266 285 407 292 343 256 265 249 405 248 338 3 3
;
459 0 274 105 275 154 273 202 271 266 311 162 239 158 358 179 322 127
194 178 215 130 287 266 285 407 291 341 255 265 249 405 248 338 3 3
;
460 0 272 105 273 154 272 202 270 266 309 163 236 158 357 179 329 125
193 180 205 132 286 266 285 406 291 340 254 265 249 405 248 339 3 3
;
461 0 271 105 272 154 271 202 269 266 309 163 235 158 357 179 337 124
192 181 196 132 285 267 285 406 290 343 254 266 249 405 247 339 3 3
;
462 0 269 105 271 154 270 202 269 266 307 163 234 158 357 176 361 123
191 180 173 132 284 266 285 406 290 342 253 266 249 404 247 339 3 3
;
463 0 268 105 270 154 269 202 268 266 306 163 233 158 357 176 375 125
190 178 160 134 284 266 285 406 290 343 253 266 249 404 247 339 2 3
;
464 0 267 105 269 154 269 202 267 266 305 162 232 158 358 173 404 134
186 173 133 140 283 266 285 406 289 343 252 266 249 404 246 339 2 3
;
465 0 266 105 269 153 268 202 267 266 305 162 231 158 358 172 417 141
184 170 122 145 282 266 285 406 289 344 252 265 249 404 246 339 2 2
;
466 0 265 105 268 153 267 201 266 266 304 162 230 157 359 170 432 153
181 167 112 155 282 266 285 406 288 342 251 265 249 404 246 339 2 2
;
467 0 265 105 268 153 267 201 266 266 304 162 229 157 358 170 436 157
180 166 110 159 281 266 285 406 288 341 251 265 249 404 245 339 2 2
;
468 0 265 105 267 153 266 201 265 266 303 162 228 157 358 169 438 161
180 166 112 164 281 266 284 406 287 343 250 265 249 404 245 339 2 2
;
469 0 264 105 267 153 266 201 265 266 303 162 228 157 357 169 438 160
180 166 112 162 280 266 284 406 287 342 250 265 249 404 245 339 2 2
;
470 0 264 105 267 153 266 201 264 266 302 161 227 157 358 170 433 149
180 166 118 153 280 266 284 406 287 341 249 265 248 404 244 339 2 2
;
471 0 263 105 266 153 265 201 264 266 302 161 227 157 358 170 426 141
182 167 125 147 280 266 284 406 287 341 249 265 248 404 244 339 2 2
;
472 0 263 104 266 153 265 201 264 266 302 161 227 157 355 173 403 125
182 169 136 127 279 266 284 406 287 340 248 265 248 404 244 339 2 2
;
473 0 262 104 266 153 265 201 263 266 302 161 227 157 354 174 391 118
182 170 147 120 279 266 284 406 287 340 248 265 248 404 244 339 2 2
;
474 0 262 104 266 153 265 201 263 266 302 161 227 156 353 172 364 106
183 168 171 108 278 266 284 406 287 340 248 265 248 404 244 340 2 2
;
475 0 262 104 266 153 265 201 263 266 302 161 227 156 352 170 351 102
184 166 184 104 278 266 284 406 286 342 247 265 248 404 243 339 2 2
;
476 0 262 105 266 153 264 201 262 265 302 161 227 155 352 165 327 103
185 160 207 104 278 266 284 406 286 341 247 265 248 404 243 339 0 2
;
477 0 262 105 266 153 264 201 262 265 302 161 227 155 352 164 318 107
185 157 217 107 278 266 284 406 286 340 247 265 248 404 243 339 0 2
;
478 0 262 105 266 153 265 201 262 265 302 160 228 154 345 157 291 106
185 157 228 112 278 265 284 406 286 338 247 264 248 404 243 339 0 1
;
479 0 262 105 266 153 265 201 263 264 302 160 228 154 344 157 289 106
185 157 228 112 278 265 284 406 286 338 247 264 248 404 243 338 1 1
;
480 0 262 104 266 153 265 201 262 264 302 160 229 153 344 157 293 104
185 156 224 108 278 265 284 406 286 338 247 263 248 404 243 338 1 1
;
481 0 263 105 266 153 265 201 262 264 302 160 229 153 344 157 322 124
185 155 220 106 278 265 284 406 286 338 247 263 248 404 243 338 1 1
;
482 0 263 105 266 153 265 201 262 264 302 160 228 153 347 160 322 106
185 155 212 101 278 265 284 406 286 340 247 263 248 404 243 338 0 2
;
483 0 263 105 266 153 265 201 262 264 302 160 228 153 347 162 327 105
188 157 206 102 278 265 284 406 286 340 247 264 248 404 243 338 2 2
;
484 0 263 105 266 153 265 201 262 265 303 161 228 154 351 165 334 105
187 160 198 104 278 265 284 406 286 342 247 264 248 404 243 338 2 2
;
485 0 263 105 266 153 265 201 262 265 303 162 228 154 351 166 335 106
186 162 196 106 278 265 284 406 286 341 247 264 248 404 243 338 2 2
;
486 0 263 104 266 153 265 201 262 265 303 162 228 154 349 171 329 113
186 165 196 110 278 266 284 406 286 342 247 265 248 404 243 339 2 2
;
487 0 263 104 266 153 265 201 262 265 303 163 228 154 348 175 325 119
187 166 197 112 278 266 284 405 286 341 247 265 248 404 243 339 2 2
;
488 0 264 104 266 153 265 201 263 266 303 163 228 155 348 180 317 130
187 168 200 116 278 266 284 405 286 341 247 265 248 404 243 339 3 2
;
489 0 264 104 266 153 265 201 263 266 303 163 228 155 349 182 315 133
187 169 202 117 278 266 284 405 286 342 247 265 248 404 243 339 3 2
;
490 0 264 104 266 153 265 201 263 266 303 162 228 155 349 182 313 135
187 170 206 119 278 266 284 405 286 340 247 265 248 404 243 339 1 2
;
491 0 264 104 266 153 265 201 263 266 303 162 228 155 349 182 313 135
187 171 207 119 279 266 284 405 286 340 247 265 248 404 243 339 3 2
;
492 0 264 104 266 154 265 201 263 265 303 162 228 156 349 182 312 135
188 171 210 118 279 266 284 405 286 339 247 265 248 404 243 339 3 2
;
493 0 264 104 266 154 265 201 263 265 302 162 228 156 349 181 312 134
188 171 212 118 279 266 284 405 286 339 247 265 248 404 243 339 3 2
;
494 0 264 104 266 153 265 201 263 265 302 162 228 156 348 181 311 133
187 171 213 121 279 266 284 405 286 339 247 265 248 404 243 339 3 2
;
495 0 264 104 266 153 265 201 263 265 302 162 228 156 348 180 310 132
187 172 213 123 279 266 284 405 286 339 247 265 248 404 243 339 3 2
;
496 0 263 104 266 153 265 201 263 265 302 162 229 157 348 179 310 131
186 173 214 126 279 266 284 406 286 338 247 265 248 404 243 339 2 3
;
497 0 263 104 266 153 265 201 263 265 302 161 229 157 347 179 310 130
185 174 213 127 279 266 284 405 286 339 247 265 248 404 243 339 2 3
;
498 0 263 104 266 153 265 201 263 265 302 161 229 157 347 179 310 130
185 174 212 128 279 266 284 405 286 339 247 265 248 404 243 339 2 3
;
499 0 263 104 266 153 265 201 263 265 302 161 229 157 347 179 310 130
185 174 211 128 279 266 284 405 286 339 247 265 248 404 243 339 2 3
;
500 0 263 104 266 153 265 201 263 265 302 161 229 157 347 179 310 130
185 175 210 129 279 266 284 406 286 339 247 265 248 404 243 339 2 3
;
501 0 263 104 266 153 265 201 263 265 302 161 229 157 347 179 311 129
184 176 210 129 279 266 284 406 286 338 247 265 248 404 243 339 2 3
;
502 0 263 104 266 153 265 201 263 265 302 161 229 157 347 179 311 129
184 176 210 129 279 266 284 406 286 338 247 265 248 404 243 339 2 3
;
503 0 263 104 266 153 265 201 263 265 302 161 230 157 346 179 310 127
184 175 210 127 279 266 284 406 286 338 247 265 248 404 243 339 2 3
;
504 0 263 104 266 153 265 201 263 265 302 161 230 157 345 179 310 125
184 175 211 126 279 266 284 405 286 338 247 265 248 404 243 339 2 3
;
505 0 263 104 267 154 265 201 263 265 302 162 230 157 345 178 310 123
185 174 211 125 279 266 284 406 286 338 247 265 248 404 243 339 2 3
;
506 0 264 104 267 154 265 201 263 266 302 162 230 157 345 174 311 118
185 173 211 121 279 266 284 406 286 338 247 265 248 404 243 339 2 2
;
507 0 264 105 267 154 265 202 263 266 303 162 229 157 347 160 315 105
187 166 211 111 279 266 284 405 286 338 247 265 248 404 243 339 2 2
;
508 0 265 105 267 154 265 202 263 265 303 161 229 156 349 155 316 97
184 159 210 104 279 266 284 405 286 340 247 265 248 404 243 339 2 2
;
509 0 265 105 269 154 266 201 263 265 306 161 230 156 350 135 316 72
187 140 210 81 279 266 284 406 286 340 248 265 248 404 243 339 2 2
;
510 0 266 105 269 154 266 201 264 265 306 160 230 155 347 126 315 58
186 126 211 67 280 265 284 406 286 340 248 264 248 404 243 339 2 2
;
511 0 266 106 269 153 267 200 264 263 306 156 231 152 338 109 310 35
200 108 217 38 280 263 284 405 287 339 249 263 248 404 243 339 2 2
;
512 0 266 106 269 153 267 199 264 261 303 152 232 146 333 104 306 30
202 102 221 26 280 261 284 406 287 338 249 261 248 404 243 339 2 2
;
513 0 267 106 269 152 267 197 265 258 301 149 234 142 322 96 296 21
213 97 232 20 281 258 284 405 287 336 249 257 248 404 243 338 0 0;
514 0 267 105 269 152 267 197 265 256 301 149 234 141 318 94 291 22
217 96 240 21 281 256 284 406 286 336 249 255 248 404 244 338 0 0;
515 0 267 106 270 151 268 195 265 252 300 148 235 141 307 91 279 21
222 93 254 22 281 252 284 406 286 335 248 252 248 404 244 338 1 1;
516 0 267 107 270 151 268 194 264 251 300 147 235 140 307 90 275 18
224 93 255 26 281 251 284 405 286 335 248 250 248 404 244 337 1 1;
517 0 267 107 270 151 268 193 264 249 300 146 235 140 306 89 280 19
225 93 253 26 281 250 284 405 286 335 247 249 248 404 244 336 1 1;
518 0 267 107 271 151 268 193 264 249 300 146 235 140 307 89 285 19
225 91 251 21 281 250 284 406 286 335 248 249 248 404 244 336 1 1;
519 0 267 107 271 151 268 193 265 250 300 146 235 140 313 91 301 19
223 93 234 19 281 250 284 406 286 335 248 250 248 404 244 337 0 0;
520 0 267 106 271 151 268 194 265 252 300 146 235 140 316 93 310 19
221 92 223 19 281 252 284 406 286 335 249 252 248 404 244 337 0 0;
521 0 267 106 270 151 268 194 265 255 300 147 235 140 325 98 333 17
211 96 198 22 281 255 284 406 286 335 249 255 249 404 244 337 0 0;
522 0 267 106 270 151 267 195 264 255 300 147 234 140 330 102 345 23
205 96 184 26 280 256 284 406 286 335 249 255 248 404 244 337 0 0;
523 0 267 106 269 151 267 195 264 257 300 148 234 141 337 110 375 26
196 103 158 39 280 257 284 406 287 339 249 256 248 404 244 337 0 2
;
524 0 267 106 269 151 267 196 264 258 301 150 233 144 342 115 388 36
193 114 147 49 280 258 284 406 287 339 249 257 248 404 244 338 0 2
;
525 0 266 106 269 151 267 197 264 259 301 151 232 146 348 125 408 60
189 127 136 80 279 259 284 406 287 341 249 259 248 404 244 338 2 2
;
526 0 266 105 269 151 267 197 264 260 302 152 231 147 351 132 419 72
187 131 128 92 279 260 284 406 287 341 249 259 248 404 243 338 2 2
;
527 0 266 105 269 151 267 198 264 261 302 154 231 149 355 142 427 103
185 143 122 120 279 261 284 406 287 340 249 261 248 404 243 339 2 2
;
528 0 265 105 269 151 267 198 264 261 302 153 230 150 355 148 434 114
183 148 122 133 279 261 284 406 287 340 249 261 248 404 243 339 2 2
;
529 0 265 105 269 152 267 199 264 262 302 156 230 152 352 158 443 136
184 160 125 157 279 263 284 406 287 342 249 262 248 404 243 339 2 2
;
530 0 265 105 268 152 266 199 264 263 302 156 230 152 351 163 444 146
187 166 120 166 279 263 284 406 287 341 249 263 248 404 243 339 2 2
;
531 0 264 105 268 152 266 200 264 264 302 158 230 155 350 173 442 168
190 178 133 186 279 265 284 406 287 341 248 264 248 404 243 340 2 2
;
532 0 264 105 268 153 266 201 264 265 302 160 230 156 349 179 438 181
193 183 134 197 279 266 284 406 287 341 248 265 248 404 243 340 2 2
;
533 0 264 105 268 153 266 202 263 267 301 162 229 158 347 191 421 209
199 194 141 218 279 267 284 406 287 340 248 266 248 404 243 340 2 2
;
534 0 263 105 267 153 266 202 263 267 301 162 229 159 345 195 413 224
202 198 147 230 279 268 284 406 287 340 248 267 248 404 243 341 2 2
;
535 0 263 105 267 154 265 202 263 268 301 163 230 161 339 201 392 250
209 203 164 251 279 268 284 406 287 340 248 268 248 404 243 341 2 2
;
536 0 263 105 267 154 265 203 263 268 301 163 230 161 335 204 382 261
212 205 175 258 279 268 284 406 287 344 248 268 248 404 243 341 2 2
;
