321 0 259 111 260 156 259 201 257 262 292 163 224 159 332 179 297 131
187 172 218 123 273 262 282 393 281 330 241 261 230 399 232 332 1 1
;
322 0 259 111 260 156 259 201 257 262 292 163 224 159 332 179 297 131
187 172 218 123 273 262 282 393 281 330 241 261 230 400 232 333 1 1
;
323 0 259 111 260 156 259 201 257 262 292 163 224 159 332 179 297 131
187 172 218 123 273 262 282 393 281 330 241 261 230 399 232 332 1 1
;
324 0 259 111 260 156 259 201 257 262 292 163 224 159 332 179 297 130
187 172 218 123 273 262 282 393 281 330 241 261 230 399 232 332 1 1
;
325 0 259 111 260 156 259 201 257 262 292 163 224 159 332 179 297 130
187 172 218 123 273 262 282 393 281 330 241 261 230 399 232 332 1 1
;
326 0 259 111 260 156 259 201 257 262 292 163 224 159 332 179 297 131
187 172 218 123 273 262 282 393 281 330 241 261 230 399 232 332 1 1
;
327 0 259 111 260 156 259 201 257 262 292 163 224 159 332 179 297 131
187 172 218 123 273 262 281 393 281 330 241 261 230 400 232 332 1 1
;
328 0 259 111 260 156 259 201 257 262 292 163 224 159 332 180 298 131
187 172 218 122 273 262 282 393 281 330 241 261 230 400 232 333 1 1
;
329 0 259 111 260 156 259 201 257 262 292 163 224 159 332 180 297 131
187 172 218 122 273 262 282 393 281 330 241 261 230 399 232 332 1 2
;
330 0 259 111 260 156 259 201 257 262 292 163 224 159 332 180 297 131
187 172 218 123 273 262 282 393 281 330 241 261 230 399 232 332 1 2
;
331 0 259 111 260 156 259 201 257 262 292 163 224 159 332 180 297 131
187 172 218 123 273 262 282 393 281 330 241 261 230 399 232 332 1 2
;
332 0 259 111 260 156 259 201 257 262 292 163 224 159 332 179 297 131
187 172 218 124 273 262 282 393 281 330 241 261 230 399 232 332 1 2
;
333 0 259 111 260 156 259 201 257 262 292 163 224 159 332 179 297 131
187 172 218 124 273 262 282 393 281 330 241 261 230 399 232 332 1 2
;
334 0 259 111 260 156 259 201 257 262 292 163 225 160 332 179 297 131
186 172 219 125 273 262 282 393 281 330 241 261 230 399 232 332 1 2
;
335 0 259 111 260 156 259 201 257 262 292 163 225 160 332 179 297 131
186 172 219 125 273 262 282 393 281 330 241 261 230 399 232 332 1 2
;
336 0 259 111 260 156 259 201 257 262 292 163 224 160 332 179 297 130
186 172 220 125 273 262 282 393 281 330 241 261 230 400 232 332 1 2
;
337 0 259 111 260 156 259 201 257 262 292 163 224 159 332 179 297 130
185 164 219 125 273 262 282 393 281 330 241 261 230 400 232 332 1 2
;
338 0 259 111 260 156 259 201 257 262 292 163 224 159 332 179 297 131
186 173 220 125 273 262 282 393 281 330 241 261 230 400 232 332 1 2
;
339 0 259 111 260 156 259 201 257 262 292 163 224 159 332 179 297 131
186 173 220 125 273 262 282 393 281 330 241 261 230 401 232 332 1 2
;
340 0 259 111 260 156 259 201 257 262 292 163 224 159 332 180 297 130
186 173 220 125 273 262 282 393 281 330 241 261 230 400 232 332 1 2
;
341 0 259 111 260 156 259 201 257 262 292 163 224 160 332 180 297 131
186 173 219 125 273 262 282 393 281 330 241 261 230 400 232 332 1 2
;
342 0 259 111 260 156 259 201 257 262 292 163 224 160 332 180 297 131
186 173 220 125 273 262 282 393 281 330 241 261 230 399 232 332 1 2
;
343 0 259 111 260 156 259 201 257 262 292 163 224 159 332 180 297 131
186 173 220 125 273 262 282 393 281 330 241 261 230 399 232 332 1 2
;
344 0 259 111 260 156 259 201 257 262 292 163 224 160 332 180 297 131
185 172 220 125 273 262 282 393 281 330 241 261 230 400 232 332 1 2
;
345 0 259 111 260 156 259 201 257 262 292 163 224 160 332 180 297 131
185 172 219 125 273 262 281 393 281 330 241 261 230 400 232 332 1 2
;
346 0 259 111 260 156 259 201 257 262 292 163 224 159 332 180 297 130
186 172 219 125 273 262 282 393 281 330 241 261 230 400 232 332 1 2
;
347 0 259 111 260 156 259 201 257 262 292 163 224 160 332 180 297 131
185 165 219 125 273 262 282 393 281 330 241 261 230 400 232 332 2 2
;
348 0 259 111 260 156 259 201 257 262 292 163 224 160 332 180 297 130
185 173 219 125 273 262 282 393 281 330 241 261 230 399 232 332 2 2
;
349 0 259 111 260 156 259 201 257 262 292 163 224 160 332 180 297 131
185 164 219 125 273 262 282 393 281 330 241 261 230 399 232 332 2 2
;
350 0 259 111 260 156 259 201 257 262 292 163 224 160 332 180 297 131
186 173 219 125 273 262 282 393 281 330 241 261 230 399 232 332 2 2
;
351 0 259 111 260 156 259 201 257 262 292 163 224 160 332 180 297 131
186 173 219 125 273 262 282 393 281 330 241 261 230 399 232 332 2 2
;
352 0 259 111 260 156 259 201 257 262 292 163 224 160 332 180 297 131
186 173 219 125 273 262 282 393 281 330 241 261 230 399 232 332 2 2
;
353 0 259 111 260 156 259 201 257 262 292 163 224 160 332 180 297 131
186 173 219 125 273 262 282 393 281 330 241 261 230 399 232 332 2 2
;
354 0 259 111 260 156 259 201 257 262 292 163 224 160 332 180 297 131
186 173 219 125 273 262 282 393 281 330 241 261 230 399 232 332 2 2
;
355 0 259 111 260 156 259 201 257 262 292 163 224 160 332 180 297 131
186 173 219 125 273 262 282 393 281 330 241 261 230 399 232 332 2 2
;
356 0 259 111 260 156 259 201 257 262 292 163 224 160 332 180 297 131
186 173 219 125 273 262 282 393 281 330 241 261 230 399 232 332 2 2
;
357 0 259 111 260 156 259 201 257 262 292 163 224 160 332 180 297 131
186 173 219 125 273 262 282 393 281 330 241 261 230 399 232 332 2 2
;
358 0 259 111 260 156 259 201 257 262 292 163 225 160 329 177 297 131
185 174 218 127 273 262 282 393 281 330 241 261 230 399 232 332 2 2
;
359 0 259 111 260 156 259 201 257 262 292 163 225 159 331 179 297 131
183 174 217 130 273 262 282 393 281 330 241 261 230 399 232 333 1 2
;
360 0 259 111 260 156 259 201 257 262 292 163 225 159 331 179 297 131
181 176 214 132 273 262 282 393 281 330 241 261 230 399 232 333 1 0
;
361 0 259 111 260 156 259 201 257 262 292 163 225 159 331 179 297 131
180 176 212 133 273 262 282 393 281 330 241 261 230 399 232 333 1 3
;
362 0 259 111 260 156 259 201 257 262 292 163 225 159 331 179 297 131
180 176 212 134 273 263 282 393 281 330 241 261 230 399 232 333 1 3
;
363 0 259 111 260 156 259 201 257 262 292 163 225 159 331 179 297 131
180 177 212 134 273 263 282 393 281 330 241 261 230 399 232 333 1 3
;
364 0 259 111 260 156 259 201 257 262 292 163 225 159 332 180 297 131
179 177 212 134 273 263 282 393 281 330 241 262 230 399 232 333 1 3
;
365 0 259 111 260 156 259 201 257 262 292 163 225 159 332 181 297 131
179 177 212 134 273 263 282 393 281 330 241 262 230 399 232 333 1 3
;
366 0 259 111 260 156 259 201 257 262 292 163 225 159 332 180 297 131
179 177 213 133 273 263 282 393 281 330 241 262 230 400 232 334 1 3
;
367 0 259 111 260 156 259 201 257 262 292 163 225 159 332 180 297 131
180 177 215 131 273 263 282 393 281 330 241 262 230 400 232 334 1 2
;
368 0 259 111 260 156 259 201 257 262 292 163 225 159 332 180 297 131
181 176 217 131 273 263 282 393 281 330 241 261 230 400 232 334 1 2
;
369 0 259 111 260 156 259 201 257 262 292 163 225 159 332 180 297 131
183 174 219 128 273 263 281 393 281 330 241 261 230 400 232 333 1 2
;
370 0 259 111 260 156 259 201 257 262 292 163 224 159 335 183 297 129
184 173 219 127 273 262 281 393 281 330 241 261 230 400 232 333 1 2
;
371 0 259 111 260 156 259 201 257 262 292 163 224 159 333 181 297 131
186 164 220 126 273 262 282 393 281 330 241 261 230 400 232 333 1 2
;
372 0 259 111 260 156 259 201 257 262 292 163 224 159 333 180 297 130
185 172 220 126 273 262 282 393 281 330 241 261 230 399 232 333 1 2
;
373 0 259 111 260 156 259 201 257 262 292 163 224 159 333 180 297 131
185 172 220 125 273 262 282 393 281 330 241 261 230 399 232 333 1 2
;
374 0 259 111 260 156 259 201 257 262 292 163 224 159 333 180 297 131
185 172 220 125 273 262 282 393 281 330 241 261 231 399 232 333 1 2
;
375 0 259 111 260 156 259 201 257 262 292 163 224 159 333 180 297 130
185 172 220 125 273 262 282 393 281 330 241 261 231 399 232 333 0 2
;
376 0 259 111 260 156 259 201 257 262 292 163 224 159 329 177 297 131
185 172 220 125 273 262 282 393 281 330 241 261 231 399 232 333 1 2
;
377 0 259 111 260 156 259 201 257 262 292 163 224 159 331 179 297 131
185 172 220 125 273 262 282 393 281 330 241 261 231 399 232 332 1 2
;
378 0 259 111 260 156 259 201 257 262 292 163 224 159 332 179 297 131
185 164 221 126 273 262 282 393 281 330 241 261 231 399 232 332 1 2
;
379 0 259 111 260 156 259 201 257 261 292 163 224 159 332 179 297 131
185 173 220 125 273 262 282 393 281 330 241 261 230 399 232 332 1 2
;
380 0 259 111 260 156 259 201 257 261 292 163 224 159 332 179 297 131
185 164 220 125 273 262 282 393 281 330 241 261 230 399 232 332 1 2
;
381 0 259 111 260 156 259 201 257 261 292 163 224 159 332 180 298 131
186 172 220 125 273 262 282 393 281 330 241 261 230 399 232 332 1 2
;
382 0 259 111 260 156 259 201 257 261 292 163 224 159 332 180 298 131
186 172 220 125 273 262 282 393 281 330 241 261 230 399 232 332 1 2
;
383 0 259 111 260 156 259 201 257 261 292 163 224 159 333 181 298 131
186 172 220 125 273 262 282 393 281 330 241 261 230 399 232 332 1 2
;
384 0 259 111 260 156 259 201 257 261 292 163 224 159 333 181 298 131
185 164 221 125 273 262 282 393 281 329 241 261 230 399 232 332 1 2
;
385 0 259 111 260 156 259 201 257 261 292 163 224 159 333 181 298 131
185 172 221 125 273 262 282 393 281 329 241 261 230 399 232 332 1 2
;
386 0 259 111 260 156 259 201 257 261 292 163 224 159 333 181 298 131
186 172 220 125 273 262 282 393 281 329 241 261 230 399 232 332 1 2
;
387 0 259 111 260 156 259 201 257 261 292 163 224 159 333 181 298 132
186 172 221 125 273 262 282 393 281 329 241 261 231 399 232 332 1 2
;
388 0 260 111 260 156 259 201 257 261 292 163 223 159 333 181 298 132
186 172 221 125 273 262 282 393 281 329 241 261 231 399 232 332 1 2
;
389 0 260 111 260 156 259 201 257 261 292 163 223 159 333 181 298 132
185 164 221 125 273 262 282 393 281 330 241 261 230 400 232 332 1 2
;
390 0 260 111 260 156 259 201 257 261 292 163 223 159 333 181 298 132
185 164 222 124 273 262 282 393 281 330 241 261 230 400 232 332 1 2
;
391 0 260 111 261 156 259 201 257 261 292 163 223 159 333 181 298 132
186 172 221 125 273 262 282 393 281 330 241 261 230 400 232 332 1 2
;
392 0 260 111 261 156 259 201 257 261 292 163 223 159 333 181 298 132
185 164 221 125 273 262 282 393 281 330 241 261 230 400 232 332 1 2
;
393 0 260 111 261 156 259 201 257 261 292 163 223 159 333 181 298 131
186 172 221 125 273 262 282 393 281 330 241 261 230 400 232 332 1 2
;
394 0 260 111 261 156 259 201 257 261 292 163 223 159 333 181 298 131
186 172 221 125 273 262 282 393 281 330 241 261 230 400 232 332 1 2
;
395 0 260 111 261 156 259 201 257 261 292 163 223 159 333 181 298 131
185 164 221 125 273 262 282 393 281 330 241 261 230 400 232 332 1 2
;
396 0 260 111 261 156 259 201 257 261 292 163 223 159 333 180 298 131
186 172 220 125 273 262 282 393 281 330 241 261 230 400 232 332 1 2
;
397 0 260 111 261 156 259 201 257 261 292 163 223 159 333 180 298 131
186 172 220 125 273 262 282 393 281 330 241 261 230 400 232 332 1 2
;
398 0 260 111 261 156 259 201 257 261 292 163 223 159 332 180 298 131
186 172 221 124 273 262 282 393 281 330 241 261 230 400 232 332 1 2
;
399 0 260 111 261 156 259 201 257 261 292 163 224 159 332 180 298 131
186 172 221 124 273 262 282 393 281 330 241 261 230 399 232 332 1 2
;
400 0 260 111 261 156 259 201 257 261 292 163 224 159 332 180 298 131
186 172 221 124 273 262 282 393 281 330 241 261 230 399 232 332 1 2
;
401 0 260 111 261 156 259 201 257 261 292 163 224 159 333 181 298 131
186 172 221 124 273 262 282 393 281 330 241 261 230 400 232 332 1 2
;
402 0 260 111 261 156 259 201 257 261 292 163 224 159 332 181 298 131
186 172 221 124 273 262 282 393 281 330 241 261 230 400 232 332 1 2
;
403 0 260 111 261 156 259 201 257 261 292 163 224 159 333 181 298 131
186 172 220 124 273 262 282 393 281 330 241 261 230 400 232 332 1 2
;
404 0 260 111 260 156 259 201 257 261 292 163 224 159 333 181 298 131
186 172 220 125 273 262 282 393 281 330 241 261 230 399 232 332 1 2
;
405 0 260 111 260 156 259 201 257 261 292 163 224 159 333 181 298 131
185 172 220 124 273 262 282 393 281 330 241 261 230 399 232 332 1 2
;
406 0 260 111 260 156 259 201 257 261 292 163 224 159 333 181 298 131
185 172 220 124 273 262 282 393 281 330 241 261 230 399 232 332 1 2
;
407 0 260 111 260 156 259 201 257 261 292 163 224 159 332 181 298 131
185 164 221 124 273 262 282 393 281 330 241 261 230 399 232 332 1 2
;
408 0 259 111 260 156 259 201 257 261 292 163 224 159 332 180 298 131
185 164 221 124 273 262 282 393 281 330 241 261 230 399 232 332 1 2
;
409 0 259 111 260 156 259 201 257 261 292 163 224 159 332 180 297 131
186 172 220 125 273 262 282 393 281 330 241 261 231 399 232 332 1 2
;
410 0 259 111 260 156 259 201 257 261 292 163 224 159 332 180 297 131
185 164 220 125 273 262 282 393 281 330 241 261 230 399 232 332 1 2
;
411 0 259 111 260 156 259 201 257 261 292 163 224 159 332 180 297 131
185 172 220 125 273 262 282 393 281 330 241 261 231 399 232 332 1 2
;
412 0 259 111 260 156 259 201 257 261 292 163 224 159 332 180 297 131
185 172 220 125 273 262 282 393 281 330 241 261 231 399 232 332 1 2
;
413 0 259 111 260 156 259 201 257 261 292 163 224 159 332 180 297 130
185 172 220 125 273 262 282 393 281 330 241 261 231 399 232 332 1 2
;
414 0 259 111 260 156 259 201 257 261 292 163 224 159 332 180 297 131
185 172 220 125 273 262 282 393 281 330 241 261 230 399 232 332 1 2
;
415 0 259 111 260 156 259 201 257 261 292 163 224 159 332 180 297 130
185 172 220 125 273 262 282 393 281 330 241 261 230 399 232 332 1 2
;
416 0 259 111 260 156 259 201 257 261 292 163 224 159 332 180 297 130
185 172 220 125 273 262 282 393 281 330 241 261 230 399 232 332 1 2
;
417 0 259 111 260 156 259 201 257 261 292 163 224 159 332 180 297 130
185 172 220 125 273 262 282 393 281 330 241 261 231 399 232 332 1 2
;
418 0 259 111 260 156 259 201 257 261 292 163 224 159 332 180 297 130
185 172 220 125 273 262 282 393 281 330 241 261 231 399 232 332 1 2
;
419 0 259 111 260 156 259 201 257 261 292 163 224 159 332 180 297 130
185 164 220 125 273 262 282 393 281 330 241 261 231 399 232 332 1 2
;
420 0 259 111 260 156 259 201 257 261 292 163 224 159 332 180 297 130
185 172 220 125 273 262 282 393 281 330 241 261 231 399 232 332 1 2
;
421 0 259 111 260 156 259 201 257 261 292 163 224 159 332 180 296 130
185 172 220 125 273 262 282 393 281 330 241 261 231 399 232 332 1 2
;
422 0 259 111 260 156 259 201 257 261 292 163 224 159 332 180 297 130
185 172 220 125 273 262 282 393 281 330 241 261 230 399 232 332 1 2
;
423 0 259 111 260 156 259 201 257 261 292 163 224 159 332 179 297 130
185 172 220 125 273 262 282 393 281 330 241 261 231 399 232 332 1 2
;
424 0 259 111 260 156 259 201 257 261 292 163 224 159 332 179 297 130
185 172 219 125 273 262 282 393 281 330 241 261 230 399 232 332 1 2
;
425 0 259 111 260 156 259 201 257 261 292 163 224 159 332 180 297 131
185 172 219 125 273 262 282 393 281 330 241 261 230 399 232 332 1 2
;
426 0 259 111 260 156 259 201 257 261 292 163 224 159 332 180 297 131
185 172 219 125 273 262 282 393 281 330 241 261 230 399 232 332 1 2
;
427 0 259 111 260 156 259 201 257 261 292 163 224 159 332 180 297 131
185 172 219 125 273 262 282 393 281 329 241 261 230 400 232 332 1 2
;
428 0 259 111 260 156 259 201 257 261 292 163 224 159 332 180 297 131
185 172 219 125 273 262 282 393 281 329 241 261 230 399 232 332 1 2
;
429 0 259 111 260 156 259 201 257 261 292 163 224 159 332 180 297 131
185 172 219 125 273 262 282 393 281 329 241 261 230 399 232 332 1 2
;
430 0 259 111 260 156 259 201 257 261 292 163 224 159 332 180 297 131
185 172 219 125 273 262 282 393 281 329 241 261 231 399 232 332 1 2
;
431 0 259 111 260 156 259 201 257 261 292 163 224 159 332 180 297 131
185 173 219 125 273 262 282 393 281 329 241 261 230 400 232 332 1 2
;
432 0 259 111 260 156 259 201 257 261 292 163 224 159 332 180 297 131
185 173 219 125 273 262 282 393 281 330 241 261 230 400 232 332 1 2
;
433 0 259 111 260 156 259 201 257 261 292 163 224 159 332 180 297 131
186 172 219 125 273 262 282 393 281 329 241 261 230 400 232 332 1 2
;
434 0 259 111 260 156 259 201 257 261 292 163 224 159 332 180 297 131
186 172 219 125 273 262 282 393 281 329 241 261 230 399 232 332 1 2
;
435 0 259 111 260 156 259 201 257 261 292 163 224 159 332 180 297 131
186 172 219 125 273 262 282 393 281 330 241 261 230 399 232 332 1 2
;
436 0 259 111 260 156 259 201 257 261 292 163 224 159 332 180 297 131
185 174 219 126 273 262 282 393 281 330 241 261 230 399 232 332 1 2
;
437 0 259 111 260 156 259 201 257 261 292 163 225 159 332 180 297 131
184 174 218 129 273 262 282 393 281 330 241 261 230 399 232 332 1 2
;
438 0 259 111 260 156 259 201 257 262 292 163 225 159 332 180 297 131
182 175 216 131 273 262 282 393 281 330 241 261 230 399 232 332 1 2
;
439 0 259 111 260 156 259 201 257 262 292 163 225 159 332 180 297 131
182 176 215 131 273 262 282 393 281 330 241 261 230 399 232 333 1 0
;
440 0 259 111 260 156 259 201 257 262 292 163 225 159 332 180 297 131
181 176 214 132 273 262 282 393 281 330 241 261 230 399 232 333 1 3
;
441 0 259 111 260 156 259 201 257 262 292 163 225 159 332 180 297 131
180 176 212 133 273 262 282 393 281 330 241 261 230 399 232 333 1 3
;
442 0 259 111 260 156 259 201 257 262 292 163 225 159 332 180 297 131
180 177 212 134 273 263 282 393 281 330 241 261 230 400 232 333 1 3
;
443 0 259 111 261 156 259 201 257 262 292 163 225 159 332 180 297 131
180 177 212 134 273 263 282 393 281 330 241 262 230 400 232 333 1 3
;
444 0 259 111 260 156 259 202 257 262 292 163 225 159 332 180 297 131
180 177 211 134 273 263 282 393 281 330 241 262 231 400 232 333 1 3
;
445 0 259 111 261 156 259 202 257 262 292 163 225 159 332 180 297 131
180 177 211 134 273 263 282 393 281 330 241 262 230 400 232 334 1 3
;
446 0 259 111 261 156 259 202 257 262 292 163 225 159 332 180 297 131
180 177 211 134 273 263 282 393 281 330 241 262 230 399 232 334 1 3
;
447 0 259 111 261 156 259 202 257 262 292 163 225 159 332 181 297 131
180 177 212 134 273 263 282 393 281 330 241 262 230 399 232 334 1 3
;
448 0 259 111 261 156 259 202 257 262 292 163 225 159 332 180 297 131
180 177 213 133 273 263 282 393 281 330 241 262 230 399 232 334 1 3
;
449 0 259 111 261 156 259 202 257 262 292 163 225 159 332 180 297 131
180 177 213 133 273 263 282 393 281 330 241 262 230 399 232 334 1 3
;
450 0 259 111 261 156 259 202 257 262 292 163 225 159 332 180 297 131
180 177 215 132 273 263 282 393 281 330 241 262 230 399 232 333 1 2
;
451 0 259 111 261 156 259 202 257 262 292 163 225 159 332 181 297 131
180 177 215 132 273 263 282 393 281 330 241 262 230 400 232 333 1 2
;
452 0 259 111 260 156 259 202 257 262 292 163 225 159 334 182 297 129
182 176 217 130 273 263 282 393 281 330 241 262 230 400 232 333 1 2
;
453 0 259 111 260 156 259 202 257 262 292 163 225 159 333 181 297 130
183 175 218 129 273 263 282 393 281 330 241 262 230 400 232 333 1 2
;
454 0 259 111 260 156 259 201 257 262 292 163 224 159 333 181 297 130
184 174 219 127 273 263 282 394 281 330 241 261 230 400 232 333 1 2
;
455 0 259 111 260 156 259 201 257 262 292 163 224 159 333 180 297 130
185 173 219 126 273 263 282 393 281 330 241 261 230 400 232 333 1 2
;
456 0 259 111 260 156 259 201 257 262 292 163 224 159 333 180 297 131
185 165 220 126 273 262 282 393 281 330 241 261 230 399 232 333 1 2
;
457 0 259 111 260 156 259 201 257 262 292 163 224 159 332 180 297 130
186 173 219 125 273 262 282 393 281 330 241 261 230 399 232 333 1 2
;
