828 0 256 121 256 158 256 198 256 252 285 161 226 160 325 171 386 168
189 172 132 172 267 253 279 370 278 313 246 252 238 372 236 314 2 2
;
829 0 256 121 256 158 256 198 256 252 285 161 226 160 325 171 386 168
189 172 132 172 267 253 279 370 278 313 246 252 238 373 236 315 2 2
;
830 0 256 121 256 158 256 198 256 252 285 161 226 160 325 171 385 168
189 172 131 171 267 253 279 370 278 313 246 252 238 373 236 315 2 2
;
831 0 256 121 256 157 256 198 256 252 285 161 226 160 325 171 386 169
189 172 131 171 267 253 279 370 278 313 246 252 238 373 236 315 2 2
;
832 0 256 121 256 158 256 198 256 253 286 161 226 160 325 172 386 169
189 172 130 170 267 253 279 370 278 314 246 252 238 373 236 315 2 2
;
833 0 256 121 256 157 256 198 256 253 286 161 226 160 325 171 386 169
189 172 129 170 267 253 279 370 278 314 246 253 238 373 236 315 2 2
;
834 0 256 121 256 157 256 198 256 253 286 161 226 160 325 171 386 168
189 171 129 168 267 253 279 370 278 314 246 253 238 373 236 315 2 2
;
835 0 256 121 256 157 256 198 256 253 285 161 226 160 325 171 386 168
188 171 128 167 267 253 279 370 278 314 245 253 238 373 236 316 2 2
;
836 0 256 121 256 157 256 198 256 253 285 161 226 159 325 171 386 167
188 170 128 166 267 253 279 370 278 314 245 253 238 373 236 315 2 2
;
837 0 256 121 256 157 256 198 256 253 285 161 225 159 325 171 387 167
188 169 127 166 267 253 279 370 278 314 245 253 238 373 236 315 2 2
;
838 0 256 121 256 157 256 198 256 253 285 161 225 159 325 171 386 166
187 169 127 165 267 253 279 370 278 314 245 253 238 373 236 315 2 2
;
839 0 255 121 255 157 255 198 256 253 285 161 225 159 325 171 385 167
187 169 127 165 266 253 279 370 278 314 245 253 238 373 236 315 2 2
;
840 0 255 121 255 157 255 198 256 253 285 161 225 159 325 171 385 168
187 169 127 166 266 253 279 370 278 314 245 253 238 373 236 315 2 2
;
841 0 255 121 255 157 255 198 256 253 284 161 224 159 325 171 385 168
187 169 127 166 266 253 279 370 277 314 245 253 238 373 236 315 2 2
;
842 0 254 121 255 157 255 198 256 253 284 161 224 159 324 171 382 169
187 169 126 167 266 253 279 370 277 314 245 253 238 373 236 315 2 2
;
843 0 254 121 255 158 255 198 255 253 284 161 224 159 324 171 383 169
187 169 126 168 266 253 279 371 277 314 245 253 238 373 236 315 2 2
;
844 0 254 121 255 158 255 198 255 253 284 161 224 159 324 171 376 170
187 169 126 168 266 253 279 371 277 314 245 253 238 373 236 315 2 2
;
845 0 254 121 254 158 255 198 255 253 284 161 224 159 324 171 384 169
187 169 126 168 266 253 279 371 277 314 245 253 238 373 236 315 2 2
;
846 0 254 121 254 158 255 198 255 253 284 161 224 159 324 171 383 170
186 169 126 169 266 253 279 371 277 314 244 253 238 373 236 315 2 2
;
847 0 254 121 254 158 255 199 255 253 284 161 224 159 324 171 376 171
186 170 126 170 266 253 279 370 277 314 244 253 238 373 236 315 2 2
;
848 0 254 121 254 158 255 199 255 253 284 161 224 159 323 171 376 170
186 170 126 170 266 253 279 370 277 314 244 253 238 373 236 316 2 2
;
849 0 254 121 254 158 255 199 255 253 284 161 224 159 322 167 375 158
185 165 130 159 266 253 279 370 277 314 244 253 238 373 235 316 2 2
;
850 0 254 121 254 158 255 198 255 253 284 161 223 159 324 162 376 145
185 161 131 147 266 253 279 370 277 314 244 253 238 373 235 316 2 2
;
851 0 254 121 254 157 254 198 255 252 285 159 223 158 320 146 365 111
186 144 139 111 266 253 279 371 277 315 244 252 238 373 235 316 2 2
;
852 0 254 121 254 157 254 198 255 252 285 158 223 157 319 137 352 90
188 138 152 93 266 252 279 371 277 314 244 252 238 373 235 316 0 2
;
853 0 254 121 254 157 255 197 255 250 285 155 224 154 310 122 316 61
198 123 188 67 265 251 279 371 277 314 244 250 238 373 235 316 0 0
;
854 0 254 121 254 157 255 197 255 250 284 154 224 153 304 117 298 59
203 117 206 61 265 250 279 371 276 314 244 250 238 373 235 315 0 0
;
855 0 254 121 255 156 255 195 255 244 282 151 226 150 293 106 270 53
214 107 238 54 266 244 279 371 276 314 244 244 238 373 235 314 0 1
;
856 0 255 120 255 156 255 193 254 242 282 150 228 150 288 101 263 53
219 102 248 52 266 243 279 371 276 313 243 242 238 373 235 314 1 1
;
857 0 254 121 255 156 255 193 254 242 281 151 228 149 288 101 267 49
218 103 244 51 266 242 279 371 276 312 243 241 238 373 235 313 1 1
;
858 0 254 121 254 156 255 193 254 242 281 151 229 149 292 104 275 51
217 104 236 52 266 242 279 371 276 312 243 242 238 373 235 313 1 0
;
859 0 254 121 254 156 255 193 254 244 282 150 227 149 300 110 298 54
208 112 211 53 266 244 279 371 276 313 243 244 238 373 235 313 0 0
;
860 0 254 121 255 156 255 194 254 246 282 151 226 149 306 114 311 55
203 114 196 54 265 246 279 371 276 313 243 245 238 373 235 313 0 0
;
861 0 254 121 255 156 255 195 254 247 284 152 226 150 313 122 339 66
196 125 165 69 265 247 279 371 276 313 244 246 238 373 235 313 0 0
;
862 0 254 121 255 156 255 195 255 247 284 153 225 151 318 129 350 78
191 130 151 78 265 247 279 371 276 313 244 247 238 373 235 314 0 0
;
863 0 254 121 255 156 255 195 254 248 285 154 225 153 322 139 367 99
187 138 137 103 265 248 279 371 276 313 244 248 238 373 235 315 2 2
;
864 0 254 121 255 156 255 196 255 249 285 155 224 154 323 141 374 106
186 143 131 112 265 249 279 371 276 314 244 248 238 373 235 315 2 2
;
865 0 254 121 255 157 255 196 255 250 284 156 224 155 324 150 375 126
186 152 129 132 265 250 279 371 276 314 244 249 238 373 235 315 2 2
;
866 0 254 121 255 157 254 196 254 250 284 157 224 155 325 154 375 135
185 154 133 142 265 250 279 371 276 314 244 250 238 373 235 316 2 2
;
867 0 254 121 254 157 254 197 254 251 284 158 223 157 324 159 376 146
185 160 133 155 265 251 279 371 276 314 244 250 238 373 235 316 2 2
;
868 0 254 121 254 157 254 197 254 251 283 159 223 157 323 161 377 151
185 162 133 160 265 251 279 371 276 314 244 251 238 373 235 316 2 2
;
869 0 253 121 254 157 254 197 255 251 283 159 223 158 323 163 375 157
186 165 129 167 265 251 279 371 276 314 244 251 238 373 235 316 2 2
;
870 0 253 121 254 157 254 197 255 252 283 159 223 158 322 164 375 159
186 166 129 169 265 252 279 371 276 314 244 251 238 373 235 316 2 2
;
871 0 253 121 254 157 254 198 255 252 283 160 223 158 322 165 375 161
185 168 128 171 265 252 279 371 276 314 244 252 238 373 235 316 2 2
;
872 0 253 121 254 157 254 198 255 252 283 160 223 158 322 165 382 160
185 168 128 171 265 252 279 371 276 314 244 252 238 373 235 316 2 2
;
873 0 253 121 253 157 254 198 255 252 283 160 223 159 322 166 382 160
185 168 128 170 265 252 279 371 276 314 244 252 238 374 235 316 2 2
;
874 0 253 121 253 157 254 198 255 252 283 160 223 159 322 166 382 160
185 168 128 169 265 252 279 371 276 314 244 252 238 375 235 316 2 2
;
875 0 253 121 253 157 254 198 255 252 283 160 223 159 322 166 378 161
186 168 127 167 265 252 279 371 276 314 244 252 238 375 235 316 2 2
;
876 0 253 121 253 157 254 198 255 252 283 160 223 158 322 166 381 160
186 168 127 167 265 252 279 371 276 314 244 252 238 374 235 316 2 2
;
877 0 253 121 253 157 254 198 255 252 283 160 223 159 322 166 376 161
186 168 127 166 265 252 279 371 276 314 244 252 238 373 235 315 2 2
;
878 0 253 121 253 157 254 198 255 252 283 160 223 159 322 166 382 160
186 168 130 166 265 252 279 370 276 314 244 252 238 373 235 315 2 2
;
879 0 253 121 253 157 254 198 255 252 283 160 223 159 323 166 384 160
186 168 129 167 266 252 279 370 277 314 244 252 238 373 236 315 2 2
;
880 0 253 121 253 157 254 198 255 252 283 160 223 159 323 166 384 160
186 167 128 166 266 252 279 370 277 314 244 252 238 373 236 315 2 2
;
881 0 253 121 253 157 254 198 255 252 283 160 223 159 323 166 379 162
186 167 128 166 266 252 279 370 277 314 244 252 238 373 236 315 2 2
;
882 0 253 121 254 158 254 198 255 252 283 160 223 159 323 166 382 161
186 167 128 165 266 252 279 370 277 314 244 252 238 373 236 315 2 2
;
883 0 253 121 254 158 254 198 255 252 283 160 223 159 323 166 379 161
186 167 128 164 266 252 279 370 277 314 245 252 238 373 236 315 2 2
;
884 0 253 121 254 158 254 198 255 252 283 160 223 159 323 166 378 161
186 167 128 163 266 252 279 370 277 314 245 252 238 373 236 315 2 2
;
885 0 253 121 254 158 255 198 255 252 283 160 223 159 323 166 377 162
186 167 127 163 266 252 279 370 277 314 245 252 238 373 236 315 2 2
;
886 0 253 122 254 158 255 198 255 252 283 160 223 159 324 166 377 162
186 166 127 162 266 252 279 370 277 314 245 252 238 373 236 315 2 2
;
887 0 254 122 254 158 255 198 255 252 284 160 224 159 324 166 385 160
186 166 128 162 266 252 279 370 277 314 245 252 238 373 236 315 2 2
;
888 0 254 122 254 158 255 198 255 252 284 160 224 159 324 166 385 161
186 166 128 162 266 252 279 370 277 314 245 252 238 373 236 315 2 2
;
889 0 254 122 254 158 255 198 255 252 284 161 224 159 324 166 385 161
186 166 129 162 266 252 279 370 277 314 245 252 238 373 236 316 2 2
;
890 0 254 122 254 158 255 198 255 252 284 161 224 159 324 166 385 161
186 165 129 161 266 252 279 370 277 314 245 252 238 373 236 316 2 2
;
891 0 254 122 254 158 255 198 255 252 284 161 224 159 324 166 385 161
186 165 130 161 266 252 279 370 277 314 245 252 238 373 236 316 2 2
;
892 0 254 122 254 158 255 198 255 252 284 161 224 159 324 166 385 161
186 165 130 161 266 252 279 370 277 314 245 252 238 373 236 316 2 2
;
893 0 254 122 255 158 255 198 255 252 284 161 224 159 325 166 385 161
186 165 130 160 266 252 279 370 277 314 245 252 238 373 236 315 2 2
;
894 0 255 121 255 158 255 198 255 252 284 161 225 158 325 166 385 161
186 165 131 160 266 252 279 370 277 314 245 252 238 373 236 315 2 2
;
895 0 255 121 255 158 255 198 255 252 285 160 225 158 325 166 385 161
186 164 130 159 266 252 279 370 277 314 245 252 238 373 236 315 2 2
;
896 0 255 121 255 158 255 198 255 252 285 160 225 158 325 166 385 160
186 164 131 159 266 252 279 370 277 314 245 252 238 373 236 315 2 2
;
897 0 255 121 255 158 255 198 255 252 285 160 225 158 325 166 386 160
186 163 131 158 266 252 279 370 277 314 245 252 238 373 236 315 2 2
;
898 0 255 121 255 158 255 198 255 252 285 160 225 158 325 166 386 160
185 163 131 158 266 252 279 370 277 314 245 252 238 373 236 315 2 2
;
899 0 256 121 255 158 255 198 255 252 285 161 225 158 325 166 386 161
185 163 131 158 266 252 279 370 277 314 245 252 238 373 236 315 2 2
;
900 0 256 121 255 158 255 198 255 252 285 161 225 158 325 166 386 161
185 163 131 158 266 252 279 370 277 314 245 252 238 373 236 315 2 2
;
901 0 256 121 255 158 255 198 255 252 285 161 226 158 326 166 386 162
185 163 131 158 266 252 279 370 277 314 245 252 238 373 236 315 2 2
;
902 0 256 121 255 158 255 198 256 252 285 161 226 158 326 166 386 162
185 163 131 158 266 252 279 370 277 314 245 252 238 373 236 315 2 2
;
903 0 256 121 255 158 255 198 256 252 285 161 226 158 326 166 386 161
185 163 131 158 266 252 279 370 277 314 245 252 238 373 236 315 2 2
;
904 0 256 121 255 158 255 198 256 252 285 161 226 158 326 166 386 161
185 163 131 158 266 252 279 370 277 314 245 252 238 373 236 315 2 2
;
905 0 256 121 256 158 256 198 256 252 286 161 226 158 326 167 386 161
186 163 131 158 266 252 279 370 277 313 245 252 238 373 236 315 2 2
;
906 0 256 121 256 158 256 198 256 252 286 161 226 158 326 167 386 161
186 163 131 157 266 252 279 370 277 313 245 252 238 373 236 315 2 2
;
907 0 256 121 256 158 256 198 256 252 286 161 226 158 326 167 386 161
186 163 131 157 266 252 279 370 277 314 245 252 238 373 236 315 2 2
;
908 0 256 121 256 158 256 198 256 252 286 161 226 158 326 167 386 161
186 163 131 157 266 252 279 370 277 314 245 252 238 373 236 315 2 2
;
909 0 256 121 256 158 256 198 256 252 286 161 226 158 326 167 386 161
186 163 131 158 267 252 279 370 277 314 245 252 238 373 236 315 2 2
;
910 0 256 121 256 158 256 198 256 252 286 161 226 158 326 167 386 162
186 163 131 158 267 252 279 370 277 314 245 252 238 373 236 315 2 2
;
911 0 257 121 256 158 256 198 256 252 286 161 226 158 327 167 386 161
186 163 131 158 267 252 279 370 278 313 245 252 238 373 236 315 2 2
;
912 0 257 121 256 158 256 198 256 252 286 161 226 158 327 167 386 161
186 163 131 158 267 252 279 370 278 313 245 252 238 373 236 315 2 2
;
913 0 257 121 256 157 256 198 256 252 286 161 226 158 327 166 386 161
186 163 131 158 267 252 279 370 278 313 245 252 238 373 236 315 2 2
;
914 0 257 121 256 157 256 198 256 252 286 161 226 158 327 166 386 161
186 163 131 158 267 252 279 370 278 313 245 252 238 373 236 315 2 2
;
915 0 257 121 256 157 256 198 256 252 286 161 226 158 327 166 386 161
186 163 131 158 267 252 279 370 278 313 245 252 238 373 236 315 2 2
;
916 0 257 121 256 157 256 198 256 252 286 160 226 158 327 166 387 160
186 163 131 158 267 252 279 370 278 313 245 252 238 373 236 315 2 2
;
917 0 257 120 256 157 256 198 256 252 286 160 226 158 327 166 386 161
186 163 131 158 267 252 279 370 278 314 245 252 238 373 236 315 2 2
;
918 0 257 120 256 157 256 198 256 252 286 160 226 158 327 166 386 161
186 163 131 159 267 252 279 370 278 314 245 252 238 373 236 315 2 2
;
919 0 257 120 256 157 256 198 256 252 286 160 226 158 326 166 386 161
186 163 130 160 267 252 279 370 278 314 245 252 238 373 236 315 2 2
;
920 0 256 120 256 157 256 198 256 252 286 160 226 158 326 166 386 161
186 163 127 160 267 252 279 370 278 314 245 252 238 373 236 315 2 2
;
921 0 256 120 256 157 256 198 256 252 286 160 226 158 326 166 386 161
185 164 131 162 267 252 279 370 277 314 245 252 238 373 236 315 2 2
;
922 0 256 120 256 157 256 198 256 252 285 160 225 158 326 166 386 161
185 164 130 162 267 252 279 370 277 314 245 252 238 373 236 315 2 2
;
923 0 256 120 256 157 256 198 256 252 285 160 225 158 326 166 385 161
185 164 129 162 267 252 279 370 277 314 245 252 238 373 236 315 2 2
;
924 0 255 120 255 157 256 198 256 252 285 160 225 158 325 166 385 161
185 164 128 162 267 252 279 370 277 314 245 252 238 373 236 315 2 2
;
925 0 255 120 255 157 255 198 256 252 285 160 225 158 325 166 385 161
185 164 128 163 266 253 279 370 277 314 245 252 238 373 236 315 2 2
;
926 0 255 120 255 157 255 198 256 253 285 160 224 158 325 166 385 162
184 164 127 163 266 253 279 370 277 314 245 253 238 373 236 315 2 2
;
927 0 255 120 255 157 255 198 256 253 284 160 224 158 325 166 384 162
184 165 129 164 266 253 279 370 277 314 245 253 238 373 236 315 2 2
;
928 0 254 121 255 157 255 198 255 253 284 160 224 158 325 166 384 162
184 165 128 165 266 253 279 370 277 314 245 253 238 373 236 315 2 2
;
929 0 254 120 255 157 255 198 255 253 284 160 224 158 324 163 376 154
183 163 127 158 266 253 279 370 277 314 245 253 238 373 236 315 2 2
;
930 0 254 120 255 157 255 198 255 252 284 159 224 158 324 150 376 127
186 153 132 134 266 252 279 370 277 314 244 252 238 373 235 316 2 2
;
931 0 254 120 255 157 255 198 255 252 285 158 224 158 323 143 368 110
185 144 135 115 266 252 279 371 277 314 244 252 238 373 235 316 2 2
;
932 0 254 120 255 156 255 197 255 251 285 156 224 155 315 125 343 72
192 130 160 78 266 251 279 370 277 314 244 251 238 373 235 315 2 0
;
933 0 254 120 255 156 255 197 255 250 285 155 224 154 309 121 323 64
197 124 178 65 266 250 279 370 276 314 244 250 238 373 235 315 0 0
;
934 0 254 120 254 156 255 196 255 248 283 153 224 153 299 109 290 52
207 113 214 52 266 248 279 370 276 314 244 248 238 373 235 314 0 0
;
935 0 254 120 254 156 255 195 255 245 281 147 226 150 292 104 277 50
212 106 226 52 266 245 279 371 276 314 244 245 238 373 235 314 0 0
;
936 0 254 120 255 155 255 192 255 240 281 144 227 149 286 96 258 43
218 101 241 51 266 240 279 370 276 313 244 240 238 373 235 312 1 1
;
937 0 254 120 255 155 255 192 255 239 281 143 227 148 285 95 260 42
218 101 241 51 266 240 279 370 276 313 244 239 238 373 235 312 1 1
;
938 0 254 120 255 155 255 192 255 240 281 143 228 148 289 100 274 43
216 103 230 51 266 240 279 370 276 313 244 240 238 373 235 312 0 1
;
939 0 254 120 255 155 255 192 255 242 281 144 227 148 294 105 285 45
210 107 219 52 266 242 279 370 276 313 244 242 238 373 235 312 0 0
;
940 0 253 121 254 156 255 193 255 244 280 148 225 149 304 113 311 51
202 115 192 52 266 244 279 370 276 313 244 244 238 373 235 313 0 0
;
941 0 253 121 254 156 254 194 255 246 281 150 225 150 307 118 325 60
198 123 178 64 266 246 279 370 276 313 244 246 238 373 235 313 0 0
;
942 0 253 121 254 156 254 195 255 247 282 151 224 152 317 127 349 77
189 130 149 79 266 247 279 370 276 313 244 247 238 373 235 314 2 0
;
943 0 253 121 254 156 254 195 255 248 283 152 223 153 318 132 360 86
183 136 139 91 266 248 279 370 276 313 244 248 238 373 235 314 2 2
;
944 0 253 121 254 156 254 196 255 249 283 154 223 155 322 142 375 105
183 147 127 115 266 249 279 370 276 313 244 249 238 373 235 314 2 2
;
945 0 252 121 254 156 254 196 255 249 283 155 223 156 323 148 378 116
180 151 128 128 266 249 279 371 276 314 244 250 238 373 235 315 2 2
;
946 0 252 121 253 157 254 196 255 250 283 157 223 157 327 155 381 133
184 157 130 146 266 250 279 371 276 314 244 250 238 373 235 315 2 2
;
947 0 252 121 253 157 254 197 255 251 283 157 222 157 324 158 376 143
184 159 130 153 266 251 279 371 276 314 244 251 238 373 235 315 2 2
;
948 0 252 121 253 157 254 197 255 251 283 159 222 158 323 161 375 153
184 163 126 162 266 251 279 370 276 314 244 251 238 373 235 315 2 2
;
949 0 252 121 253 157 254 197 255 251 283 159 222 158 322 163 375 157
184 165 130 165 266 251 279 370 276 314 244 251 238 373 235 316 2 2
;
950 0 252 121 253 157 254 197 255 252 283 159 223 158 322 165 375 162
184 167 128 170 266 252 279 370 276 314 244 252 238 373 235 315 2 2
;
951 0 252 121 253 157 254 198 255 252 283 160 223 158 323 166 384 162
185 168 130 172 266 252 279 370 276 314 244 252 238 373 235 316 2 2
;
952 0 253 121 253 157 254 198 255 252 283 160 223 159 323 166 381 164
185 168 128 173 265 252 279 370 276 314 244 252 238 373 235 315 2 2
;
953 0 253 121 253 157 254 198 255 252 283 160 223 159 323 167 378 164
184 168 130 172 265 252 279 370 276 314 244 252 238 373 235 315 2 2
;
954 0 253 121 254 157 254 198 255 252 283 160 223 159 323 167 382 163
185 168 128 169 265 252 279 371 276 314 244 252 238 373 235 315 2 2
;
955 0 253 121 254 157 254 198 255 252 283 160 223 159 324 167 383 163
185 168 127 168 265 252 279 371 276 314 244 252 238 373 235 315 2 2
;
956 0 254 121 254 157 254 198 255 252 283 160 223 159 323 167 382 162
184 167 126 165 265 252 279 371 276 314 244 252 238 373 235 315 2 2
;
957 0 254 121 254 157 254 198 255 252 283 160 224 159 323 167 384 161
185 166 128 164 265 252 279 371 276 314 244 252 238 373 235 315 2 2
;
958 0 254 121 254 157 254 198 255 252 283 160 224 159 323 167 383 160
185 166 128 163 265 252 279 371 276 314 244 252 238 373 235 316 2 2
;
959 0 254 121 254 157 254 198 255 252 284 160 224 159 323 167 384 160
185 165 127 162 265 253 279 371 276 314 244 252 238 373 235 316 2 2
;
960 0 254 121 254 157 254 198 255 252 284 160 224 159 323 166 384 159
184 165 130 161 265 253 279 371 276 314 244 252 238 373 235 316 2 2
;
961 0 254 121 254 157 254 198 255 252 284 160 224 159 324 166 376 161
184 164 130 161 266 253 279 371 276 314 244 252 238 373 235 316 2 2
;
962 0 254 121 254 157 254 198 255 252 283 160 224 159 323 166 383 160
184 164 127 160 265 253 279 371 276 314 244 252 238 373 235 316 2 2
;
963 0 254 121 254 157 254 198 255 252 283 160 224 159 323 166 376 161
184 164 127 161 265 253 279 371 276 314 244 252 238 374 235 316 2 2
;
964 0 254 121 254 158 254 198 255 253 283 161 224 159 323 166 381 160
184 164 128 161 265 253 279 371 276 314 244 252 238 374 235 316 2 2
;
965 0 254 121 254 158 254 198 255 253 283 161 223 159 323 166 374 162
184 164 128 161 265 253 279 371 276 314 244 252 238 374 235 316 2 2
;
966 0 253 121 254 158 254 198 255 253 283 161 223 159 323 166 375 161
183 164 126 160 265 253 279 371 276 314 244 252 238 374 235 317 2 2
;
967 0 253 121 253 158 254 198 255 253 283 161 223 158 323 166 375 161
183 164 127 160 265 253 279 371 276 314 244 252 238 374 235 316 2 2
;
968 0 253 121 253 158 254 198 255 253 283 161 223 158 323 166 374 161
183 163 128 160 265 253 279 371 276 314 244 252 238 374 235 316 2 2
;
969 0 253 121 253 158 254 198 255 253 283 161 223 158 322 166 374 161
183 163 128 160 265 253 279 371 276 314 244 252 238 374 235 316 2 2
;
970 0 253 121 253 158 254 198 255 253 283 161 223 158 322 166 374 161
183 163 128 159 265 253 279 371 276 314 244 252 238 373 235 316 2 2
;
971 0 253 121 253 158 254 198 255 253 283 161 223 158 322 166 374 161
183 163 128 159 265 253 279 371 276 314 244 252 238 373 235 316 2 2
;
972 0 253 121 253 158 254 198 255 253 283 161 223 158 323 166 374 160
183 163 128 159 265 253 279 371 276 314 244 252 238 375 235 316 2 2
;
973 0 253 121 253 158 254 198 255 253 283 161 223 158 323 165 375 160
183 163 128 158 265 253 279 371 276 314 244 252 238 374 235 316 2 2
;
974 0 253 121 253 158 254 198 255 253 283 160 223 158 323 165 375 160
183 163 129 158 265 253 279 371 276 315 244 252 238 374 235 316 2 2
;
975 0 253 121 253 158 254 198 254 253 283 160 223 158 323 165 375 159
183 163 129 157 265 253 279 371 276 315 244 252 238 374 235 316 2 2
;
976 0 253 121 253 158 254 198 255 252 283 160 223 158 323 165 375 159
183 162 129 157 265 253 279 371 276 315 244 252 238 374 235 316 2 2
;
977 0 253 121 254 158 254 198 255 252 283 160 223 158 323 165 375 159
183 162 129 157 265 253 279 371 276 315 244 252 238 375 235 316 2 2
;
978 0 253 121 254 158 254 198 255 252 283 160 224 158 323 165 375 159
184 162 129 156 265 253 279 371 276 315 244 252 238 374 235 316 2 2
;
979 0 254 121 254 158 254 198 255 252 283 160 224 158 324 165 375 159
184 162 129 156 265 253 279 371 276 314 244 252 238 374 235 316 2 2
;
980 0 254 121 254 158 254 198 255 252 283 160 224 158 324 165 376 160
184 161 129 156 265 253 279 371 276 314 244 252 238 374 235 316 2 2
;
981 0 254 121 254 158 254 198 255 252 283 160 224 158 324 165 376 160
184 161 129 156 265 253 279 371 276 314 244 252 238 374 235 316 2 2
;
982 0 254 121 254 158 254 198 255 252 283 160 224 158 324 165 376 160
184 161 129 156 265 253 279 371 276 314 244 252 238 374 235 316 2 2
;
983 0 254 121 254 158 254 198 255 252 284 160 224 158 324 165 376 160
184 161 129 156 265 253 279 371 276 314 244 252 238 374 235 316 2 2
;
984 0 254 121 254 158 254 198 255 252 284 160 224 158 324 165 376 160
184 161 129 155 265 253 279 371 276 314 244 252 238 374 235 316 2 2
;
985 0 254 121 254 158 254 198 255 252 284 160 224 158 324 165 376 160
184 161 129 155 265 253 279 371 276 314 244 252 238 373 235 316 2 2
;
986 0 254 121 254 158 254 198 255 252 284 160 224 158 324 165 376 160
184 161 129 155 265 253 279 371 276 314 244 252 238 373 235 316 2 2
;
987 0 254 121 254 158 254 198 255 253 284 160 224 158 324 165 376 160
184 161 129 155 266 253 279 371 276 314 244 252 238 373 235 316 2 2
;
988 0 254 121 254 158 254 198 255 253 284 160 224 158 324 165 383 158
184 161 129 155 265 253 279 371 276 314 244 252 238 373 235 316 2 2
;
989 0 254 121 254 158 254 198 255 253 284 160 224 158 324 165 376 159
184 161 129 155 265 253 279 371 276 314 244 252 238 373 235 316 2 2
;
990 0 254 121 254 158 254 198 255 253 284 160 224 158 324 165 376 159
184 161 129 155 265 253 279 370 276 314 244 252 238 373 235 316 2 2
;
991 0 254 121 254 158 254 198 255 253 284 160 224 158 324 164 383 156
184 161 129 155 265 253 279 371 276 314 244 252 238 374 235 316 2 2
;
992 0 254 121 254 157 254 198 255 253 284 160 224 158 324 164 375 158
184 161 129 155 265 253 279 371 276 315 244 252 238 374 235 316 2 2
;
993 0 254 121 254 157 254 198 255 253 284 160 224 158 324 164 376 157
184 161 129 155 265 253 279 371 276 314 244 252 238 374 235 316 2 2
;
994 0 254 121 254 157 254 198 255 253 284 160 224 158 325 163 376 156
184 161 129 155 265 253 279 371 276 314 244 252 238 374 235 316 2 2
;
995 0 254 121 254 157 254 198 255 253 284 160 224 157 325 163 376 156
184 161 129 156 265 253 279 371 276 314 244 252 238 374 235 316 2 2
;
996 0 254 121 254 157 254 198 255 253 284 160 224 157 325 163 376 157
184 161 129 156 265 253 279 371 276 314 244 252 238 374 235 316 2 2
;
997 0 254 121 254 157 254 198 255 253 284 160 224 157 325 163 376 157
184 161 129 156 265 253 279 371 276 314 244 252 238 373 235 316 2 2
;
998 0 254 121 254 157 254 198 255 252 284 160 224 157 324 163 376 158
184 161 129 156 265 253 279 370 276 314 244 252 238 373 235 316 2 2
;
999 0 254 121 254 157 254 198 255 252 284 160 224 157 324 163 376 159
184 161 129 157 265 253 279 370 276 314 244 252 238 373 235 316 2 2
;
1000 0 254 121 254 157 254 198 255 252 284 160 224 157 324 164 376
159 184 161 129 157 265 253 279 370 276 314 244 252 238 373 235 316
2 2;
1001 0 254 121 254 157 254 198 255 252 284 160 224 157 324 164 376
159 184 161 129 157 265 253 279 370 276 314 244 252 238 373 235 316
2 2;
1002 0 254 121 254 157 254 198 255 252 284 160 224 157 324 164 376
160 184 161 129 157 265 253 279 370 276 314 244 252 238 373 235 316
2 2;
1003 0 254 121 254 157 254 198 255 252 284 160 224 157 324 164 386
158 184 161 129 157 265 253 279 370 276 314 244 252 238 373 235 316
2 2;
1004 0 254 121 254 157 254 198 255 252 284 160 224 157 324 164 386
158 184 161 129 157 265 253 279 370 276 314 244 252 238 373 235 316
2 2;
1005 0 254 121 254 157 254 198 255 252 284 160 224 157 324 164 386
158 184 161 129 157 265 253 279 370 276 314 244 252 238 373 235 316
2 2;
1006 0 254 121 254 157 254 198 255 252 284 160 224 157 324 164 386
156 184 161 129 155 265 253 279 370 276 314 244 252 238 373 235 316
2 2;
1007 0 254 121 254 157 254 198 255 252 284 160 224 157 325 160 377
145 185 157 131 144 265 253 279 371 276 314 244 252 238 373 235 316
2 2;
1008 0 254 121 254 157 254 198 255 252 284 160 224 157 326 155 376
135 186 153 127 133 265 253 279 371 276 314 244 252 238 373 235 316
2 2;
1009 0 254 121 254 157 254 198 255 252 285 159 224 156 326 146 373
108 185 143 135 108 265 252 279 371 276 314 244 252 238 373 235 316
2 2;
1010 0 255 121 254 157 254 198 255 251 286 157 224 156 324 136 368
92 188 135 145 96 265 252 279 371 276 314 244 251 238 373 235 315 2
2;
1011 0 255 121 255 157 255 197 255 250 286 155 225 154 315 123 343
70 196 124 166 70 265 251 279 371 276 314 244 250 238 373 235 315 0
2;
1012 0 255 121 255 157 255 197 254 250 285 155 225 152 312 121 328
66 199 119 181 64 265 250 279 371 276 314 244 250 238 373 235 314 0
0;
1013 0 255 121 255 157 255 196 255 248 284 152 226 150 303 112 301
53 209 106 210 48 265 248 279 371 276 314 244 248 238 373 235 314 0
2;
1014 0 255 121 255 157 255 196 255 247 283 151 226 150 298 109 289
52 210 106 222 51 265 247 279 371 276 313 244 247 238 373 235 314 0
2;
1015 0 255 120 256 156 255 193 254 242 283 150 227 149 288 100 273
50 218 102 243 49 265 243 279 371 276 313 243 242 238 373 235 313 1
2;
1016 0 255 120 256 156 255 193 254 241 283 150 227 148 288 100 269
47 224 98 248 48 265 241 279 371 276 312 242 240 238 373 235 313 1
1;
1017 0 255 120 256 156 255 192 254 239 283 146 228 146 290 97 278 43
222 100 239 49 265 240 279 371 276 312 243 239 238 373 235 312 1 0
;
1018 0 255 120 256 156 255 192 254 241 283 146 228 146 295 104 290
48 218 102 230 48 266 241 279 371 276 312 243 240 238 373 235 312 0
0;
1019 0 255 120 255 156 255 193 254 243 282 148 228 146 303 110 315
52 209 107 204 50 266 244 279 371 276 312 243 243 238 373 235 312 0
0;
1020 0 255 120 255 156 255 193 254 245 282 148 227 146 307 116 329
55 201 104 190 51 266 245 279 371 276 312 243 244 238 373 235 312 0
0;
1021 0 254 120 255 156 255 194 254 246 284 151 227 147 316 127 353
73 196 122 162 68 265 247 279 371 276 313 243 246 238 373 235 314 2
0;
1022 0 254 120 255 156 255 194 254 247 284 152 225 150 317 130 361
85 191 127 152 81 265 247 279 371 276 313 244 247 238 373 235 314 2
0;
1023 0 254 121 255 156 255 195 255 248 285 154 225 152 323 140 375
102 188 137 137 103 265 249 279 371 276 314 244 248 238 373 235 314
2 2;
1024 0 254 121 255 156 255 196 255 249 285 155 225 153 325 145 378
113 186 141 132 113 265 249 279 371 276 314 244 249 238 373 235 314
2 2;
1025 0 254 121 255 156 255 196 255 250 285 157 225 154 326 152 376
133 186 150 127 132 265 250 279 371 276 314 244 250 238 373 235 315
2 2;
1026 0 255 121 255 156 255 197 255 250 285 157 225 155 326 155 379
139 186 152 133 142 265 250 279 371 276 314 244 250 238 373 235 315
2 2;
1027 0 255 121 255 157 255 197 255 251 285 158 225 156 324 159 377
149 185 158 133 154 265 251 279 371 276 314 244 250 238 373 235 315
2 2;
1028 0 255 121 255 157 255 197 255 251 285 158 225 156 324 161 377
153 186 160 132 158 265 251 279 371 276 314 244 251 238 373 235 315
2 2;
1029 0 255 121 255 157 255 197 255 251 285 159 225 156 324 163 377
158 186 163 133 164 265 252 279 371 276 314 244 251 238 373 235 315
2 2;
1030 0 255 121 255 157 255 198 255 252 285 159 225 157 324 164 376
161 187 166 129 167 265 252 279 370 276 314 244 251 238 373 235 316
2 2;
1031 0 255 121 255 157 255 198 255 252 285 160 225 157 324 165 385
161 187 166 130 168 265 252 279 370 276 314 244 252 238 373 235 316
2 2;
1032 0 255 121 255 157 255 198 255 252 285 160 225 157 324 165 385
162 187 166 129 169 265 252 279 371 276 314 244 252 238 373 235 316
2 2;
1033 0 255 121 255 157 255 198 255 252 285 160 225 157 324 166 385
162 187 167 129 169 265 252 279 371 276 314 244 252 238 374 235 316
2 2;
1034 0 255 121 255 157 255 198 255 252 285 160 225 158 324 166 386
160 187 167 129 167 266 252 279 371 276 315 244 252 238 374 235 317
2 2;
1035 0 255 121 255 157 255 198 255 252 285 160 225 158 324 166 386
160 187 167 129 167 266 252 279 371 276 315 244 252 238 374 235 317
2 2;
1036 0 255 121 255 157 255 198 255 252 285 160 225 158 324 166 385
159 187 167 130 165 266 253 279 371 276 315 244 252 238 375 235 316
2 2;
1037 0 255 121 255 157 255 198 255 252 285 160 225 158 325 165 386
159 187 167 130 165 266 253 279 371 276 315 244 252 238 375 235 316
2 2;
1038 0 255 121 255 157 255 198 255 252 285 160 225 158 325 165 386
158 187 167 129 164 266 253 279 371 276 315 244 252 238 375 235 316
2 2;
1039 0 255 121 255 157 255 198 255 252 285 160 225 158 325 165 386
158 187 167 129 164 266 253 279 371 277 315 244 252 238 374 236 316
2 2;
1040 0 255 121 255 158 255 198 255 252 285 160 225 158 325 165 386
157 187 167 130 163 266 253 279 371 277 314 244 252 238 373 236 315
2 2;
1041 0 255 121 255 158 255 198 255 252 285 160 225 158 325 165 386
158 187 166 130 163 266 253 279 371 277 314 245 252 238 373 236 315
2 2;
1042 0 255 122 255 158 255 198 255 253 285 160 225 158 325 165 386
157 187 166 128 162 266 253 279 370 277 314 245 252 238 373 236 315
2 2;
