61 0 243 101 247 152 248 202 250 269 285 157 206 156 339 161 412 143
157 164 80 152 266 269 284 407 279 346 233 269 224 422 225 343 2 2
;
62 0 243 101 247 152 248 202 249 269 285 157 206 156 338 158 412 130
158 160 81 142 266 269 283 407 278 346 233 269 224 422 224 343 2 2
;
63 0 243 101 247 152 248 202 249 269 285 157 206 156 339 150 410 113
158 156 80 126 266 269 283 407 278 346 233 269 224 422 224 343 2 2
;
64 0 243 102 248 151 248 201 249 268 286 156 206 155 334 136 392 70
158 141 96 87 266 268 283 408 278 346 233 268 224 404 224 343 0 2;
65 0 244 102 248 151 248 201 249 267 286 154 207 153 326 121 350 41
164 127 131 54 266 267 283 408 278 346 233 267 224 404 224 343 0 2
;
66 0 244 102 248 151 249 200 249 266 286 153 208 151 324 116 329 31
170 123 152 44 266 266 283 408 278 346 233 266 224 404 224 343 0 2
;
67 0 245 102 249 151 249 199 250 265 285 150 210 149 314 105 289 28
175 109 194 34 266 265 283 408 277 339 233 264 224 404 224 342 0 2
;
68 0 245 102 249 150 249 199 250 264 284 149 211 147 308 101 272 28
183 104 212 32 267 264 283 408 277 339 233 263 224 404 224 341 0 2
;
69 0 246 103 250 150 250 197 250 258 282 148 213 146 296 91 256 35
191 99 235 34 268 259 283 407 276 338 232 258 224 404 225 340 1 1;
70 0 246 103 249 150 250 197 250 258 282 148 214 146 296 92 249 24
192 98 235 31 268 258 283 407 276 338 232 257 224 404 225 339 1 1;
71 0 247 103 250 150 250 197 251 258 282 148 214 145 300 94 274 24
191 99 208 27 269 259 283 407 277 340 233 258 224 405 225 339 0 1;
72 0 247 103 251 150 250 197 251 259 282 147 214 145 305 96 290 19
188 101 190 27 269 259 283 407 277 339 233 259 224 405 225 339 0 0
;
73 0 248 103 251 150 251 197 251 260 284 147 214 145 318 102 329 23
174 109 151 33 268 260 283 407 277 340 234 260 224 405 225 339 0 2
;
74 0 248 102 251 149 251 197 251 261 286 147 214 145 322 106 349 27
171 109 132 40 268 261 283 407 278 342 234 260 224 404 225 339 0 2
;
75 0 249 102 252 149 251 197 251 262 287 148 214 147 329 112 381 41
166 117 112 60 268 262 283 407 278 344 235 262 224 404 225 340 2 2
;
76 0 249 102 252 149 252 197 251 262 288 148 214 147 329 112 381 45
167 118 112 61 268 262 283 407 278 342 235 262 224 404 225 340 2 2
;
77 0 249 102 252 149 252 197 252 262 287 148 214 147 330 108 364 32
170 115 127 44 268 262 283 407 279 342 235 262 224 404 226 340 2 2
;
78 0 249 102 252 149 252 197 252 262 287 148 214 147 326 105 347 28
173 108 143 34 269 262 283 407 279 341 235 262 224 404 226 340 0 2
;
79 0 250 102 253 149 252 197 252 262 286 147 214 145 315 98 310 19
185 97 180 20 269 262 283 407 279 341 235 262 224 404 226 340 0 0;
80 0 250 102 252 149 252 197 252 261 286 146 215 143 311 95 291 19
190 97 200 20 269 262 283 407 278 339 235 261 224 404 226 340 0 0;
81 0 251 102 253 149 253 195 252 256 285 146 218 141 300 91 265 24
200 94 231 21 270 257 283 407 278 338 235 255 224 404 226 339 0 1;
82 0 253 102 254 149 253 194 252 252 285 142 219 140 290 80 253 19
203 93 242 20 270 253 283 407 278 337 234 251 224 404 226 338 1 1;
83 0 252 102 253 148 253 192 252 250 285 136 219 140 291 79 262 21
206 93 242 20 270 251 283 407 277 336 234 249 224 404 226 337 1 1;
84 0 252 102 253 148 253 192 252 250 285 136 218 140 296 86 268 18
206 92 234 21 270 251 283 407 277 336 234 249 224 404 226 337 1 1;
85 0 252 102 253 149 253 193 253 253 285 136 218 140 302 88 288 15
201 94 213 20 271 253 283 407 277 336 235 253 224 404 226 337 0 0;
86 0 252 102 253 149 253 194 253 256 286 140 218 141 306 89 302 17
197 94 199 22 270 257 283 407 278 336 235 256 224 404 226 337 0 0;
87 0 252 102 253 149 253 195 253 258 286 140 217 142 318 97 332 18
187 100 169 27 270 259 283 407 278 337 236 258 224 404 227 339 0 0
;
88 0 252 102 254 149 253 196 253 259 287 141 217 142 323 100 345 27
180 106 154 32 270 259 283 407 279 343 236 259 224 404 226 339 0 2
;
89 0 252 102 254 149 254 197 253 261 291 148 216 144 332 110 373 39
176 113 127 44 270 261 283 407 279 343 236 261 224 404 226 340 2 2
;
90 0 252 102 254 149 254 197 253 262 290 147 216 146 335 116 385 46
172 117 121 60 270 262 283 407 279 344 236 262 224 404 226 341 2 2
;
91 0 252 102 254 150 254 198 253 263 292 149 215 147 339 121 400 62
170 125 110 78 270 263 283 407 279 345 236 263 224 404 226 341 2 2
;
92 0 252 102 254 150 254 198 253 264 292 150 215 148 341 125 406 70
167 128 107 87 270 264 283 407 280 345 236 263 224 404 226 341 2 2
;
93 0 252 102 254 150 254 198 253 264 292 150 215 149 343 130 414 84
166 133 98 97 270 265 283 407 279 344 236 264 224 404 226 342 2 2;
94 0 252 102 254 150 254 199 253 265 292 151 215 149 344 132 414 91
165 135 95 102 270 265 283 407 279 345 236 265 224 404 226 342 2 2
;
95 0 252 102 254 150 254 199 253 265 292 151 215 150 345 136 415 100
161 139 94 110 270 265 284 407 280 346 236 265 224 404 226 342 2 2
;
96 0 252 102 254 150 254 199 253 265 292 152 215 150 345 138 414 104
160 140 94 113 270 265 284 407 280 346 236 265 224 404 226 342 2 2
;
97 0 252 102 254 150 254 199 253 266 292 152 215 150 346 140 415 110
161 144 98 121 269 266 284 407 280 346 236 265 224 404 226 342 2 2
;
98 0 252 102 254 150 254 199 253 266 292 153 215 151 346 141 415 113
162 145 98 124 269 266 284 407 279 345 236 266 224 404 226 342 2 2
;
99 0 252 102 254 150 254 200 253 266 292 153 215 151 346 143 416 117
163 146 98 127 269 266 284 407 279 344 236 266 224 404 226 343 2 2
;
100 0 252 102 254 150 254 200 253 266 292 153 215 151 347 144 416 119
163 147 99 129 269 266 284 407 279 344 236 266 224 404 226 343 2 2
;
101 0 252 102 254 151 254 200 253 266 292 154 215 151 347 146 417 121
163 148 99 131 269 267 284 407 279 345 236 266 224 404 226 343 2 2
;
102 0 252 102 254 151 254 200 253 266 292 154 215 151 347 146 418 122
164 149 99 131 269 267 284 407 279 345 236 266 224 404 226 343 2 2
;
103 0 252 102 254 151 254 200 253 267 292 154 215 151 347 147 418 123
164 149 99 132 269 267 284 407 279 344 236 266 224 404 226 343 2 2
;
104 0 252 102 254 151 254 200 253 267 292 154 215 151 347 147 419 123
164 149 99 131 269 267 284 407 279 343 236 267 224 404 226 343 2 2
;
105 0 252 101 255 151 254 200 253 267 292 155 215 151 346 148 418 122
164 149 99 130 269 267 284 407 279 343 236 267 224 404 226 343 2 2
;
106 0 252 101 255 151 254 200 253 267 292 155 215 151 346 148 418 122
164 149 99 130 269 267 284 407 279 343 236 267 224 404 226 343 2 2
;
107 0 252 101 255 151 254 201 253 267 292 155 215 151 346 148 419 121
164 149 99 130 269 267 284 407 279 343 236 267 224 404 226 343 2 2
;
108 0 252 101 255 151 254 201 253 267 292 155 215 152 346 148 418 121
164 149 99 131 269 267 284 407 279 343 236 267 224 404 226 343 2 2
;
109 0 252 101 255 151 254 201 253 267 292 155 215 152 347 148 419 121
164 149 99 132 269 268 284 407 280 345 236 267 224 405 226 343 2 2
;
110 0 252 101 255 151 254 201 253 267 292 155 215 152 347 148 419 120
164 149 98 131 269 268 284 407 279 344 236 267 224 405 226 343 2 2
;
111 0 252 101 255 151 254 201 253 267 292 155 215 150 346 146 417 112
164 149 99 127 269 268 284 407 279 346 236 267 224 405 226 343 2 2
;
112 0 252 101 254 151 253 201 253 267 292 155 214 151 346 142 416 104
164 147 100 120 269 268 284 407 279 344 236 267 224 404 226 343 2 2
;
113 0 252 101 254 151 253 201 253 267 293 154 214 149 343 133 410 79
163 139 99 95 269 267 284 407 279 343 236 267 224 404 226 343 2 2;
114 0 252 101 254 151 253 201 253 267 293 154 214 150 340 128 401 64
162 131 104 79 269 267 284 407 279 343 236 267 224 404 226 343 0 2
;
115 0 252 101 254 151 254 200 253 267 293 153 214 149 334 115 368 38
171 119 130 52 269 267 284 407 279 343 236 266 224 404 226 343 0 2
;
116 0 252 101 254 150 254 200 252 266 293 153 215 148 329 110 348 31
174 115 147 40 269 266 284 407 279 343 236 266 224 404 226 343 0 2
;
117 0 252 102 255 150 254 199 253 265 291 149 215 146 317 99 310 21
185 104 187 23 269 265 284 407 279 341 236 264 224 404 226 342 0 0
;
118 0 252 102 255 150 254 199 253 264 289 148 216 145 313 97 295 25
188 102 205 23 270 264 284 407 278 340 236 264 224 404 226 341 0 0
;
119 0 252 102 255 150 254 198 253 261 288 148 218 143 304 93 268 25
196 98 232 27 271 262 284 407 278 338 236 261 224 404 227 339 1 0;
120 0 252 101 254 150 253 197 253 259 288 148 218 144 300 92 261 26
199 96 242 25 271 260 284 407 278 338 234 258 224 404 227 339 1 1;
121 0 252 102 253 149 253 195 253 257 288 148 218 144 299 91 266 25
200 95 237 25 271 257 284 407 278 338 234 256 225 404 227 338 1 1;
122 0 252 102 253 149 253 195 253 257 288 148 217 144 299 91 270 19
199 95 228 25 271 257 284 407 278 338 235 256 225 404 227 338 1 1;
123 0 252 101 253 149 253 196 253 259 288 147 217 143 306 93 291 20
193 98 204 24 271 259 284 407 278 338 236 258 225 404 227 338 0 0;
124 0 252 101 254 149 253 196 253 260 288 147 217 143 310 94 303 19
190 100 191 26 271 260 284 407 278 338 236 260 225 404 227 339 0 0
;
125 0 252 101 254 149 254 197 254 261 288 147 217 144 318 98 326 18
181 107 166 31 271 262 284 407 279 338 236 261 225 404 227 340 0 2
;
126 0 252 101 255 149 254 197 254 262 289 147 217 144 322 101 337 24
181 110 154 34 271 262 284 407 279 338 236 261 225 404 227 340 0 2
;
127 0 252 101 255 149 254 197 254 262 289 148 217 145 327 106 357 25
178 114 136 41 271 263 284 407 280 342 237 262 225 404 227 341 0 2
;
128 0 252 101 255 149 254 197 254 263 289 148 217 146 329 107 366 28
175 115 129 47 271 263 284 407 280 342 237 263 225 404 227 341 0 2
;
129 0 253 102 255 149 255 198 254 264 291 150 216 146 333 111 378 36
173 120 119 55 271 264 284 407 280 342 237 263 225 404 227 341 2 2
;
130 0 253 101 255 149 255 198 254 264 291 150 216 147 334 114 383 40
172 122 116 59 271 264 284 407 280 342 237 264 225 404 227 341 2 2
;
131 0 253 101 256 149 255 198 254 265 292 151 216 148 336 117 389 46
171 126 112 67 271 265 284 407 280 342 237 264 225 404 227 342 2 2
;
132 0 253 101 256 150 255 199 254 265 292 151 216 149 337 119 392 50
170 129 111 72 271 265 284 407 280 342 237 265 225 404 227 342 2 2
;
133 0 253 101 256 150 255 199 254 265 292 151 216 149 338 119 394 51
167 129 110 74 271 265 284 407 280 343 237 265 225 404 227 342 2 2
;
134 0 253 101 256 150 255 199 254 265 292 151 216 149 338 119 395 51
168 130 110 76 271 266 284 407 280 344 237 265 225 404 227 342 2 2
;
135 0 253 101 256 150 255 199 254 265 292 151 217 150 338 120 396 50
168 131 110 76 271 266 284 407 280 343 237 265 225 404 227 342 2 2
;
136 0 253 101 256 150 255 199 254 266 292 151 217 150 338 120 394 48
166 131 111 74 271 266 284 407 281 345 237 265 225 404 227 342 2 2
;
137 0 253 101 256 150 255 199 254 266 292 151 217 150 338 120 392 46
168 131 112 73 271 266 284 407 281 345 237 265 225 404 227 342 2 2
;
138 0 253 102 256 150 255 199 254 266 292 152 217 150 338 120 390 44
168 131 114 72 271 266 284 407 280 343 237 266 225 404 227 342 2 2
;
139 0 253 102 256 150 255 199 254 266 292 152 217 150 338 120 390 43
167 130 114 71 271 266 284 407 280 344 237 266 225 404 227 342 2 2
;
140 0 253 102 256 150 255 199 254 266 292 152 217 150 338 120 390 44
169 130 114 71 271 267 284 408 281 344 237 266 225 404 227 342 2 2
;
141 0 253 102 256 150 255 199 254 266 292 152 217 150 338 120 391 45
169 130 113 72 271 267 284 407 280 344 237 266 225 404 227 342 2 2
;
142 0 253 102 257 150 255 199 254 266 292 152 217 151 338 120 392 48
169 131 112 75 271 267 284 407 280 343 237 266 225 404 227 342 2 2
;
143 0 253 102 257 150 255 199 254 266 291 152 217 151 338 120 394 49
168 131 111 77 271 267 284 407 280 343 237 266 225 404 227 342 2 2
;
144 0 253 102 257 150 255 200 254 266 291 152 217 151 338 120 398 51
169 132 109 79 271 267 284 407 280 343 237 266 225 404 227 342 2 2
;
145 0 253 102 257 150 255 200 254 266 291 152 217 151 338 120 398 51
169 132 109 78 271 267 284 407 280 343 237 266 225 404 227 342 2 2
;
146 0 253 102 257 150 255 199 254 266 292 152 216 149 338 118 395 44
167 128 115 69 271 267 284 407 280 344 237 266 225 404 227 342 2 2
;
147 0 253 102 257 150 255 199 254 266 292 152 216 149 337 116 383 40
170 125 121 59 271 267 284 408 280 343 237 266 225 404 227 342 2 2
;
148 0 253 102 257 150 255 199 254 266 292 151 216 148 331 105 358 25
174 111 145 40 270 266 284 408 280 342 237 265 225 404 227 342 0 2
;
149 0 253 102 257 150 255 199 254 265 292 149 216 147 328 101 341 23
176 110 161 35 270 265 284 408 280 341 237 265 225 404 227 342 0 2
;
150 0 253 102 257 150 255 198 254 264 291 148 217 145 319 96 309 24
188 102 194 22 271 264 284 408 280 340 237 264 225 404 227 342 0 0
;
151 0 253 102 257 150 255 198 254 263 291 147 218 144 315 95 295 24
192 100 210 21 271 264 284 408 280 339 237 263 225 404 227 341 0 0
;
152 0 253 102 257 150 256 197 254 261 290 147 219 143 308 93 273 24
200 95 232 22 272 261 284 408 279 338 237 260 225 404 227 339 1 0;
153 0 254 102 257 149 256 196 254 258 289 147 219 143 303 88 267 21
201 95 237 23 272 259 284 407 279 338 236 258 225 404 228 339 1 1;
154 0 254 103 257 149 256 196 254 257 289 147 220 142 302 89 269 21
204 92 238 22 272 257 284 408 279 338 235 256 225 404 228 338 1 1;
155 0 254 103 257 149 256 195 254 257 289 147 219 142 302 89 273 18
204 92 231 20 272 257 284 408 279 337 236 256 225 404 228 338 1 1;
156 0 254 102 257 149 256 196 254 258 289 146 219 142 307 91 293 16
201 94 211 19 272 258 284 408 279 337 236 257 225 404 228 338 0 0;
157 0 254 102 257 149 256 196 254 259 289 146 219 142 310 92 305 15
198 94 199 20 272 259 284 408 279 337 236 259 225 404 228 338 0 0;
158 0 254 102 257 149 256 196 254 261 290 146 218 143 320 98 331 18
189 102 173 25 271 261 284 408 280 342 236 261 225 404 228 339 0 0
;
159 0 254 102 257 149 256 197 254 261 291 146 218 143 325 101 344 27
186 105 160 28 271 262 284 408 280 341 236 261 225 404 228 340 0 0
;
160 0 254 102 257 150 256 197 254 263 292 148 217 145 332 110 368 36
179 113 136 39 271 263 284 407 280 341 237 262 225 404 227 341 2 2
;
161 0 254 102 257 150 255 198 253 263 291 149 217 145 337 116 379 40
174 116 127 47 271 264 284 407 280 341 237 263 225 404 227 341 2 2
;
162 0 254 102 257 150 255 198 253 265 292 150 217 147 340 123 397 55
171 123 113 63 270 265 284 407 280 345 236 264 225 404 227 342 2 2
;
163 0 253 102 257 150 255 199 253 265 293 151 217 148 342 125 404 64
169 126 108 72 270 265 284 407 280 346 236 264 225 404 227 342 2 2
;
164 0 253 102 256 150 255 199 253 265 293 151 216 148 345 132 414 78
165 132 100 87 270 266 284 407 280 346 236 265 225 404 227 343 2 2
;
165 0 253 102 256 150 255 199 253 266 293 152 216 149 346 134 419 84
164 135 97 94 270 266 284 407 280 347 236 265 225 404 227 343 2 2;
166 0 253 102 256 150 255 200 253 266 293 153 216 150 347 139 425 96
165 141 94 107 270 266 284 407 280 347 236 266 225 404 227 343 2 2
;
167 0 253 102 256 150 255 200 253 266 293 153 216 150 348 141 418 105
165 144 93 113 270 267 284 407 280 347 236 266 225 404 227 343 2 2
;
168 0 252 102 256 151 255 200 253 267 292 154 216 151 348 146 423 113
165 149 97 126 270 267 284 407 280 347 236 267 225 404 227 343 2 2
;
169 0 252 102 256 151 255 200 253 267 292 154 216 151 348 148 421 117
165 151 98 131 270 267 284 407 280 345 236 267 225 404 227 343 2 2
;
170 0 252 102 256 151 255 200 253 267 292 154 216 152 347 151 421 123
166 154 98 137 270 268 284 407 280 345 236 267 225 404 227 343 2 2
;
171 0 252 102 256 151 255 200 253 267 292 154 216 152 347 152 421 124
166 154 98 139 270 268 284 407 280 345 236 267 225 404 226 343 2 2
;
172 0 252 102 255 151 254 201 253 268 292 155 216 152 347 153 420 123
165 156 98 142 270 268 284 407 280 345 236 267 225 404 226 343 2 2
;
173 0 252 102 255 151 254 201 253 268 292 155 216 152 347 153 420 123
165 156 98 142 270 268 284 407 280 345 236 267 225 404 226 343 2 2
;
174 0 252 101 255 151 254 201 253 268 292 155 216 152 347 154 424 120
166 157 98 143 270 268 284 407 280 346 236 268 225 404 226 343 2 2
;
175 0 252 101 255 151 254 201 253 268 292 155 216 152 347 154 424 120
166 157 98 143 270 268 284 407 280 346 236 268 225 404 226 343 2 2
;
176 0 252 101 255 151 254 201 253 268 292 155 216 152 347 154 423 120
166 157 98 143 270 268 284 407 280 346 236 268 225 404 226 343 2 2
;
177 0 252 101 255 151 254 201 253 268 291 155 216 152 347 154 427 121
166 157 98 144 270 268 284 407 280 347 236 268 225 404 226 343 2 2
;
178 0 252 101 255 151 254 201 253 268 291 155 216 152 347 154 426 122
166 158 98 144 270 268 284 407 280 347 236 268 225 404 226 343 2 2
;
179 0 252 101 255 151 254 201 253 268 291 156 216 153 347 155 426 123
167 158 98 145 270 269 284 407 280 347 236 268 225 404 226 343 2 2
;
180 0 252 101 255 151 254 201 253 268 291 156 216 153 347 155 427 123
167 158 98 144 270 269 284 407 280 347 236 268 225 404 226 343 2 2
;
181 0 252 101 255 151 254 201 253 268 291 156 216 152 347 154 426 115
166 157 98 139 270 269 283 407 280 345 236 268 225 404 226 343 2 2
;
182 0 252 101 255 151 254 201 253 268 292 156 216 152 348 152 418 109
166 155 98 133 270 269 283 407 280 346 236 268 225 404 226 343 2 2
;
183 0 252 101 255 151 254 201 253 268 292 156 216 152 347 144 412 83
165 145 95 107 270 269 283 407 280 345 236 268 224 404 226 343 2 2
;
184 0 253 101 256 151 254 201 253 268 292 155 216 152 345 137 402 69
166 140 101 91 270 269 283 407 280 346 236 268 225 405 226 343 0 2
;
185 0 253 101 256 151 255 201 253 268 292 154 216 150 339 125 372 42
171 126 123 58 270 268 283 407 280 346 237 267 224 404 226 343 2 2
;
186 0 253 101 256 151 255 201 253 267 292 153 216 150 335 120 354 32
169 114 141 44 270 267 283 407 280 344 237 267 224 405 226 343 2 2
;
187 0 254 101 256 150 255 200 253 266 292 151 217 147 325 103 316 25
184 106 180 24 270 266 283 407 280 345 237 265 224 405 227 343 0 0
;
188 0 254 101 257 150 255 199 253 265 291 151 217 145 321 101 301 29
187 104 198 26 270 265 283 407 279 341 236 264 224 405 227 342 0 0
;
189 0 254 101 257 150 255 198 253 262 290 149 219 142 311 94 274 25
196 97 228 25 271 262 283 407 279 339 236 261 225 405 227 340 1 0;
190 0 255 102 257 150 256 197 253 259 289 148 220 141 308 93 269 25
200 92 236 24 271 260 283 407 278 339 236 259 225 405 227 339 1 1;
191 0 255 101 257 149 256 197 253 259 289 148 219 141 308 92 279 19
198 93 220 23 271 259 283 407 278 338 236 259 225 405 227 339 1 0;
192 0 255 101 257 149 256 197 253 259 290 147 219 141 312 94 297 16
194 97 200 26 271 260 284 407 278 338 236 259 224 405 227 339 0 0;
193 0 255 101 258 149 256 197 254 261 290 147 219 142 328 104 346 20
178 111 154 41 271 262 284 407 279 344 236 261 224 404 227 340 0 0
;
194 0 255 101 258 149 256 197 254 262 292 148 219 144 335 115 371 36
175 119 131 55 271 263 283 407 279 344 237 262 225 404 227 340 0 2
;
195 0 255 101 258 149 256 198 254 264 292 149 218 147 343 124 406 66
170 131 106 89 271 265 283 407 280 345 237 264 225 404 227 341 2 2
;
196 0 255 101 258 149 256 198 254 265 292 150 218 148 344 125 412 72
170 132 105 94 271 265 283 407 280 344 237 264 225 404 227 341 2 2
;
197 0 255 101 258 150 256 199 254 265 294 151 217 148 342 124 399 54
171 131 118 78 271 266 283 407 280 345 237 265 225 405 227 342 0 2
;
198 0 255 101 258 150 256 199 254 265 294 151 217 148 338 117 398 29
173 122 124 55 271 266 283 407 280 345 237 265 225 405 227 342 0 0
;
199 0 255 101 258 150 256 199 254 265 293 150 217 146 329 104 336 21
184 111 167 36 271 265 284 407 280 345 237 264 225 405 227 342 0 2
;
200 0 255 101 258 150 256 199 254 264 293 149 217 146 321 98 314 26
189 100 189 20 271 265 284 407 279 341 237 264 225 405 227 342 0 2
;
201 0 255 101 258 150 256 198 254 262 291 147 217 144 310 92 275 19
200 96 228 21 272 262 284 407 279 339 237 262 225 405 227 340 0 0;
202 0 255 102 258 149 256 196 253 257 291 147 217 144 306 91 267 20
203 92 242 20 272 258 284 407 279 338 235 256 225 405 227 339 0 1;
203 0 256 102 258 149 256 195 254 255 290 147 218 143 304 90 270 18
204 91 236 21 272 256 284 407 278 337 235 255 225 405 227 338 1 1;
204 0 256 102 258 149 256 195 254 256 290 147 219 142 305 90 279 17
203 92 224 21 272 256 284 407 278 337 236 255 225 405 227 338 0 1;
205 0 256 102 258 149 256 196 254 260 290 147 219 142 314 94 308 17
193 99 190 26 271 261 284 407 279 340 236 259 225 405 227 338 0 0;
206 0 256 102 258 149 256 196 253 261 291 147 219 142 323 100 328 17
187 108 170 30 271 262 284 407 279 341 236 260 225 405 227 339 0 2
;
207 0 256 102 258 150 256 197 253 263 293 149 219 144 332 111 371 28
177 113 131 45 271 263 284 407 279 343 236 262 225 405 227 341 0 2
;
208 0 256 102 258 150 256 198 253 263 294 149 219 145 338 116 387 40
174 118 120 56 271 264 284 407 279 344 236 263 225 405 227 341 2 2
;
209 0 256 102 258 150 256 198 253 264 294 150 218 146 340 119 402 56
169 120 115 70 270 265 284 407 279 345 236 264 225 405 227 342 2 2
;
210 0 256 102 258 150 256 198 253 265 294 150 218 146 340 120 400 56
171 121 117 67 270 265 284 407 279 344 236 264 225 405 227 342 2 2
;
211 0 256 102 258 150 256 199 253 265 294 150 218 146 337 114 381 36
175 116 131 46 270 265 284 407 279 345 236 264 225 405 227 342 2 2
;
212 0 256 102 258 150 256 199 253 265 293 150 218 145 333 108 358 31
178 108 147 35 270 265 284 407 279 345 236 264 225 405 227 342 0 2
;
