431 0 218 119 238 165 246 215 255 278 260 175 222 175 237 228 185 296
226 217 224 274 265 278 287 422 279 361 246 278 259 424 246 358 0 1
242 210 252 272 265 168 198 175 294 197 268 154 185 223 167 299 268
270 279 401 278 340 236 274 236 406 233 345 0 0;
0 0 223 111 234 162 242 210 252 272 265 168 198 175 293 197 269 154
184 223 167 299 268 270 279 401 278 340 236 275 236 406 233 345 0 0
;
1 0 223 110 234 162 242 210 252 273 264 169 198 175 294 197 271 155
184 223 166 299 268 271 279 401 278 340 236 275 236 406 233 345 0 0
;
2 0 223 110 234 162 242 211 252 273 264 169 198 175 293 197 272 155
184 223 167 300 268 271 279 401 278 340 236 275 236 406 233 345 0 0
;
3 0 224 110 234 162 242 211 252 273 264 169 198 175 293 197 273 155
184 223 167 300 268 271 279 401 278 341 236 275 236 405 233 344 0 0
;
4 0 224 110 234 162 242 211 252 273 263 169 198 175 293 197 274 156
184 223 167 300 268 271 279 401 278 341 236 275 236 406 233 345 0 0
;
5 0 224 110 234 162 242 211 252 273 263 169 198 175 293 197 273 152
184 223 167 300 268 271 279 402 278 341 236 275 236 405 232 344 0 0
;
6 0 225 109 234 162 242 211 252 273 265 168 198 175 293 197 274 156
184 223 168 299 268 271 279 402 278 341 236 275 236 405 232 344 0 0
;
7 0 225 109 234 161 242 211 252 273 266 168 198 175 293 197 277 162
185 223 170 298 268 271 279 402 278 341 236 275 236 405 232 344 3 0
;
8 0 226 109 234 161 242 211 252 273 267 167 198 174 293 197 277 163
185 223 171 297 268 271 279 402 278 341 236 275 236 405 232 343 3 0
;
9 0 227 109 234 161 242 210 252 273 268 166 199 173 293 198 280 171
186 223 175 297 267 271 279 403 278 342 236 275 236 405 232 343 0 0
;
10 0 228 108 235 161 242 210 251 272 268 164 199 173 296 204 281 177
187 223 178 294 267 270 280 403 278 343 236 274 236 405 232 343 0 0
;
11 0 229 108 236 161 242 210 251 272 270 164 200 172 297 204 285 194
188 223 183 291 267 270 280 405 278 344 235 274 236 405 231 343 0 0
;
12 0 230 108 236 160 242 210 251 272 271 164 201 172 304 203 288 203
189 223 184 290 267 270 280 405 278 345 235 274 236 405 231 343 0 0
;
13 0 233 108 238 160 243 209 250 272 274 164 202 171 306 201 301 221
190 222 183 286 266 270 279 407 278 347 235 273 236 405 231 343 0 0
;
14 0 235 107 240 159 244 209 250 272 275 164 203 170 306 202 311 229
190 222 182 284 266 270 279 409 277 349 235 273 236 405 230 345 0 0
;
15 0 239 107 243 159 246 208 251 272 279 165 206 168 313 207 328 239
192 219 178 283 267 270 276 410 276 351 235 273 236 405 230 346 2 4
;
16 0 241 107 245 158 247 208 251 272 281 165 206 168 316 207 334 239
192 218 175 282 267 271 276 409 276 351 235 273 236 405 231 344 2 4
;
17 0 245 106 249 157 250 207 252 271 285 166 212 165 321 206 344 223
194 213 163 270 268 271 276 409 276 352 236 272 236 405 232 344 0 0
;
18 0 248 105 251 157 251 206 253 271 287 165 213 164 322 204 354 213
194 210 156 256 269 271 276 409 277 351 237 272 236 405 232 343 0 0
;
19 0 251 105 254 156 254 206 255 271 290 165 216 163 331 199 361 180
194 204 142 219 271 270 276 409 278 350 239 271 236 405 233 343 2 2
;
20 0 253 105 255 156 255 206 256 271 291 164 217 163 334 197 358 163
192 203 137 197 272 270 276 409 278 350 240 271 237 405 233 343 2 2
;
21 0 256 104 258 155 258 205 257 270 294 164 219 162 342 187 347 135
184 195 146 157 273 270 276 408 279 349 241 270 237 405 234 343 2 2
;
22 0 257 104 259 155 258 205 258 270 295 164 220 161 342 182 341 123
182 191 152 143 274 270 276 408 280 349 242 270 237 406 235 342 2 2
;
23 0 259 104 261 155 260 204 259 270 297 164 222 160 346 174 330 109
180 184 164 125 275 270 276 408 280 349 243 270 238 406 236 342 2 2
;
24 0 260 104 262 155 260 204 259 270 299 164 223 160 346 172 325 107
181 181 169 121 275 270 276 407 281 349 243 270 238 406 236 342 2 2
;
25 0 262 105 263 155 261 204 260 269 300 163 224 160 348 169 320 106
182 180 176 120 276 269 277 407 281 348 244 269 238 406 237 342 2 2
;
26 0 262 105 263 155 261 204 260 269 301 163 224 159 349 168 318 108
182 180 178 121 276 269 277 407 282 348 244 269 238 406 237 342 3 2
;
27 0 263 105 264 155 262 204 260 269 302 163 225 159 351 168 316 111
183 180 181 123 276 269 277 407 282 348 244 269 238 406 237 342 3 2
;
28 0 264 105 264 155 262 204 260 269 302 163 225 159 351 168 315 112
183 180 182 122 276 269 277 407 282 347 244 269 238 406 237 342 3 2
;
29 0 264 105 265 155 263 204 260 269 303 162 226 159 352 167 313 114
183 178 190 117 277 269 277 406 282 347 244 269 238 406 237 342 3 2
;
30 0 264 105 265 155 263 204 260 269 303 162 226 159 352 167 312 114
183 175 196 115 277 269 277 406 282 347 244 269 238 406 237 342 3 2
;
31 0 264 105 265 155 263 204 261 269 303 162 226 159 352 166 310 114
182 171 206 115 277 269 277 407 282 347 244 269 238 406 237 342 3 2
;
32 0 264 105 265 155 263 203 261 269 303 162 226 159 351 166 309 115
180 169 209 116 277 269 277 407 282 346 244 268 238 406 237 341 3 1
;
33 0 263 105 265 155 263 203 261 268 303 162 226 158 351 166 308 115
180 167 213 119 277 269 277 406 282 346 244 268 238 406 237 341 3 1
;
34 0 263 105 265 155 263 203 260 268 302 162 226 158 351 166 308 115
179 167 214 120 277 269 277 406 282 346 244 268 238 406 237 341 3 1
;
35 0 263 105 264 155 263 203 260 268 302 161 226 158 350 165 307 114
179 166 215 120 277 268 277 406 282 345 244 268 238 406 237 341 3 1
;
36 0 263 105 264 155 263 203 260 268 302 161 226 158 349 165 306 114
179 166 215 120 277 268 277 406 282 345 244 267 238 406 237 340 3 1
;
37 0 262 105 264 154 263 203 260 268 301 161 225 157 343 161 305 111
179 166 214 120 277 268 277 406 282 345 244 267 238 405 237 340 2 1
;
38 0 262 105 263 154 262 203 260 268 299 162 225 158 342 160 304 110
179 166 214 119 277 268 277 406 282 345 244 267 238 405 237 340 2 1
;
39 0 262 105 263 154 262 203 260 267 298 162 225 158 341 160 302 108
179 165 215 117 277 268 277 406 281 344 244 267 238 405 237 339 2 1
;
40 0 262 105 262 154 261 203 260 267 298 162 225 158 341 160 302 108
179 164 215 114 277 268 277 406 281 344 244 267 238 405 237 339 2 1
;
41 0 262 105 262 154 261 203 260 267 297 162 224 158 340 160 302 108
181 163 215 111 276 268 277 406 281 344 243 267 238 405 237 339 2 1
;
42 0 262 105 261 154 261 203 260 267 297 162 224 158 340 159 302 108
181 162 215 111 276 268 277 406 281 344 243 267 238 405 237 339 2 1
;
43 0 261 105 261 154 261 203 259 267 297 162 224 158 340 160 302 108
181 161 214 110 276 268 277 406 281 344 243 267 238 405 237 339 2 1
;
44 0 261 105 261 154 260 203 259 267 297 162 224 158 340 160 302 109
181 161 214 109 276 268 277 406 281 344 243 267 238 405 237 339 2 1
;
45 0 261 105 261 154 260 203 259 267 297 162 224 158 339 160 303 109
183 159 215 109 276 267 277 406 281 344 243 267 238 405 237 339 2 1
;
46 0 261 105 261 154 260 203 259 267 297 162 224 158 340 161 303 109
181 160 214 111 276 267 277 406 280 344 242 267 238 405 237 339 2 1
;
47 0 261 105 261 154 260 202 259 267 297 162 224 158 340 160 303 108
178 163 212 115 276 267 277 406 280 344 242 267 238 405 237 339 2 1
;
48 0 261 105 261 154 260 203 259 267 297 162 224 158 340 160 304 108
177 163 212 116 276 267 277 406 280 344 242 267 238 405 237 339 2 1
;
49 0 261 105 261 154 260 203 259 267 297 162 224 158 340 160 303 107
177 164 213 117 276 267 277 407 280 344 242 267 238 405 236 339 2 1
;
50 0 262 105 261 154 260 203 259 267 297 162 224 158 340 160 304 107
177 164 213 117 276 267 277 407 280 344 242 267 238 405 236 339 1 1
;
51 0 262 105 262 154 261 203 259 267 297 162 224 158 340 160 305 107
177 164 213 117 276 267 277 407 281 345 243 267 238 405 237 339 1 1
;
52 0 262 105 262 154 261 203 260 267 297 162 224 158 341 160 306 107
177 164 214 117 277 267 277 407 281 345 243 267 238 405 237 344 1 1
;
53 0 264 105 263 154 263 203 262 267 298 163 225 158 342 160 308 108
178 164 217 118 279 268 276 407 282 346 245 267 238 406 238 347 1 1
;
54 0 266 105 268 155 266 203 265 267 306 162 229 157 352 165 313 112
183 165 220 119 281 267 276 408 283 347 248 267 235 407 240 349 2 1
;
55 0 268 106 269 156 268 203 266 267 307 163 230 158 351 162 316 115
185 166 222 120 282 268 276 408 284 347 249 267 233 406 241 346 3 1
;
56 0 270 107 272 157 270 205 268 268 309 164 233 159 351 162 320 119
188 168 224 123 284 269 276 409 285 348 252 267 232 406 241 348 3 3
;
57 0 272 108 272 158 271 205 269 268 310 165 234 159 351 162 321 120
190 169 226 124 285 269 276 409 286 349 253 267 233 404 241 344 3 3
;
58 0 274 109 274 159 272 205 270 268 311 166 237 161 363 172 322 122
193 170 228 125 286 269 276 409 286 349 253 266 237 398 242 328 3 3
;
59 0 274 109 275 159 273 205 271 268 312 167 238 161 363 172 322 123
193 169 229 125 287 269 276 409 286 349 254 266 238 391 242 320 3 3
;
60 0 276 109 276 159 275 205 273 267 313 167 239 161 363 172 323 122
195 168 230 123 290 268 277 409 286 346 256 265 241 386 242 310 3 3
;
61 0 276 109 277 158 275 204 274 266 313 167 240 161 363 172 324 122
195 168 230 123 291 267 276 409 286 346 257 265 244 370 241 291 3 3
;
62 0 277 109 277 158 276 204 275 265 314 167 241 160 364 172 324 122
196 168 231 123 292 267 276 409 287 342 257 264 246 355 243 271 3 3
;
63 0 277 109 278 158 276 204 275 265 314 167 241 160 364 172 324 122
196 168 232 123 293 266 277 409 287 341 258 264 247 354 242 270 3 3
;
64 0 277 109 278 158 277 204 275 265 314 167 241 160 364 172 324 122
196 168 232 123 293 266 277 408 287 341 258 264 247 354 242 270 3 3
;
65 0 278 109 278 158 277 204 275 265 315 167 242 160 364 172 324 122
197 168 233 124 293 266 277 408 287 340 258 264 247 357 242 277 3 3
;
66 0 278 109 279 158 277 203 275 265 315 167 242 160 365 172 324 121
197 168 233 123 293 266 277 408 287 341 258 263 246 387 243 312 3 3
;
67 0 278 109 279 158 277 203 275 265 315 167 242 160 364 172 324 121
197 168 232 123 293 266 278 408 288 341 258 263 246 382 243 314 3 3
;
68 0 278 109 279 158 277 203 275 265 315 167 242 160 364 171 324 121
197 167 232 122 293 266 278 408 279 335 258 263 245 388 244 323 3 3
;
69 0 278 108 279 157 277 203 275 264 315 166 242 160 364 171 324 120
197 167 231 121 292 266 278 407 288 342 258 262 243 399 246 336 3 3
;
70 0 278 108 277 157 276 203 274 264 314 165 242 159 355 162 324 118
197 166 230 119 291 266 278 407 288 343 258 263 238 404 248 345 3 3
;
71 0 277 107 276 157 275 203 274 265 313 165 242 159 354 162 323 118
197 166 229 119 291 266 278 407 289 345 257 263 238 408 248 349 3 3
;
72 0 276 106 276 156 275 203 273 265 313 165 240 158 359 167 321 118
195 165 227 118 290 267 278 407 289 346 257 264 245 409 246 350 3 3
;
73 0 275 106 275 156 274 203 272 266 312 164 240 158 359 167 320 118
190 164 226 118 289 267 278 408 289 346 256 265 247 412 246 351 3 3
;
74 0 273 105 274 156 272 203 270 267 311 164 237 158 358 168 317 118
189 165 223 119 287 267 278 408 288 341 254 266 247 405 247 341 3 3
;
75 0 272 105 273 155 271 203 269 266 309 163 234 158 357 167 315 117
188 165 222 118 286 267 278 407 288 340 253 266 247 404 246 340 3 3
;
76 0 269 105 271 154 269 202 267 266 308 162 232 157 348 158 310 111
185 166 219 118 284 267 279 406 286 340 251 265 247 406 244 342 2 3
;
77 0 268 105 270 154 269 202 267 266 307 162 232 157 348 158 309 109
185 166 218 118 283 267 278 406 286 340 251 265 247 404 244 341 2 3
;
78 0 266 104 269 154 267 202 265 266 305 161 230 157 346 158 307 108
183 167 216 119 282 266 277 406 285 339 249 265 246 405 243 342 2 3
;
79 0 265 104 268 154 267 202 265 266 304 161 229 157 345 159 307 111
182 166 216 119 281 267 277 405 285 339 249 265 246 405 243 342 0 3
;
80 0 264 104 266 154 265 202 264 266 303 161 228 157 343 161 307 113
179 166 215 118 281 267 278 405 284 344 248 265 246 405 243 343 3 3
;
81 0 263 104 266 154 265 202 264 266 302 161 227 157 342 161 306 114
179 166 215 118 280 266 278 405 284 344 248 265 246 405 243 343 3 3
;
82 0 262 104 265 154 264 202 263 266 301 161 226 157 346 164 305 115
180 165 215 116 280 266 278 405 283 344 247 265 246 405 242 343 3 1
;
83 0 261 104 264 154 264 202 263 266 300 161 225 157 346 165 304 115
180 164 216 114 279 266 278 405 283 345 246 265 246 405 242 343 3 1
;
84 0 260 104 263 154 263 202 262 266 300 161 224 157 346 165 303 115
181 163 216 112 278 266 277 405 283 345 246 265 245 405 242 343 3 1
;
85 0 259 104 263 154 262 202 261 266 300 161 224 157 346 165 302 115
182 163 215 111 278 266 276 406 282 346 245 265 245 405 242 343 3 1
;
86 0 258 104 261 154 261 202 260 266 297 161 222 157 345 165 301 115
182 163 214 111 276 266 276 407 279 349 244 265 246 405 241 344 3 1
;
87 0 256 105 260 154 260 202 259 266 296 161 222 157 344 165 300 115
181 163 213 113 276 266 274 410 277 351 243 265 246 406 240 345 3 1
;
88 0 254 107 258 155 258 203 257 266 293 162 220 159 341 166 297 117
176 168 208 120 274 266 278 410 276 348 241 266 246 408 239 348 3 1
;
89 0 254 108 257 156 257 203 257 266 292 163 220 159 338 167 295 119
174 169 207 122 274 266 276 410 276 348 241 266 246 409 238 348 3 3
;
90 0 252 108 256 156 256 203 256 266 291 163 219 160 336 169 294 121
173 170 206 124 273 266 274 404 276 334 239 266 246 410 238 349 3 3
;
91 0 252 109 255 156 256 203 255 266 291 163 219 160 335 169 293 121
173 170 205 124 272 265 273 401 276 331 239 266 246 411 237 350 3 3
;
92 0 251 109 254 157 255 203 255 265 289 164 218 160 335 169 293 120
172 171 204 124 272 264 270 390 276 310 238 266 247 410 237 345 3 3
;
93 0 251 109 254 157 254 203 254 265 289 164 218 160 335 169 293 120
172 171 204 124 271 264 270 383 277 297 237 266 246 410 237 344 3 3
;
94 0 250 109 254 157 253 203 251 264 289 164 218 160 334 169 293 120
171 171 204 125 269 263 268 360 277 276 233 265 245 409 238 343 3 3
;
95 0 250 110 254 157 251 203 245 265 288 164 217 160 334 169 293 119
171 171 205 125 261 265 268 359 276 275 228 264 245 408 238 343 0 3
;
96 0 250 110 254 157 250 203 244 265 289 164 218 160 329 162 291 117
171 172 205 126 261 266 268 355 276 272 228 264 244 407 238 343 2 3
;
97 0 251 110 254 157 250 203 244 265 289 164 218 160 328 164 290 116
171 172 206 126 261 266 269 367 277 285 227 264 244 407 239 346 2 3
;
98 0 251 110 254 157 251 202 247 264 289 164 218 160 329 162 290 114
171 172 206 125 265 264 276 375 275 301 229 264 246 408 239 345 2 3
;
99 0 251 110 255 157 252 202 251 264 289 164 218 161 329 162 291 113
171 172 206 125 269 263 278 378 276 307 233 264 247 408 240 346 2 3
;
100 0 252 110 255 156 254 202 252 264 290 164 219 160 330 162 293 114
171 172 206 124 269 263 282 394 277 325 234 264 247 408 239 347 2 3
;
101 0 252 110 256 156 254 202 253 264 290 164 219 160 330 161 295 115
172 172 207 124 270 263 284 400 278 331 236 264 246 409 239 347 2 3
;
102 0 253 109 257 156 256 202 255 264 290 163 219 160 330 160 297 116
173 172 208 124 272 264 285 407 279 347 238 265 246 409 239 347 3 3
;
103 0 254 109 257 156 256 202 256 265 291 163 219 160 331 159 298 117
173 172 209 123 273 264 285 409 279 349 239 265 246 409 239 347 3 3
;
104 0 256 108 259 155 258 202 258 266 294 163 221 160 344 165 301 116
175 170 210 122 274 265 282 411 280 352 241 266 246 410 239 348 3 3
;
105 0 257 107 260 155 260 203 259 266 294 163 222 160 340 162 302 116
176 170 212 122 275 266 282 411 282 353 242 267 246 410 239 348 3 3
;
106 0 260 106 263 155 262 202 261 267 298 162 225 160 340 161 306 116
179 169 215 122 278 267 280 411 283 351 245 267 246 410 240 348 3 3
;
107 0 261 106 263 155 262 202 262 267 298 162 224 160 341 160 307 115
180 169 216 121 278 267 281 410 284 350 246 267 246 409 241 348 3 3
;
108 0 263 105 266 154 265 202 264 267 302 161 227 159 346 159 309 114
182 168 218 120 281 267 281 408 286 348 248 266 246 409 243 348 3 3
;
109 0 264 105 267 154 266 202 265 267 303 161 228 159 346 159 309 114
183 168 219 119 282 267 281 407 287 347 249 266 246 409 243 347 3 3
;
110 0 266 104 268 153 267 202 266 267 305 161 230 158 355 163 310 113
185 167 221 119 283 267 283 410 288 346 250 266 246 409 244 347 3 3
;
111 0 266 104 269 153 268 202 267 267 305 161 231 158 350 159 311 113
185 167 222 119 283 267 283 408 288 345 251 266 246 409 244 346 0 3
;
112 0 268 104 270 153 269 202 268 266 307 161 232 158 349 159 310 109
188 167 225 117 284 267 283 408 288 345 251 266 246 406 245 343 2 3
;
113 0 269 105 271 153 270 201 268 266 307 161 233 157 349 158 310 107
192 165 228 113 285 267 283 407 288 344 252 266 246 406 246 344 2 1
;
114 0 269 105 271 153 270 201 268 266 308 161 233 157 349 158 310 107
193 164 228 112 285 267 283 407 288 344 252 266 246 407 246 344 2 1
;
115 0 269 105 271 153 270 201 268 266 308 161 233 157 349 158 310 108
193 164 228 111 285 267 283 407 289 344 252 266 246 407 246 344 2 1
;
116 0 269 105 271 153 270 202 268 266 308 161 233 157 349 158 312 110
193 163 227 112 285 267 283 407 289 345 252 266 246 407 246 345 0 1
;
117 0 270 105 271 153 270 202 268 266 308 161 233 157 349 158 313 113
192 164 226 115 285 267 283 407 289 345 252 266 246 407 246 345 3 1
;
118 0 270 105 271 153 270 202 268 266 308 161 233 157 349 158 313 114
191 164 225 117 285 267 283 407 289 345 252 266 246 408 246 345 3 3
;
119 0 270 105 271 153 270 202 268 266 308 161 233 157 349 158 313 115
190 165 225 118 285 267 283 407 289 345 252 266 246 408 246 345 3 3
;
120 0 270 105 271 154 270 202 268 266 308 161 233 157 349 158 312 115
189 165 224 118 285 267 282 407 289 345 252 266 246 408 246 345 3 3
;
121 0 270 105 271 154 270 202 268 266 308 161 233 157 349 158 312 115
189 165 224 118 285 267 282 407 288 345 252 266 246 408 246 346 3 3
;
122 0 269 105 271 154 270 202 268 266 308 161 233 157 354 164 312 115
188 165 223 118 285 267 282 407 288 345 252 266 246 408 246 346 3 3
;
123 0 269 105 271 154 270 202 268 266 308 161 233 157 353 164 312 115
188 166 223 118 285 267 282 407 288 346 252 266 246 408 246 346 3 3
;
124 0 269 105 271 154 270 202 268 266 308 161 233 157 349 160 312 115
188 166 223 118 285 267 282 407 288 346 252 266 246 408 245 346 3 3
;
125 0 269 104 271 154 269 202 268 266 308 161 232 157 349 161 311 115
187 166 222 118 285 267 282 407 288 346 252 266 246 408 245 346 3 3
;
126 0 269 104 270 154 269 202 268 266 308 161 232 157 352 164 311 115
187 165 222 118 284 267 282 407 288 347 252 266 246 408 245 346 3 3
;
127 0 268 104 270 154 269 202 267 266 308 161 232 157 351 163 310 115
187 165 222 118 284 267 282 407 287 347 251 266 246 408 245 346 3 3
;
128 0 268 104 270 154 269 202 267 266 307 161 232 157 348 161 310 115
187 165 221 118 284 267 282 407 287 347 251 266 246 408 245 346 3 3
;
129 0 268 104 270 154 269 202 267 266 307 161 231 158 348 160 309 115
186 165 221 118 283 267 282 407 287 347 251 266 246 408 245 346 3 3
;
130 0 268 104 270 154 268 202 267 266 307 161 231 158 350 162 308 114
186 166 221 118 283 267 282 407 287 347 250 266 246 408 245 346 3 3
;
131 0 267 104 270 153 268 202 267 266 307 161 231 158 348 159 305 110
186 166 220 118 283 267 282 407 287 347 250 266 246 408 244 346 2 3
;
132 0 267 105 270 153 268 202 266 266 307 161 231 158 348 158 305 108
185 166 220 118 283 267 282 407 287 347 250 265 246 408 244 346 2 3
;
133 0 267 105 269 153 268 202 266 266 307 161 231 157 348 158 304 107
185 166 220 118 283 267 282 407 287 347 250 265 246 408 244 346 2 3
;
134 0 267 105 269 153 268 201 266 266 307 161 231 157 348 158 304 106
185 166 219 118 282 267 282 407 286 347 250 265 246 408 244 346 2 3
;
135 0 267 104 269 153 268 201 266 266 307 161 231 157 347 157 304 106
185 166 219 118 282 267 282 406 286 347 249 265 246 408 244 346 2 3
;
136 0 267 104 269 153 268 201 266 266 307 161 231 157 347 157 304 106
185 166 219 118 282 267 282 406 286 347 249 265 246 408 244 346 1 3
;
137 0 266 105 269 153 268 201 265 266 306 161 230 157 347 157 304 109
184 166 219 118 282 267 282 406 286 347 249 265 246 408 243 346 2 3
;
138 0 266 105 269 153 267 201 265 266 306 161 230 157 347 157 305 111
184 166 219 118 281 267 282 406 286 347 249 265 246 408 243 346 2 3
;
139 0 266 105 268 153 267 201 265 266 306 161 230 157 347 157 305 113
184 166 218 118 281 267 282 406 286 347 248 265 246 408 243 346 3 3
;
140 0 265 105 268 153 267 201 265 266 306 161 230 157 347 157 305 114
184 166 219 117 281 267 282 406 286 347 248 265 246 408 243 346 3 3
;
141 0 265 104 268 153 267 201 264 266 306 161 229 157 346 157 305 114
184 165 220 115 281 267 282 406 286 347 248 265 246 408 243 346 3 2
;
142 0 265 104 268 153 266 201 264 266 306 161 229 157 346 157 305 114
185 164 221 114 281 267 282 406 285 347 248 265 246 408 243 346 3 1
;
143 0 264 105 268 153 266 201 264 266 306 161 229 157 346 157 305 114
186 163 222 111 281 267 282 406 285 347 248 265 246 408 243 346 3 1
;
144 0 264 105 267 153 266 201 264 266 306 161 229 157 346 157 305 114
187 162 222 111 281 267 282 406 285 347 248 265 245 408 243 346 3 1
;
145 0 264 105 267 153 266 201 264 266 306 161 229 157 346 158 304 113
186 163 220 114 281 267 282 406 285 347 248 265 245 408 243 346 3 2
;
146 0 264 105 267 153 266 201 264 266 306 161 229 157 346 158 303 112
185 163 219 115 281 267 282 406 285 347 248 265 245 408 243 346 3 3
;
147 0 264 105 267 153 266 201 264 266 306 161 229 157 346 158 302 108
183 165 217 118 280 267 282 406 285 347 248 265 245 408 243 345 2 3
;
148 0 264 105 267 153 266 201 264 266 306 161 229 157 346 157 302 108
183 165 217 118 280 267 282 406 285 347 248 265 245 408 242 345 2 3
;
149 0 264 105 267 153 266 201 264 266 306 161 229 157 346 157 302 107
183 166 217 119 280 267 282 407 285 347 247 265 245 407 242 345 2 3
;
150 0 264 105 267 153 266 201 264 266 306 161 229 157 346 157 301 106
183 166 216 119 280 267 282 407 285 347 247 265 245 407 242 345 2 3
;
151 0 264 105 267 153 266 201 264 266 305 161 229 157 346 157 300 106
182 166 217 119 280 267 282 406 285 347 247 265 245 407 242 345 1 3
;
152 0 264 105 267 153 266 201 264 266 305 161 229 157 346 157 300 106
182 166 217 119 280 267 282 406 285 347 247 265 245 407 242 345 1 3
;
153 0 264 105 267 153 266 201 264 266 305 161 229 157 346 157 300 106
182 166 217 119 280 267 282 406 285 347 247 265 245 407 242 345 2 3
;
154 0 264 105 267 153 266 201 264 266 305 161 229 157 346 157 301 106
182 166 217 118 280 267 282 406 285 347 247 265 245 407 242 345 2 3
;
155 0 264 105 267 153 266 201 264 266 305 161 229 157 346 157 301 106
182 166 217 118 280 267 282 406 285 347 247 265 245 407 242 345 2 3
;
156 0 264 105 267 153 266 201 264 266 305 161 229 157 346 157 301 106
182 166 217 119 280 267 282 407 285 347 247 265 245 407 242 345 2 3
;
157 0 265 105 268 153 266 201 264 266 305 161 229 157 346 157 300 106
182 166 217 118 280 267 282 407 285 347 247 265 245 407 242 345 1 3
;
158 0 265 105 268 153 266 201 264 266 305 161 229 157 346 157 300 106
182 166 217 118 280 267 282 407 285 347 247 265 245 407 242 345 1 3
;
159 0 265 105 268 153 266 201 264 266 305 161 229 157 346 157 300 106
182 166 217 118 280 267 282 407 285 347 247 265 245 407 242 345 2 3
;
160 0 265 105 268 153 266 201 264 266 305 161 229 157 346 157 301 106
182 166 217 118 280 267 282 407 285 347 247 265 245 407 242 345 2 3
;
161 0 265 104 268 153 266 201 263 266 305 161 229 157 346 157 301 106
182 166 217 118 280 267 282 407 285 347 247 265 245 407 242 345 2 3
;
162 0 265 104 268 153 266 201 263 266 305 161 229 157 346 157 301 106
182 166 216 119 280 267 282 407 285 347 247 265 245 407 242 345 2 3
;
163 0 265 104 268 153 266 201 263 266 305 161 228 157 346 157 304 111
182 166 217 118 280 267 282 407 285 347 247 265 245 407 242 345 2 3
;
164 0 264 104 268 153 266 201 263 266 305 161 228 157 346 157 305 113
182 165 217 118 280 267 282 407 285 347 247 265 245 407 242 345 3 3
;
165 0 264 104 267 153 266 201 263 266 305 161 228 157 346 157 305 114
183 164 220 114 280 267 282 407 285 347 247 265 245 407 242 345 3 2
;
166 0 264 104 267 153 266 201 263 266 305 161 228 157 346 158 305 114
185 163 221 112 280 267 282 407 285 347 247 265 245 407 242 345 3 2
;
167 0 264 104 267 153 266 201 263 266 305 161 228 157 346 158 306 113
185 162 221 111 280 267 282 407 284 347 247 265 245 407 242 345 3 2
;
168 0 264 104 267 153 266 201 263 266 305 161 228 157 346 158 306 113
185 162 221 111 280 267 282 407 284 347 247 265 245 407 242 345 3 2
;
169 0 264 104 267 153 265 201 263 266 305 161 228 157 346 158 306 113
185 162 221 111 280 267 282 407 284 347 247 265 245 407 242 345 0 2
;
170 0 264 104 267 153 265 201 263 266 305 161 228 157 346 158 306 112
185 162 221 113 280 267 282 408 284 348 247 265 245 408 242 346 2 1
;
171 0 264 104 267 153 266 201 263 266 305 161 228 157 346 158 306 111
185 163 220 114 280 267 282 408 284 348 247 265 245 408 242 346 2 3
;
172 0 266 104 268 153 266 201 264 266 306 161 229 157 346 158 308 109
184 164 221 117 281 267 282 408 285 349 248 266 245 408 242 347 1 3
;
173 0 267 104 269 153 267 201 266 266 306 161 230 157 347 158 308 108
185 165 222 118 282 267 282 408 285 349 249 266 245 408 242 348 1 3
;
174 0 270 105 272 153 270 201 269 266 308 161 233 157 349 157 311 107
186 166 224 119 286 267 282 409 287 348 252 266 246 407 245 349 1 3
;
175 0 272 105 273 154 272 202 270 266 310 162 234 157 350 157 312 107
188 167 226 120 287 267 281 409 287 348 253 266 247 408 246 349 1 3
;
176 0 275 106 276 154 274 202 272 267 310 162 234 158 351 157 315 108
191 169 229 122 288 267 281 410 289 348 255 266 241 422 246 346 1 3
;
177 0 276 107 277 154 275 202 272 266 314 164 241 158 354 157 316 108
193 169 230 123 289 268 281 410 289 348 256 265 243 407 246 345 1 3
;
178 0 278 108 279 155 276 202 274 266 315 166 242 159 356 158 318 109
196 169 233 124 291 268 282 410 282 343 257 265 244 399 245 328 2 3
;
179 0 279 108 279 155 277 202 274 266 316 166 242 159 356 158 318 110
197 169 233 124 291 268 282 409 290 346 257 265 244 392 244 318 2 3
;
180 0 279 109 280 155 278 202 275 266 316 166 244 159 356 158 318 110
198 169 234 124 292 267 282 410 290 346 258 265 242 393 244 313 2 3
;
181 0 280 109 281 155 279 202 276 266 317 167 245 159 357 159 319 111
199 170 235 124 294 267 282 410 289 345 259 264 242 370 243 280 2 3
;
182 0 281 110 281 155 280 203 280 268 317 167 245 159 357 159 319 112
199 170 236 124 297 268 282 409 289 342 263 268 244 357 243 263 2 3
;
183 0 281 110 281 155 280 203 280 268 317 167 245 159 357 160 321 114
199 170 236 124 297 268 282 409 288 342 263 268 246 350 244 255 2 3
;
184 0 282 110 281 156 281 203 280 268 317 167 245 160 357 160 324 118
199 169 236 124 297 268 282 409 288 341 263 268 246 349 244 255 3 3
;
185 0 282 110 281 156 281 203 280 268 317 167 244 160 357 160 324 118
199 169 236 123 297 268 282 408 288 340 264 268 245 361 242 269 3 3
;
186 0 282 110 281 155 281 203 281 268 317 167 244 160 358 161 325 118
200 169 236 123 298 268 282 409 289 342 264 268 242 376 241 294 3 3
;
187 0 282 110 281 155 280 202 278 266 317 167 244 160 358 161 325 118
200 169 236 122 296 267 282 409 289 342 261 264 242 385 242 307 3 3
;
188 0 282 109 281 155 280 202 277 265 317 167 244 159 358 160 324 117
200 167 235 120 295 267 283 409 289 343 260 264 240 389 245 322 3 3
;
189 0 281 108 281 155 279 201 276 265 317 167 244 159 358 160 324 116
200 166 236 119 294 266 283 409 290 343 259 263 240 395 247 330 3 3
;
190 0 281 107 280 155 278 201 275 264 317 166 243 159 358 159 323 115
200 164 236 116 292 266 283 409 290 345 258 263 241 405 247 342 3 0
;
191 0 280 106 280 154 278 201 274 265 317 166 243 158 357 159 322 114
200 163 236 114 292 267 283 409 290 347 257 263 241 407 248 348 3 2
;
192 0 278 105 279 154 277 201 274 265 317 165 242 158 357 158 320 114
200 162 235 110 291 267 282 409 290 348 257 264 244 409 247 350 3 2
;
193 0 277 105 277 154 275 202 273 266 316 165 240 157 356 158 319 114
200 161 233 109 290 267 282 409 290 348 256 264 248 408 246 350 3 2
;
194 0 274 105 274 154 272 202 270 267 312 163 237 157 357 164 316 115
196 160 230 109 287 268 282 408 290 347 253 266 249 405 246 342 3 2
;
195 0 273 105 272 154 271 202 269 267 310 163 235 157 351 160 315 115
193 161 227 110 285 268 282 408 290 347 252 266 249 405 245 341 3 2
;
196 0 270 104 270 154 268 202 266 267 308 162 233 157 349 160 312 115
187 163 221 114 283 268 282 408 288 348 250 266 249 404 245 340 3 3
;
197 0 268 104 269 153 267 202 265 267 306 162 232 157 348 160 310 115
184 164 218 115 282 268 282 408 287 348 249 267 249 404 244 340 3 3
;
198 0 265 104 267 153 266 202 264 267 304 161 229 157 345 160 307 114
182 165 215 116 281 268 281 408 285 348 248 267 248 405 243 343 3 3
;
199 0 264 104 266 153 264 202 263 267 302 161 228 157 343 160 305 114
181 166 214 117 280 268 281 408 285 348 247 267 248 405 242 344 3 3
;
200 0 261 104 263 153 263 202 262 267 301 161 225 157 343 164 300 115
179 167 211 118 278 268 281 408 284 347 245 266 248 405 242 344 3 3
;
201 0 259 104 262 153 261 202 260 267 298 161 224 157 338 163 299 115
178 167 210 118 277 267 281 408 283 348 244 266 248 405 241 345 3 3
;
202 0 256 105 260 153 260 202 259 267 296 161 222 158 336 163 296 115
176 168 207 119 276 267 280 408 282 349 243 266 247 405 240 345 3 3
;
203 0 255 105 259 153 259 202 258 267 295 161 221 158 334 163 294 115
174 169 205 120 275 267 280 409 280 350 242 266 247 406 240 345 3 3
;
204 0 252 106 257 153 257 202 256 267 292 161 220 158 332 161 290 111
173 171 203 122 273 267 279 410 276 352 240 266 247 406 239 346 2 3
;
205 0 251 106 256 154 256 202 256 266 291 161 219 158 330 160 288 110
172 171 203 123 272 267 280 410 275 350 239 266 247 406 238 346 2 3
;
206 0 250 107 254 154 255 202 255 266 289 161 218 159 328 159 285 109
170 174 201 125 271 266 277 409 274 347 238 266 246 405 236 343 2 3
;
207 0 249 107 254 154 254 202 254 266 289 161 218 159 328 158 284 108
170 174 200 125 271 266 275 408 273 346 238 266 246 405 236 343 2 3
;
208 0 248 107 253 154 253 201 254 265 288 160 217 160 327 156 286 111
169 175 199 125 270 265 271 402 272 333 237 266 246 406 243 340 2 3
;
209 0 247 107 252 154 252 201 253 265 287 160 216 160 326 156 286 113
169 175 198 124 270 264 270 401 273 329 237 266 246 406 235 342 3 3
;
210 0 247 107 251 154 252 201 253 264 286 160 216 160 326 156 287 113
168 175 198 124 270 263 267 395 272 317 236 265 246 410 235 342 3 3
;
211 0 246 108 251 154 252 201 253 264 287 160 216 160 327 156 287 114
168 174 198 124 270 263 266 387 273 302 235 265 247 406 235 342 3 3
;
212 0 246 108 250 155 251 201 251 264 286 161 215 160 330 163 287 115
167 174 199 125 269 263 265 381 273 293 234 265 248 409 235 342 3 3
;
213 0 246 108 250 155 251 201 252 264 286 161 216 160 326 160 287 115
167 174 199 126 270 262 265 381 273 292 234 265 247 408 235 342 3 3
;
214 0 246 108 250 155 251 201 251 263 286 161 216 160 326 161 286 115
167 174 200 126 270 262 265 377 274 288 234 264 246 409 236 342 2 3
;
215 0 246 109 250 155 251 201 252 263 286 161 217 160 327 162 286 114
167 174 200 125 270 261 266 376 274 289 234 264 246 408 236 342 2 3
;
216 0 247 109 250 155 251 201 251 263 286 161 217 160 326 159 286 112
167 174 200 125 270 261 269 380 273 299 233 264 246 407 237 342 1 3
;
217 0 247 109 250 155 251 201 251 263 286 161 216 160 326 159 286 112
167 174 200 124 269 261 271 380 273 303 233 264 247 407 237 342 1 3
;
218 0 247 109 250 155 251 201 252 263 287 161 216 160 327 158 286 109
167 173 201 123 269 261 276 386 273 318 234 264 247 408 238 346 1 3
;
219 0 247 108 250 155 251 201 252 263 287 161 216 160 327 157 286 108
167 173 201 123 270 261 277 387 274 321 234 264 247 408 238 346 1 3
;
220 0 248 108 251 155 252 201 253 262 287 161 216 160 327 155 287 105
168 173 202 123 270 261 278 398 274 331 235 264 247 409 238 346 1 3
;
221 0 249 108 251 154 252 201 253 263 287 161 217 159 327 155 287 105
169 173 202 123 270 261 279 400 274 335 236 264 247 408 237 344 1 3
;
222 0 250 107 251 154 252 201 254 263 288 160 217 159 328 154 290 107
169 172 203 122 271 262 280 407 275 348 237 264 247 407 237 343 1 3
;
223 0 250 107 252 154 253 201 255 264 288 160 217 159 328 154 293 109
170 172 204 122 272 263 280 409 276 351 238 265 247 407 237 344 1 3
;
224 0 252 106 255 153 255 201 257 265 290 160 218 159 331 154 295 110
170 171 206 121 273 265 276 411 277 353 240 265 247 408 237 346 3 3
;
225 0 253 106 256 153 257 201 257 265 292 160 219 159 332 154 296 110
172 170 207 121 274 265 274 412 278 353 241 266 247 408 237 346 3 3
;
226 0 256 105 259 153 259 201 260 266 295 160 221 159 335 155 299 111
174 169 210 120 276 266 273 411 278 352 243 266 246 409 239 347 3 3
;
227 0 259 105 261 153 261 201 261 267 297 160 223 158 338 156 303 111
176 168 214 119 278 267 274 410 280 351 244 266 246 410 240 349 3 3
;
228 0 261 104 262 153 261 201 262 267 299 160 223 158 340 156 305 112
178 167 215 119 278 267 274 411 280 352 245 266 247 411 241 350 3 3
;
229 0 263 104 264 153 263 202 262 267 301 161 226 158 342 157 307 112
179 167 217 119 279 267 274 411 281 352 246 266 247 411 242 350 3 3
;
230 0 266 104 267 154 266 202 265 267 304 161 229 158 347 158 311 113
182 167 220 119 281 267 273 410 283 351 248 266 248 408 244 349 3 3
;
231 0 269 105 270 155 268 202 266 267 306 162 233 158 350 160 314 115
186 167 224 120 283 268 272 410 283 351 249 266 242 423 243 348 3 3
;
232 0 271 106 271 155 269 203 266 267 309 164 235 158 359 166 314 116
188 167 226 120 283 268 272 410 282 351 250 266 242 408 242 348 3 3
;
233 0 272 106 272 156 269 203 267 266 310 165 236 159 351 162 315 117
189 167 228 120 284 268 272 410 282 351 250 265 241 406 242 343 3 3
;
234 0 274 107 273 156 270 203 267 265 311 166 237 159 359 170 316 119
194 165 233 117 284 267 274 409 282 349 249 263 240 397 242 326 3 0
;
235 0 275 108 274 157 271 202 267 264 311 167 238 159 359 171 317 121
198 162 235 113 285 266 274 409 282 346 249 261 239 393 243 311 3 1
;
236 0 275 108 274 157 271 202 267 263 311 167 239 159 351 164 317 121
199 161 235 112 285 266 274 409 282 346 249 261 240 383 243 298 3 2
;
237 0 276 109 275 157 272 203 273 265 311 167 239 159 351 164 319 122
198 163 232 117 290 266 275 408 283 340 257 266 241 370 242 279 3 3
;
238 0 277 110 276 158 277 205 278 269 312 168 239 159 363 174 319 122
197 164 231 120 294 268 275 408 283 340 262 271 243 355 241 262 3 3
;
239 0 277 110 277 159 277 205 278 270 313 169 240 160 362 174 320 123
197 165 232 121 294 268 276 407 283 339 262 271 244 355 241 262 3 3
;
240 0 277 110 277 159 277 205 278 270 313 169 240 160 353 164 320 122
197 166 232 121 294 268 276 408 283 339 262 271 245 354 240 263 3 3
;
241 0 278 109 278 158 278 205 278 269 314 168 241 160 354 163 321 121
197 166 232 120 295 268 276 408 284 340 262 271 243 383 237 300 3 3
;
242 0 278 109 278 158 278 205 278 269 314 168 241 160 363 171 322 120
197 166 232 120 295 268 273 414 270 338 262 269 242 391 238 310 3 3
;
243 0 278 108 278 158 277 204 275 266 315 167 241 159 365 169 322 119
196 165 232 119 292 267 277 408 272 338 258 265 243 390 241 321 3 3
;
244 0 278 108 278 157 276 203 273 265 315 167 242 159 356 161 322 118
196 165 231 118 291 266 277 408 277 339 256 263 243 396 243 330 3 3
;
245 0 278 107 277 156 275 202 272 265 314 166 241 158 355 161 321 117
195 164 231 117 290 267 277 408 286 346 255 263 243 404 245 339 3 3
;
246 0 278 106 276 156 275 202 272 265 314 166 241 158 362 168 321 117
201 156 230 117 289 267 277 408 286 346 255 263 244 406 246 346 3 3
;
247 0 277 106 275 155 274 202 271 265 313 165 239 157 358 167 320 116
192 163 228 116 289 267 276 409 287 348 254 264 238 413 247 351 3 3
;
248 0 277 106 274 155 273 202 271 266 312 165 238 157 353 162 319 116
191 163 227 116 288 267 276 409 287 349 254 265 251 410 247 353 3 3
;
249 0 274 105 273 155 271 203 268 267 311 165 236 157 352 162 315 115
189 164 224 116 285 268 276 407 287 348 252 266 252 404 247 342 3 3
;
250 0 273 105 272 155 270 203 267 267 310 165 235 157 352 166 314 115
188 164 223 116 284 268 276 407 286 348 250 266 252 404 246 341 3 3
;
251 0 270 105 270 154 268 202 265 267 307 163 232 157 350 166 311 115
186 165 219 117 282 267 277 406 285 347 249 266 251 403 245 341 3 3
;
252 0 268 104 269 154 267 202 264 267 306 162 232 157 347 162 308 114
185 165 218 117 281 267 277 407 283 348 248 266 251 404 244 341 3 3
;
253 0 265 104 267 154 265 202 263 266 304 162 229 157 344 161 305 114
182 166 216 118 279 267 277 407 282 348 246 266 250 404 244 341 3 3
;
254 0 264 104 267 154 265 202 262 266 304 162 229 157 344 161 304 114
181 166 214 118 279 267 277 407 281 347 246 265 250 404 243 340 3 3
;
255 0 261 105 264 154 263 202 262 266 300 162 226 157 340 160 300 115
180 167 212 119 278 267 276 407 281 347 245 265 250 404 243 340 3 3
;
256 0 261 105 263 153 262 202 261 266 299 162 226 157 339 160 299 115
179 167 211 119 278 266 276 407 281 347 245 265 249 404 243 340 3 3
;
257 0 259 105 264 154 262 202 261 266 299 162 226 157 339 160 297 114
178 167 209 118 277 266 275 408 280 347 244 265 249 404 243 340 3 3
;
258 0 258 105 262 153 261 201 260 266 298 161 224 157 338 159 297 114
178 167 209 119 277 266 275 407 280 347 244 265 249 404 242 340 3 3
;
259 0 257 105 261 153 260 201 259 265 296 161 223 157 336 159 296 114
177 168 208 119 276 266 275 407 279 347 243 265 249 404 242 340 3 3
;
260 0 256 105 260 153 260 201 259 265 296 161 222 157 336 159 296 114
177 168 208 119 275 266 275 407 279 347 243 265 249 404 242 340 3 3
;
261 0 256 105 259 153 259 201 258 265 295 161 222 157 335 159 295 114
176 168 207 119 274 265 275 408 279 347 242 265 249 404 242 340 3 3
;
262 0 255 105 259 153 259 201 258 265 295 161 221 157 334 158 295 114
176 168 207 118 274 265 275 407 279 347 242 265 249 404 241 340 3 3
;
263 0 255 105 258 153 258 201 258 265 294 161 220 157 334 158 295 114
175 168 207 119 274 265 275 407 279 347 242 265 249 404 241 340 3 3
;
264 0 254 105 258 153 258 201 257 265 294 161 220 157 334 158 294 114
175 168 207 119 274 265 275 408 279 347 241 265 249 404 241 340 3 3
;
265 0 254 105 258 153 257 201 257 265 294 161 220 157 333 158 294 113
175 168 207 119 274 265 275 408 278 347 241 265 248 404 241 340 3 3
;
266 0 254 105 257 153 257 201 257 265 293 161 220 157 333 158 294 113
174 168 207 119 273 265 275 408 278 348 241 265 248 404 241 340 3 3
;
267 0 254 105 257 153 257 201 257 265 293 160 220 157 333 158 294 113
174 168 207 119 273 265 275 408 278 348 241 265 248 404 241 340 3 3
;
268 0 254 105 257 153 257 201 257 265 293 160 219 157 333 158 294 113
174 168 207 119 273 265 275 408 278 348 241 265 248 404 241 340 3 3
;
269 0 254 105 257 153 257 201 257 265 293 160 219 157 333 158 295 113
174 168 207 119 273 265 275 408 278 348 241 265 248 404 241 340 3 3
;
270 0 254 105 257 153 257 201 257 265 293 160 219 157 333 158 294 113
174 168 207 119 273 265 275 408 278 348 241 265 248 404 241 339 3 3
;
271 0 254 105 257 153 257 201 257 265 293 160 219 158 333 158 294 113
174 168 206 119 273 265 275 408 278 348 240 265 248 404 240 343 3 3
;
272 0 254 105 257 153 257 201 257 265 293 160 219 158 333 158 294 114
174 168 206 119 273 265 275 408 278 348 240 265 248 404 240 342 3 3
;
273 0 253 106 256 154 256 201 256 265 292 161 219 158 332 158 293 114
173 169 205 121 272 266 274 408 275 350 240 265 248 405 239 346 3 3
;
274 0 253 106 256 154 256 202 256 265 292 161 219 159 331 158 291 115
173 170 204 122 272 266 275 410 274 349 239 265 249 407 239 347 3 3
;
275 0 251 108 254 155 255 202 255 266 290 162 218 159 329 159 289 117
172 171 204 123 272 266 278 410 276 347 239 266 249 406 239 347 3 3
;
276 0 251 108 254 155 255 202 255 265 290 162 218 159 329 160 288 118
172 171 203 124 271 265 276 410 277 345 239 265 249 406 239 347 3 3
;
277 0 250 109 253 156 254 202 254 264 288 163 218 160 327 160 287 119
171 171 202 123 271 263 274 402 277 331 238 265 250 407 248 338 3 3
;
278 0 249 109 252 156 253 202 254 264 288 163 217 160 329 164 287 118
170 171 201 123 270 263 276 405 276 327 238 265 250 407 238 342 3 3
;
279 0 249 109 252 156 252 202 253 264 287 163 217 160 328 163 287 117
170 171 201 122 269 263 273 378 277 307 236 265 250 407 239 342 3 3
;
280 0 249 109 252 156 252 202 252 263 287 163 217 160 326 160 287 117
169 171 201 123 268 263 271 375 277 303 235 264 250 407 239 341 3 3
;
281 0 248 109 252 155 252 201 251 263 287 163 217 160 329 163 288 117
169 171 202 123 268 262 270 370 277 298 234 263 249 407 239 341 3 3
;
282 0 248 109 252 155 252 201 251 263 287 163 217 160 327 160 288 117
169 171 202 123 267 262 270 370 277 298 234 263 249 407 239 341 1 3
;
283 0 248 108 252 155 252 201 251 262 287 163 217 160 327 160 288 117
169 171 202 123 268 262 274 369 276 299 234 263 249 407 240 340 1 3
;
284 0 248 109 252 155 252 201 251 262 287 163 217 160 328 163 288 117
168 171 202 123 268 262 277 379 275 310 234 263 250 407 240 340 1 3
;
285 0 248 109 251 155 251 201 251 262 286 163 216 160 328 164 287 118
168 171 202 123 268 262 279 390 275 322 234 263 250 408 240 347 1 3
;
286 0 248 109 251 155 251 201 251 262 286 163 216 160 325 162 287 118
168 171 202 123 268 261 280 397 275 327 235 263 250 408 239 348 3 3
;
287 0 248 109 251 155 251 201 252 263 287 163 216 160 326 161 287 118
168 171 202 123 268 262 283 406 275 346 235 264 250 408 239 348 1 3
;
288 0 248 109 251 155 251 201 252 263 287 163 216 160 329 163 288 117
168 171 202 123 269 262 282 411 274 350 235 264 250 408 238 347 1 3
;
289 0 248 108 251 155 252 201 252 264 288 162 216 160 327 160 288 116
168 171 202 122 269 263 281 412 272 350 236 264 250 408 237 348 1 3
;
290 0 248 108 251 155 252 201 253 264 288 162 216 160 331 163 289 116
168 171 202 122 269 264 280 412 272 352 236 264 250 408 237 348 1 3
;
291 0 248 108 252 154 252 201 253 264 288 162 216 160 328 160 289 115
169 171 202 122 270 264 278 412 274 352 237 265 250 408 237 348 1 3
;
292 0 248 108 253 154 253 201 253 264 288 162 216 159 328 159 289 115
169 171 202 122 270 264 279 412 275 352 237 265 249 407 237 347 1 3
;
293 0 248 107 253 154 253 201 254 265 288 162 216 159 328 159 289 114
169 171 202 121 270 265 281 411 279 350 237 265 249 407 238 346 1 3
;
294 0 248 107 253 154 253 201 254 265 288 162 216 159 328 159 288 115
169 170 202 120 270 265 282 410 279 348 238 265 248 406 238 339 1 3
;
295 0 248 107 253 154 253 201 254 265 288 162 216 159 328 158 288 115
169 170 202 120 270 265 282 409 279 348 238 265 248 406 238 341 1 3
;
296 0 248 107 252 154 253 201 254 265 288 162 216 159 328 158 288 115
169 170 202 120 270 265 282 409 279 348 238 265 248 406 238 343 1 3
;
297 0 248 107 253 154 253 201 254 265 288 162 216 159 328 158 287 115
169 170 201 121 270 265 282 409 278 349 238 265 248 406 238 344 1 3
;
298 0 248 107 253 154 253 201 254 265 288 162 216 159 328 158 287 115
168 170 201 121 270 264 282 408 278 350 238 265 248 406 238 344 1 3
;
299 0 247 107 251 154 252 201 254 264 286 161 215 159 325 159 286 116
168 170 201 121 270 264 281 408 276 350 238 264 248 406 238 344 3 3
;
300 0 247 107 250 154 252 201 254 264 285 161 214 159 326 163 285 117
167 169 200 121 270 263 277 405 275 345 238 264 248 406 237 345 3 3
;
301 0 247 107 250 154 252 201 254 263 284 161 214 159 323 160 285 118
167 169 200 121 270 262 276 402 276 336 238 264 248 405 237 344 3 3
;
302 0 247 107 250 154 252 200 254 263 284 161 214 160 325 163 285 118
167 170 200 121 270 261 276 400 277 334 238 264 248 406 238 343 3 3
;
303 0 246 107 249 154 251 200 254 262 284 161 214 160 326 164 285 117
166 170 201 122 270 260 275 393 276 325 237 263 249 407 238 343 1 3
;
304 0 246 107 249 154 251 200 254 261 284 161 214 160 327 164 286 117
166 170 201 122 270 260 275 387 275 318 237 263 249 407 239 343 1 3
;
305 0 246 107 250 154 252 200 255 260 284 161 215 160 327 161 286 116
166 170 201 122 273 258 274 375 275 303 238 263 249 407 240 342 1 3
;
306 0 246 107 250 154 252 199 255 260 285 161 215 160 328 162 287 116
166 170 201 121 273 257 274 350 278 275 237 262 249 407 241 341 1 3
;
307 0 247 107 250 154 252 199 255 260 285 161 215 160 328 162 287 116
166 170 202 121 273 257 275 349 278 275 237 261 249 407 241 340 1 3
;
308 0 247 107 250 154 252 199 255 259 285 161 216 160 328 161 287 116
166 170 202 121 273 257 276 359 277 292 237 261 249 407 242 339 1 3
;
309 0 247 107 251 154 252 199 254 260 286 161 216 159 325 159 287 116
167 170 203 121 272 259 278 362 277 296 237 262 249 407 242 338 1 3
;
310 0 248 107 251 154 252 199 254 260 286 161 216 159 326 159 288 116
167 170 203 121 271 259 280 371 278 306 236 262 250 408 242 338 1 3
;
311 0 248 107 251 154 252 199 254 261 286 161 216 159 329 161 288 115
167 169 203 120 271 259 279 379 277 319 236 262 250 408 242 338 1 3
;
312 0 248 107 251 153 253 200 254 261 286 161 216 159 331 162 290 115
167 169 203 120 271 260 279 396 277 333 237 263 250 407 240 339 1 3
;
313 0 249 107 252 153 253 200 255 262 287 161 217 159 329 159 291 114
167 168 204 119 272 261 279 401 277 337 238 264 250 407 240 339 1 3
;
314 0 250 106 252 153 253 200 255 263 287 161 217 159 328 158 292 114
168 168 205 119 272 262 278 404 276 346 238 264 250 407 239 340 1 3
;
315 0 251 106 253 153 255 200 256 264 289 161 217 159 336 162 294 113
169 168 207 119 273 264 278 410 275 352 239 265 250 407 238 347 3 3
;
316 0 253 106 255 153 256 201 257 265 291 160 218 159 333 159 295 114
170 168 208 119 274 265 277 412 275 353 240 266 250 408 238 348 3 3
;
317 0 256 106 258 153 258 201 259 266 293 161 220 159 334 159 298 114
173 168 211 119 275 266 273 413 277 355 242 266 245 408 240 351 1 3
;
318 0 259 107 261 154 261 202 261 266 297 162 223 160 337 159 302 115
178 168 215 120 278 267 273 411 279 353 245 266 244 410 240 347 3 1
;
319 0 260 107 263 155 263 203 263 267 298 163 225 160 339 160 303 115
179 169 217 121 280 267 273 410 279 352 246 266 242 407 240 342 3 1
;
320 0 262 108 264 155 264 203 265 266 300 164 226 160 340 161 305 117
182 170 220 122 281 267 273 410 280 351 248 265 241 402 241 334 3 1
;
321 0 263 108 265 155 265 202 265 266 301 164 228 160 341 161 306 117
184 169 220 122 282 267 273 410 280 350 248 265 240 397 241 328 3 1
;
322 0 265 107 266 155 265 202 264 264 302 164 229 160 342 161 307 116
185 168 221 120 282 266 275 409 280 342 247 262 241 386 241 313 3 1
;
323 0 266 108 267 155 265 201 264 264 303 164 230 160 342 160 308 114
186 168 222 119 282 266 275 409 280 341 246 262 242 373 240 298 1 1
;
324 0 267 107 269 154 267 200 265 263 304 165 231 159 343 160 308 109
187 168 223 120 283 265 275 408 280 341 247 261 244 357 236 279 1 3
;
325 0 267 107 269 154 267 200 265 262 304 165 231 159 344 160 308 108
187 168 223 120 283 265 275 408 280 340 247 260 243 358 236 279 1 3
;
326 0 268 107 270 154 268 200 265 262 305 165 232 159 344 159 308 103
188 168 224 120 283 265 275 408 280 340 247 260 242 370 236 293 1 3
;
327 0 268 107 270 154 268 200 265 262 305 165 232 159 345 158 308 103
189 168 224 120 283 265 275 408 280 341 247 260 238 381 237 305 1 3
;
328 0 269 107 270 154 267 200 264 262 306 164 233 159 345 158 307 103
189 168 224 120 282 264 275 408 280 342 246 259 237 392 236 316 1 3
;
329 0 269 107 270 154 268 200 264 262 306 164 233 159 345 157 307 106
189 168 224 120 282 264 275 408 272 340 246 260 235 396 237 327 1 3
;
330 0 269 107 270 153 268 200 265 263 304 163 233 158 344 157 310 112
189 166 225 117 282 265 275 408 281 345 248 261 234 404 238 337 1 2
;
331 0 269 107 269 154 267 200 265 263 303 163 233 158 344 157 310 112
191 164 225 114 282 265 275 408 281 346 248 261 236 408 239 345 1 2
;
332 0 268 106 267 154 266 201 264 264 302 162 230 158 344 157 309 113
191 162 225 111 281 265 274 408 282 347 248 263 239 410 241 349 1 2
;
333 0 267 106 267 154 266 201 264 265 302 162 229 158 344 157 309 114
191 162 225 110 281 266 274 409 282 347 248 264 240 408 240 350 1 1
;
334 0 266 106 266 154 265 201 262 266 301 162 229 158 343 158 307 115
190 161 223 109 279 266 275 408 282 347 246 265 241 406 239 341 1 1
;
335 0 265 106 265 154 263 201 261 266 301 162 228 158 341 159 306 115
190 160 222 108 277 266 275 408 281 346 245 265 241 405 238 340 1 1
;
336 0 263 105 264 154 262 201 259 266 299 162 227 157 340 159 304 115
188 157 217 111 276 266 275 407 280 345 243 265 241 403 237 338 1 1
;
337 0 262 105 263 154 261 201 259 266 299 161 226 157 339 159 304 114
178 163 215 113 275 266 275 407 280 345 243 266 241 403 237 338 1 0
;
338 0 261 104 263 154 261 201 258 266 298 161 225 157 338 159 301 113
178 166 213 116 274 266 275 407 279 345 242 266 240 404 237 338 1 3
;
339 0 260 104 262 154 261 201 258 266 298 161 225 158 338 159 300 112
178 166 213 117 274 266 275 407 278 345 242 265 240 404 237 339 3 3
;
340 0 260 104 262 154 261 201 258 265 298 161 225 158 337 158 297 110
178 166 212 118 275 266 276 407 279 344 242 265 240 404 237 339 2 3
;
341 0 260 104 262 154 261 201 258 265 298 161 225 158 337 158 296 108
178 166 212 118 275 266 276 407 279 344 242 265 240 404 237 339 2 3
;
342 0 260 104 262 154 261 201 259 265 298 161 225 158 337 157 297 106
178 167 213 119 276 265 276 408 279 344 243 265 240 404 237 339 1 3
;
343 0 260 104 262 154 261 201 259 265 298 161 225 158 338 157 299 106
178 168 213 119 276 265 276 408 280 345 243 265 240 404 237 339 1 3
;
344 0 261 105 263 153 262 201 260 266 298 161 225 158 339 157 303 109
179 168 215 119 277 266 276 408 281 345 244 265 240 404 238 340 1 3
;
345 0 262 105 264 153 263 201 261 266 298 161 225 158 340 157 305 111
180 167 217 119 277 266 276 408 281 345 245 266 240 405 238 344 1 3
;
346 0 264 105 265 153 264 202 263 266 299 161 228 158 342 157 309 113
182 167 219 119 280 266 276 408 283 345 247 266 240 406 240 347 1 3
;
347 0 266 105 267 154 266 202 265 266 303 162 229 159 344 158 310 115
183 167 221 119 281 266 276 408 283 346 248 266 241 407 241 348 1 3
;
348 0 269 106 269 155 268 202 266 266 306 163 232 159 346 159 313 117
186 167 224 120 283 267 276 408 285 345 250 266 238 406 243 346 3 3
;
349 0 270 107 270 155 269 202 267 266 307 163 233 159 347 160 314 118
188 167 225 121 284 267 276 408 285 345 251 266 238 407 243 346 3 3
;
350 0 272 107 272 156 270 203 268 266 309 165 236 159 349 161 316 120
190 168 228 122 285 267 276 408 286 346 252 265 240 404 244 338 3 3
;
351 0 273 108 272 156 271 203 269 265 309 165 237 159 359 172 317 121
191 167 228 122 285 267 276 408 286 346 252 264 242 402 245 333 3 3
;
352 0 274 108 273 156 271 203 269 265 309 165 238 160 359 174 317 122
193 167 229 122 286 266 276 408 284 341 252 263 241 394 245 319 3 3
;
353 0 274 109 273 156 271 202 268 264 309 165 238 160 348 165 317 122
194 167 230 122 286 266 276 408 284 342 251 262 241 390 245 311 3 3
;
354 0 275 109 274 157 272 202 269 263 310 167 239 160 349 165 317 123
195 166 231 122 287 266 276 408 284 341 251 261 242 370 243 285 3 3
;
355 0 276 109 275 157 272 202 269 263 310 167 239 160 349 165 317 123
195 166 231 122 287 265 276 408 284 341 251 260 242 369 243 283 3 3
;
356 0 276 109 275 157 272 202 269 262 310 168 240 160 349 165 317 123
195 166 231 121 287 265 276 408 284 340 251 259 243 352 241 265 3 3
;
357 0 276 109 275 157 272 202 269 262 311 168 240 160 349 165 317 123
196 166 232 121 287 265 276 408 284 340 251 259 243 352 241 267 3 3
;
358 0 276 109 275 157 272 202 269 262 311 168 241 160 350 164 317 122
196 166 232 121 287 265 276 408 284 340 251 259 243 366 238 288 3 3
;
359 0 276 109 276 157 272 201 268 261 311 168 241 160 359 172 318 122
196 166 232 121 286 264 276 408 284 340 250 258 241 375 236 300 3 3
;
360 0 276 109 276 157 272 201 268 261 310 166 241 159 358 172 317 122
196 166 232 120 286 264 277 408 273 334 250 259 240 390 237 317 3 3
;
361 0 276 109 276 157 272 201 268 261 310 166 241 159 350 163 318 121
196 166 231 120 286 264 277 408 276 338 251 259 240 396 238 326 3 3
;
362 0 276 108 275 156 272 201 268 262 310 165 240 159 350 163 318 120
196 165 230 118 286 264 277 408 285 342 251 260 238 402 239 337 3 3
;
363 0 276 108 275 156 272 201 268 262 310 165 239 158 357 171 318 120
195 164 229 118 285 264 277 408 285 342 251 260 237 406 241 341 3 3
;
364 0 274 107 274 155 271 201 267 263 309 164 237 158 355 170 316 119
193 164 227 117 284 265 276 408 285 345 251 262 238 409 241 348 3 3
;
365 0 273 107 273 155 270 201 267 264 309 164 236 158 348 162 315 119
191 164 225 117 283 265 276 408 285 345 251 263 239 409 240 347 3 3
;
366 0 271 106 270 155 268 202 264 265 307 164 233 158 346 163 312 118
189 164 223 117 280 266 276 408 285 345 248 265 240 407 240 342 3 3
;
367 0 269 106 269 154 266 202 263 265 305 163 232 158 347 168 310 119
186 163 222 117 279 266 276 408 284 345 247 265 240 404 239 340 3 3
;
368 0 266 105 266 154 264 201 261 265 303 163 230 157 345 168 307 118
184 164 218 117 277 266 276 408 283 345 245 265 240 404 238 339 3 3
;
369 0 265 105 267 154 264 201 260 265 303 163 229 158 342 164 306 118
183 164 217 117 276 266 276 407 282 345 244 265 240 403 238 338 3 3
;
370 0 263 105 265 154 263 201 260 265 301 162 227 158 341 163 303 116
181 165 214 118 276 266 276 407 281 344 244 265 240 404 237 338 3 3
;
371 0 262 105 265 154 263 201 259 265 301 162 227 158 341 163 302 115
181 165 214 118 275 266 276 407 281 344 243 265 240 404 237 338 3 3
;
372 0 261 105 263 153 262 201 259 265 299 162 225 157 338 161 299 111
179 166 212 118 275 266 276 407 280 344 243 265 240 404 236 338 1 3
;
373 0 261 105 262 153 261 201 259 265 298 162 225 157 337 161 297 110
179 166 212 118 275 266 276 407 280 344 243 265 240 404 236 338 1 3
;
374 0 260 105 262 153 260 201 258 265 297 162 224 158 337 160 297 109
178 166 212 117 275 266 276 407 280 344 242 265 240 404 236 338 1 3
;
375 0 260 105 261 153 260 201 258 266 297 162 223 158 337 160 300 113
178 165 213 116 275 266 276 407 280 344 242 265 240 404 236 338 1 0
;
376 0 260 105 261 153 260 201 258 266 297 162 223 158 337 160 302 115
180 164 215 114 275 266 276 408 280 344 242 265 240 404 236 339 1 0
;
377 0 260 105 262 154 261 201 259 266 297 162 224 158 337 161 303 115
182 163 217 110 275 266 276 408 280 345 242 266 240 404 236 340 1 2
;
378 0 261 105 264 154 262 202 260 266 299 162 225 158 339 161 305 116
184 162 219 110 277 267 276 408 281 345 244 266 240 406 238 348 3 1
;
379 0 261 106 264 154 263 202 261 266 300 162 225 158 340 162 306 117
185 162 221 110 278 267 276 408 282 345 245 266 239 408 239 344 3 1
;
380 0 264 107 266 155 265 203 264 266 301 163 226 158 341 162 308 119
187 158 225 111 280 267 276 408 284 345 247 266 234 405 239 343 3 1
;
381 0 266 108 268 156 267 203 266 267 304 165 230 160 352 172 310 120
192 160 227 117 282 268 276 408 284 345 249 266 236 404 239 336 3 1
;
382 0 267 108 268 157 267 203 266 267 305 165 232 161 344 165 310 121
191 169 227 120 283 268 276 408 284 345 250 266 239 399 240 332 3 1
;
383 0 267 108 269 157 268 203 267 267 305 166 233 161 354 172 311 121
191 169 227 121 284 268 276 408 284 345 250 265 239 395 240 322 3 1
;
384 0 269 109 270 157 269 203 269 266 307 166 234 161 346 164 312 120
191 169 227 122 286 268 276 408 283 345 252 265 239 384 241 311 3 1
;
385 0 269 109 272 157 271 203 271 266 306 166 235 161 346 164 312 120
192 170 227 123 288 267 276 408 283 345 254 265 240 376 240 294 3 3
;
386 0 270 109 272 157 272 203 271 266 306 166 235 161 346 164 312 120
192 170 227 123 289 267 276 408 283 342 254 265 240 369 240 285 3 3
;
387 0 270 109 272 157 272 203 271 266 306 166 235 161 346 164 312 120
192 170 227 123 289 266 276 408 283 340 254 265 240 352 238 267 3 3
;
388 0 270 109 272 157 272 203 271 265 306 166 235 161 346 163 312 119
192 170 227 122 289 266 276 408 283 341 254 265 240 352 238 267 3 3
;
389 0 271 109 272 156 272 203 271 265 306 165 236 161 347 163 313 118
192 170 227 121 289 266 276 409 283 341 254 264 239 367 236 288 3 3
;
390 0 271 109 272 156 272 202 271 265 306 165 236 161 347 162 313 118
192 170 227 121 289 266 276 409 283 341 254 264 237 377 234 302 3 3
;
391 0 271 108 272 156 272 202 270 265 306 165 236 161 347 162 313 117
193 168 228 120 287 266 277 409 283 341 253 263 235 390 234 318 3 3
;
392 0 271 108 273 155 271 202 270 264 306 164 236 160 347 161 313 117
193 168 227 119 287 266 277 408 276 338 253 263 234 395 236 329 3 3
;
393 0 271 106 272 155 271 202 269 264 307 164 236 159 348 161 313 115
192 166 226 118 286 266 277 408 284 343 252 263 234 404 238 340 3 3
;
394 0 271 106 272 154 271 201 269 265 307 163 235 158 348 160 313 115
191 166 225 117 286 266 277 408 284 343 252 263 235 408 239 345 3 3
;
395 0 269 105 271 153 270 201 268 265 307 162 233 157 348 160 313 114
187 165 222 115 284 267 276 408 285 343 251 265 229 406 239 347 3 3
;
396 0 268 105 270 153 268 201 267 266 306 162 232 157 347 159 312 114
186 164 221 115 283 267 276 408 285 343 250 265 237 408 239 347 3 3
;
397 0 266 104 267 153 266 201 264 267 304 162 229 157 345 159 309 114
183 165 218 116 281 267 277 407 285 342 248 266 238 406 239 341 1 3
;
398 0 265 103 266 152 265 201 263 267 303 161 228 157 344 159 307 113
182 165 216 116 279 267 276 407 284 342 247 267 238 405 238 340 1 3
;
399 0 262 103 264 152 263 201 261 267 302 161 226 157 343 159 304 113
178 166 213 116 278 267 276 407 283 343 245 267 238 404 238 339 1 3
;
400 0 261 102 264 152 262 201 261 267 301 161 226 157 342 160 303 113
178 166 212 116 277 267 276 407 282 343 244 267 238 404 237 339 1 3
;
401 0 259 102 262 152 261 201 260 267 298 161 224 157 339 159 300 113
177 166 210 116 276 268 276 407 282 343 243 267 238 404 236 340 3 3
;
402 0 258 102 261 152 260 201 259 267 297 161 223 157 338 159 299 113
177 167 209 117 275 268 276 407 281 343 243 267 238 404 236 339 3 3
;
403 0 257 103 260 152 259 201 258 267 296 161 221 157 337 159 296 111
175 167 208 116 275 268 276 407 281 343 242 267 238 404 235 339 3 3
;
404 0 257 103 259 152 259 201 258 267 296 161 221 157 336 159 295 108
175 167 208 116 275 267 276 407 280 343 242 267 238 404 235 339 1 3
;
405 0 256 103 259 152 258 201 257 267 295 160 220 157 336 159 294 107
174 167 207 116 274 267 276 407 280 342 241 266 238 404 235 339 1 3
;
406 0 256 103 259 152 258 201 257 267 295 160 220 156 336 159 294 106
174 167 207 117 274 267 276 406 279 343 241 266 238 404 235 339 1 3
;
407 0 255 103 258 152 258 201 257 267 294 160 220 157 335 158 295 107
174 167 207 117 273 267 275 406 279 343 241 266 237 404 235 339 1 3
;
408 0 255 103 258 152 258 201 257 267 294 160 220 157 335 158 295 109
174 167 207 117 273 267 275 407 279 343 240 266 237 404 235 339 1 3
;
409 0 255 103 258 152 257 201 257 267 294 160 220 157 335 158 297 111
173 167 207 117 273 267 275 406 279 343 240 266 237 404 234 340 3 3
;
410 0 255 103 258 152 257 201 257 267 294 160 219 157 335 158 298 112
173 167 208 117 273 267 275 406 279 343 240 267 237 404 234 340 3 3
;
411 0 255 103 259 152 258 201 257 267 296 160 223 157 337 158 300 113
173 167 209 117 273 268 275 407 279 344 240 267 237 404 234 340 1 3
;
412 0 256 103 260 152 258 201 257 267 297 160 222 157 338 158 301 113
174 167 210 117 273 268 275 407 280 344 241 267 237 404 235 340 1 3
;
413 0 257 103 261 152 259 201 258 267 298 161 224 157 339 160 303 113
175 167 211 117 274 268 275 407 280 343 241 267 237 404 235 340 1 3
;
414 0 258 103 261 152 260 201 258 267 298 161 224 157 340 160 305 113
176 167 213 117 275 268 276 407 280 344 242 267 237 404 235 340 1 3
;
415 0 261 103 262 152 261 201 260 268 300 161 225 158 341 160 308 114
178 166 216 117 276 268 276 407 281 344 243 267 237 404 236 340 1 3
;
416 0 262 103 263 152 262 202 260 268 300 161 225 158 351 166 309 114
178 166 217 117 277 268 276 407 281 344 244 267 237 405 237 344 1 3
;
417 0 266 104 266 153 265 202 263 268 304 162 228 158 353 168 312 115
180 165 221 117 279 268 275 408 283 345 246 268 238 406 238 347 3 3
;
418 0 267 104 267 154 266 202 264 268 305 162 229 158 348 163 314 116
182 165 222 117 281 268 275 408 284 347 248 268 238 407 240 349 3 3
;
419 0 271 105 269 154 267 203 267 268 308 163 233 158 350 163 317 118
186 165 226 118 284 269 275 408 286 347 250 268 237 407 242 349 3 3
;
420 0 273 106 272 155 270 203 268 268 308 164 234 159 359 170 318 119
188 165 228 119 285 269 275 408 286 347 252 267 236 406 243 347 3 3
;
421 0 275 107 274 156 272 204 270 268 312 166 238 160 361 171 320 119
191 166 231 121 286 269 276 408 287 349 253 267 236 405 244 345 3 3
;
422 0 276 108 275 157 273 204 270 268 313 166 239 160 353 162 320 118
194 168 232 121 287 269 277 408 287 348 253 266 239 404 245 336 3 3
;
423 0 279 109 277 157 275 204 272 267 314 167 241 160 354 159 317 115
196 169 233 122 289 268 277 409 286 347 255 265 240 394 245 322 0 3
;
424 0 280 110 278 157 276 204 273 266 314 167 243 160 353 159 316 113
196 169 233 122 291 268 277 409 286 347 256 265 240 389 245 313 2 3
;
425 0 281 110 280 158 277 203 275 266 315 167 243 160 354 159 315 112
197 169 234 122 293 267 277 409 285 345 258 264 239 374 244 287 2 3
;
426 0 282 110 280 158 279 204 279 268 315 167 243 160 354 159 315 113
198 169 235 123 296 267 277 409 285 345 263 269 237 369 243 278 2 3
;
427 0 282 111 280 158 279 204 279 268 315 167 243 160 354 158 316 114
198 170 236 124 296 267 277 408 284 339 263 269 240 358 242 264 2 3
;
428 0 282 111 280 158 279 204 279 268 315 167 243 160 354 159 318 117
198 170 236 124 296 267 277 408 284 339 263 269 240 356 242 261 4 3
;
429 0 282 112 281 158 280 204 279 268 316 168 245 161 355 161 318 120
199 170 237 124 296 267 277 408 284 339 263 269 241 354 242 260 3 3
;
430 0 282 112 281 158 280 204 279 268 317 168 246 161 356 161 318 120
199 169 237 124 296 267 277 408 285 338 263 269 242 356 241 267 3 3
;
431 0 283 111 282 158 281 203 280 266 318 167 246 161 356 160 319 121
199 168 237 122 296 266 278 408 286 340 263 266 242 369 239 289 3 3
;
432 0 283 111 282 157 281 203 280 266 318 167 246 161 356 160 320 120
200 167 236 121 296 266 278 408 286 338 263 265 241 380 238 304 3 3
;
433 0 283 109 281 156 278 200 272 261 318 166 246 160 357 159 322 119
200 165 236 119 289 263 279 408 287 338 254 258 242 389 243 318 3 3
;
434 0 283 109 281 156 278 200 272 261 318 166 246 159 357 158 322 118
199 164 236 118 289 263 279 408 282 338 255 258 242 393 244 329 3 3
;
435 0 282 107 279 155 277 200 272 261 318 165 245 159 357 158 322 117
199 162 236 115 289 263 279 407 288 339 255 259 244 401 246 336 3 3
;
436 0 282 107 279 155 276 201 272 261 318 165 244 159 357 158 322 116
198 159 236 113 289 264 279 407 288 341 255 259 245 404 247 341 3 3
;
437 0 281 106 278 155 275 201 271 262 317 165 242 156 356 157 321 117
198 156 237 107 288 264 279 407 289 343 255 261 248 409 247 346 3 2
;
438 0 279 106 276 154 273 201 269 264 314 164 240 156 353 158 318 117
199 154 233 106 286 265 278 407 288 345 253 263 252 406 247 341 3 1
;
439 0 277 106 274 154 272 201 268 264 312 164 239 156 356 168 316 118
199 154 232 106 284 265 278 407 288 345 252 263 252 405 247 340 3 2
;
440 0 276 106 273 154 271 201 267 264 311 163 237 156 351 159 315 118
197 155 230 106 283 265 279 407 287 345 251 263 252 405 246 339 3 2
;
441 0 273 106 271 154 269 201 265 264 308 163 235 156 348 157 312 117
196 155 225 110 281 265 279 407 285 347 249 263 252 405 245 343 3 2
;
442 0 270 106 269 154 267 201 263 264 307 163 233 156 346 157 309 116
186 162 222 115 279 265 279 407 283 347 248 264 252 405 244 341 3 3
;
443 0 268 106 269 153 266 201 263 264 306 163 232 157 345 157 307 115
186 163 221 117 279 265 279 407 283 347 247 264 252 405 244 340 3 3
;
444 0 267 106 268 154 266 201 263 264 304 163 231 157 343 158 305 116
185 164 220 118 278 265 279 407 282 347 247 264 252 405 244 340 3 3
;
445 0 263 107 265 154 264 201 262 264 301 163 229 157 340 159 301 117
184 164 217 118 277 265 279 407 282 347 246 264 252 405 244 340 3 3
;
446 0 260 107 263 154 262 201 260 264 298 163 227 158 336 160 297 117
182 165 214 120 276 265 277 408 278 349 244 264 251 406 243 340 3 3
;
447 0 258 108 261 155 260 201 259 264 298 163 226 159 336 160 295 118
180 168 212 122 275 265 277 410 275 347 243 264 251 406 242 340 3 3
;
448 0 255 111 258 157 258 203 258 265 293 164 224 161 331 160 291 120
179 170 210 125 274 265 276 408 274 347 242 265 250 407 240 347 3 3
;
449 0 254 112 257 157 257 203 257 265 292 165 223 162 329 160 290 122
178 171 209 127 273 265 276 408 275 346 242 265 250 407 239 349 3 3
;
450 0 253 112 256 158 257 203 257 265 290 165 222 162 327 161 288 125
177 174 208 129 273 264 272 402 275 329 241 265 250 409 246 346 3 3
;
451 0 252 112 256 158 256 203 256 264 289 165 222 162 327 161 288 124
176 174 207 128 273 263 271 394 275 323 240 265 250 409 239 344 3 3
;
452 0 252 112 255 157 255 202 254 263 289 165 221 162 327 161 288 121
175 173 205 126 271 262 271 384 274 304 238 264 250 409 239 344 3 3
;
453 0 252 112 255 157 254 202 253 262 289 164 221 162 327 161 289 120
175 173 204 125 270 261 269 378 273 296 236 263 250 408 239 343 3 3
;
454 0 252 112 254 157 252 202 245 262 289 164 222 161 327 159 289 120
174 173 205 125 261 264 271 361 274 277 230 262 250 407 240 343 3 3
;
455 0 252 112 254 157 251 202 245 263 290 164 223 161 328 159 289 120
174 173 205 125 261 264 271 353 275 269 230 262 250 407 241 342 3 3
;
456 0 254 113 255 157 251 203 245 264 290 165 223 161 329 161 287 119
174 174 207 128 261 266 273 350 275 268 230 263 250 407 242 342 1 3
;
457 0 255 114 255 157 251 203 245 264 290 165 223 161 329 167 287 119
174 175 208 129 261 266 275 348 275 269 230 263 250 407 242 342 1 3
;
458 0 255 113 255 157 252 202 248 263 291 165 224 161 330 164 289 117
175 175 208 128 266 263 278 363 276 291 231 262 250 406 242 341 1 3
;
459 0 255 113 255 157 253 202 252 262 291 165 224 161 330 161 292 117
175 175 208 127 269 262 278 368 276 301 235 262 250 407 242 341 1 3
;
460 0 256 112 256 157 255 202 253 262 291 165 224 160 330 158 297 117
175 174 208 124 270 262 280 387 278 321 237 263 250 407 242 342 1 3
;
461 0 256 111 256 156 255 201 255 262 291 164 224 160 330 157 298 116
175 173 208 123 271 262 279 396 278 330 238 263 250 407 242 341 1 3
;
462 0 257 110 258 156 257 201 257 263 292 164 224 160 334 155 300 116
176 172 210 123 273 262 280 405 279 344 241 264 251 407 241 340 1 3
;
463 0 258 110 259 156 258 201 258 264 293 164 225 160 335 156 300 117
176 172 211 124 274 263 280 409 278 346 242 265 251 407 241 340 1 3
;
464 0 261 109 262 155 261 202 260 265 298 163 227 160 339 157 303 118
179 172 214 124 277 264 279 410 279 351 244 265 251 407 241 345 1 3
;
465 0 263 109 264 156 263 202 262 265 300 163 228 161 340 158 305 118
180 171 215 123 278 265 279 410 280 352 246 266 253 410 242 348 3 3
;
466 0 267 109 268 156 267 203 265 266 304 164 232 161 343 159 310 119
184 170 217 122 281 266 279 410 282 352 249 266 249 408 244 348 3 3
;
467 0 269 109 269 156 268 203 266 266 306 164 233 161 345 160 312 119
186 170 219 122 283 267 276 410 283 351 250 266 248 408 245 349 3 3
;
468 0 273 109 272 157 270 203 269 266 309 166 236 161 357 169 315 121
189 169 223 122 285 267 277 409 284 351 253 265 242 405 245 345 3 3
;
469 0 274 109 273 157 271 203 270 266 310 166 237 160 350 162 317 121
191 169 225 122 286 267 277 409 285 351 254 265 242 405 247 339 3 3
;
470 0 277 109 274 156 272 203 271 265 312 166 238 160 351 161 319 120
194 167 228 120 288 266 278 408 286 348 255 263 242 398 249 329 3 3
;
471 0 277 108 275 156 274 202 272 264 313 166 240 159 352 161 320 120
196 165 231 117 289 266 278 408 287 344 255 262 243 393 249 325 3 2
;
472 0 279 108 277 156 275 201 272 263 313 166 242 158 352 161 322 119
201 161 236 111 289 265 277 408 286 342 255 260 245 384 250 312 3 2
;
473 0 280 109 278 156 275 201 272 262 314 166 242 158 367 170 323 120
201 161 236 111 290 265 277 408 286 341 254 260 245 379 250 303 3 2
;
474 0 282 110 279 156 277 201 276 263 314 167 244 159 355 163 324 122
202 160 238 112 294 265 277 409 286 340 258 261 247 361 251 277 3 2
;
475 0 282 110 280 157 278 202 276 263 315 167 243 159 355 163 324 123
203 161 239 112 294 265 277 409 286 339 257 260 247 359 250 274 3 2
;
476 0 284 112 282 159 279 203 277 263 318 170 246 160 357 166 325 126
204 162 241 114 296 266 277 409 285 339 258 261 247 356 249 268 0 2
;
477 0 284 112 282 159 279 203 276 263 318 171 247 161 358 166 323 122
205 162 242 114 295 266 277 409 285 339 258 260 247 357 249 269 0 2
;
478 0 285 112 282 159 279 203 274 262 319 171 248 160 358 166 324 121
205 162 242 114 294 266 278 409 286 339 255 259 246 357 247 269 0 2
;
479 0 286 111 283 158 279 203 274 262 319 170 248 160 359 166 329 124
205 162 241 114 293 266 278 409 286 338 255 259 246 369 244 285 0 2
;
480 0 288 109 283 157 279 202 273 262 321 169 249 158 373 171 330 122
203 161 240 115 291 265 276 409 274 336 254 258 244 380 242 304 3 3
;
481 0 288 108 284 156 279 202 273 262 321 169 250 158 361 161 331 121
203 160 240 114 291 266 277 409 276 336 255 258 244 389 243 314 3 3
;
482 0 289 107 284 155 279 201 273 262 322 168 250 156 362 160 332 120
202 159 240 113 291 266 279 408 279 337 256 259 244 399 246 331 3 3
;
483 0 289 107 284 155 280 201 273 262 322 168 250 156 373 171 332 120
202 159 240 113 291 266 279 408 288 342 256 259 243 403 247 334 3 3
;
484 0 289 106 284 155 280 201 273 263 322 167 249 156 372 172 332 120
200 158 240 112 291 266 279 408 289 342 257 261 245 407 249 345 3 3
;
485 0 289 106 284 155 280 201 274 264 322 167 249 156 363 160 332 120
200 157 239 112 291 267 279 408 289 345 257 262 241 404 249 349 3 3
;
486 0 288 106 283 155 279 202 274 265 322 167 247 156 363 160 330 120
197 157 239 112 290 267 279 408 290 346 257 264 247 408 249 344 3 3
;
487 0 288 106 282 155 278 202 273 266 322 167 246 156 368 171 330 120
196 157 238 112 289 268 279 408 290 346 256 265 247 406 249 340 3 3
;
488 0 286 105 280 155 277 202 271 266 321 166 245 156 368 171 328 120
202 154 236 112 288 268 279 408 290 341 255 265 248 406 248 339 3 3
;
489 0 285 105 280 155 276 202 271 266 320 166 244 156 361 161 328 120
194 157 235 112 287 268 279 408 289 346 255 265 248 405 248 339 3 3
;
490 0 284 105 279 154 276 202 270 266 319 165 244 156 360 160 328 118
193 157 234 112 286 268 279 408 288 346 254 265 249 405 247 339 3 3
;
491 0 284 105 279 154 275 202 270 266 319 164 243 156 365 169 327 118
201 154 234 112 286 268 279 408 288 343 254 265 249 405 247 340 3 3
;
492 0 282 105 279 154 275 202 270 266 318 164 243 156 364 167 324 116
193 157 233 113 286 268 279 408 288 341 254 265 249 405 247 340 3 3
;
493 0 282 105 278 154 275 202 270 266 317 164 242 156 358 158 322 116
193 158 233 113 286 268 279 408 288 341 254 265 249 405 247 340 3 3
;
494 0 281 105 278 154 274 202 270 266 317 164 242 156 358 159 318 113
193 161 232 114 286 268 279 408 288 340 253 265 248 405 247 340 2 3
;
495 0 281 105 278 154 274 202 269 266 317 164 242 156 357 158 317 110
193 162 231 115 286 268 279 408 288 340 253 265 248 405 246 340 2 3
;
496 0 280 105 277 154 274 202 269 266 316 164 241 156 357 158 318 111
194 163 230 115 286 268 279 407 288 340 253 265 248 405 246 340 1 3
;
497 0 280 106 277 154 274 202 269 266 316 164 241 156 356 158 316 109
193 163 230 115 286 268 279 407 288 340 253 265 248 405 246 340 2 3
;
498 0 279 106 276 154 273 202 269 266 315 164 240 157 355 158 318 113
193 163 229 116 285 267 279 407 288 339 253 265 249 405 246 340 0 3
;
499 0 278 106 276 154 273 202 269 266 315 164 240 157 355 158 318 115
193 163 229 116 285 267 279 407 288 339 253 265 249 405 246 340 0 3
;
500 0 277 106 275 154 272 202 268 266 314 164 239 157 354 158 317 116
193 163 228 116 284 267 279 407 287 339 252 265 249 405 246 340 3 3
;
501 0 277 106 275 154 272 202 268 266 313 164 239 157 353 158 316 117
193 163 228 116 284 267 279 407 287 338 252 265 249 405 246 340 3 3
;
502 0 276 106 274 154 271 202 267 266 313 164 238 157 353 158 315 118
192 163 229 115 284 267 279 407 287 338 251 265 249 406 246 339 3 3
;
503 0 275 106 274 154 271 202 267 266 311 164 237 157 351 159 313 117
193 162 230 111 283 267 279 407 287 338 251 265 249 405 246 339 3 2
;
504 0 274 106 273 154 270 202 267 265 311 163 237 157 351 159 313 117
194 161 230 111 283 266 279 407 287 337 251 265 248 405 246 339 3 2
;
505 0 274 106 273 154 270 202 267 265 310 163 237 157 350 159 312 117
194 161 230 110 283 266 279 407 287 337 251 264 249 405 246 339 0 2
;
506 0 273 106 273 155 270 202 266 265 310 163 236 157 350 159 310 115
194 160 229 110 282 266 279 406 286 337 250 264 249 405 246 338 2 2
;
507 0 272 106 273 155 270 202 266 265 310 163 236 157 350 158 308 113
194 160 228 110 282 266 279 406 286 337 250 264 249 405 246 338 2 2
;
508 0 272 107 274 155 270 202 266 265 311 163 236 157 350 158 307 111
191 164 224 116 282 266 279 406 286 337 250 264 249 405 245 338 2 3
;
509 0 272 107 274 155 270 202 266 265 310 163 236 157 350 158 306 110
190 165 223 117 282 265 279 406 286 337 250 264 249 405 245 338 2 3
;
510 0 271 107 274 155 270 202 266 265 310 163 236 157 350 158 305 110
189 165 223 118 282 265 279 406 286 337 250 264 249 405 245 338 1 3
;
511 0 271 107 274 155 270 202 266 265 310 163 236 157 350 157 305 110
189 165 223 118 282 265 279 406 285 337 250 264 249 405 245 338 1 3
;
512 0 271 107 274 155 271 202 266 265 310 163 235 157 350 157 304 109
189 166 222 119 282 265 279 406 285 337 250 264 249 405 245 338 1 3
;
513 0 271 107 272 155 270 201 266 264 309 163 235 157 349 157 305 110
189 166 222 119 282 265 279 407 285 337 250 264 249 405 245 338 1 3
;
514 0 271 107 271 154 269 201 266 264 308 162 235 157 347 157 305 109
189 167 222 119 282 265 278 407 285 337 250 264 249 405 245 338 1 3
;
515 0 271 107 271 154 269 201 266 264 308 162 235 157 347 157 306 111
189 167 222 119 282 265 278 407 285 337 250 264 249 405 245 338 1 3
;
516 0 270 107 271 154 269 201 266 264 308 162 235 158 347 157 308 115
189 166 223 118 282 265 278 407 285 343 250 264 249 405 245 338 0 3
;
517 0 270 107 271 154 269 201 266 264 307 162 235 158 346 157 308 115
189 165 224 117 282 265 278 407 285 340 250 264 249 405 245 338 0 3
;
518 0 270 107 270 154 268 201 266 264 307 163 234 158 346 157 308 116
195 159 227 113 281 265 278 407 285 343 250 264 249 405 245 339 3 2
;
519 0 270 108 270 155 268 201 266 264 307 163 234 158 346 157 308 116
196 158 228 112 281 265 278 407 285 340 250 264 248 405 245 339 3 2
;
520 0 270 108 270 155 268 201 266 264 307 163 234 158 346 157 305 111
195 159 228 111 281 265 278 407 285 343 250 264 249 405 245 339 1 2
;
521 0 270 108 270 155 268 201 266 264 307 163 234 158 346 157 309 114
195 159 228 110 281 265 278 407 285 343 250 264 249 405 245 339 1 2
;
522 0 270 108 270 155 268 201 265 264 307 163 234 157 346 157 311 115
195 159 228 110 281 265 278 407 285 342 250 264 249 405 245 339 1 1
;
523 0 270 108 270 155 268 201 265 264 307 162 234 157 346 157 304 105
194 159 228 110 281 265 278 407 285 339 250 264 249 405 245 339 1 1
;
524 0 270 108 272 155 269 201 265 264 308 163 235 157 348 157 306 105
194 159 229 110 281 265 278 407 285 339 250 264 249 405 245 339 1 1
;
525 0 270 108 272 155 269 202 265 264 309 163 235 157 348 156 310 113
192 160 226 113 281 265 278 407 285 339 250 264 249 405 245 339 1 0
;
526 0 270 108 273 155 269 202 265 265 309 163 235 157 349 156 310 114
191 161 225 115 281 265 278 407 284 344 250 264 249 405 245 339 1 0
;
527 0 270 108 273 155 269 202 265 265 309 163 234 157 349 156 310 116
190 162 224 116 281 266 279 407 285 340 250 264 249 405 245 339 1 3
;
528 0 270 108 273 155 269 202 265 265 309 163 234 158 349 156 310 116
189 163 224 117 281 266 279 407 284 344 250 264 249 405 245 339 1 3
;
529 0 270 108 271 155 269 202 265 265 309 163 234 157 349 157 310 116
189 163 223 117 281 266 279 407 285 339 249 264 249 405 245 339 1 3
;
530 0 270 108 271 155 268 202 265 265 308 163 234 158 348 157 310 116
188 163 222 117 280 266 279 407 285 339 249 264 249 405 245 339 1 3
;
531 0 269 108 270 155 268 201 264 265 307 163 233 158 347 157 310 116
188 163 222 116 280 266 279 407 284 344 249 264 249 405 244 339 3 3
;
532 0 269 108 270 155 268 201 264 265 307 163 233 158 346 157 310 116
188 163 222 116 280 266 279 407 284 345 249 264 249 405 244 339 3 3
;
533 0 269 107 271 155 268 202 264 265 308 163 233 158 347 157 310 116
188 163 222 116 280 266 279 407 284 346 249 265 249 405 244 341 3 3
;
534 0 269 107 272 155 269 202 265 265 308 163 233 158 348 157 310 116
188 163 223 116 280 266 279 408 284 346 249 265 249 406 243 346 3 3
;
535 0 270 107 272 155 269 202 266 265 309 163 234 158 348 157 311 116
189 164 224 117 282 266 278 408 285 347 251 265 248 407 244 342 3 3
;
536 0 270 108 272 155 270 202 267 265 309 163 234 158 349 157 312 116
190 165 225 118 283 266 277 408 285 347 251 265 243 406 243 341 3 3
;
537 0 271 109 274 156 271 202 269 265 310 164 237 159 349 157 313 117
193 168 227 121 285 267 277 408 286 347 253 264 241 404 243 339 3 3
;
538 0 272 109 274 156 272 202 269 265 310 165 237 160 349 158 314 118
194 169 227 122 286 267 277 408 286 347 254 264 242 401 243 333 3 3
;
539 0 272 110 274 157 272 203 271 265 310 166 238 160 349 159 314 120
195 169 227 123 288 267 278 408 285 347 255 264 241 389 244 319 3 3
;
540 0 273 110 274 157 273 203 272 265 311 167 239 161 349 159 314 120
195 170 227 123 289 267 278 408 285 347 256 264 242 382 245 306 3 3
;
541 0 273 111 275 158 275 204 277 267 311 168 239 161 349 160 314 121
195 170 228 123 293 267 278 408 284 341 262 267 243 351 244 264 3 3
;
542 0 273 111 275 158 276 204 278 267 311 168 240 161 349 161 314 122
195 170 228 124 294 267 278 408 284 340 262 267 245 350 244 262 3 3
;
543 0 273 111 276 158 277 204 278 267 311 168 239 161 350 161 314 122
196 171 228 124 294 267 278 408 284 339 262 267 246 346 244 257 3 3
;
544 0 273 112 276 158 277 204 278 267 311 168 239 161 350 161 314 122
196 171 228 124 294 267 278 407 283 339 262 267 246 346 244 257 3 3
;
545 0 273 112 276 159 277 204 278 267 311 168 240 162 350 162 315 122
196 172 228 124 294 267 278 407 283 339 262 267 240 349 243 265 3 3
;
546 0 273 112 276 158 277 204 278 267 311 168 240 162 350 162 315 121
196 171 228 124 294 267 278 407 283 340 262 267 239 366 239 288 3 3
;
547 0 274 111 276 158 277 204 278 267 311 166 240 162 351 161 315 120
196 171 227 122 294 266 278 408 284 341 262 267 236 379 237 314 3 3
;
548 0 273 110 276 157 275 203 274 265 312 166 239 161 351 161 315 119
195 171 226 121 291 266 278 408 284 342 257 263 233 386 239 319 3 3
;
549 0 273 109 274 156 273 202 271 264 311 165 239 160 351 160 315 118
194 169 225 120 288 265 278 408 284 343 255 262 231 400 239 337 3 3
;
550 0 272 108 274 156 273 201 271 264 311 165 238 159 351 159 314 117
193 168 224 119 287 265 278 408 284 344 254 262 229 404 239 343 3 3
;
551 0 270 108 274 155 272 202 269 265 311 164 236 159 350 158 312 116
191 168 222 119 285 266 278 408 284 345 253 263 230 408 238 344 3 3
;
552 0 269 107 271 155 270 202 267 265 308 164 235 159 347 158 310 116
190 168 221 119 284 266 278 408 284 345 251 265 231 407 237 344 3 3
;
553 0 267 107 269 155 267 202 264 267 305 163 232 159 345 159 306 117
187 168 219 119 280 267 277 409 284 345 248 266 233 406 236 341 3 3
;
554 0 266 107 267 155 265 203 262 267 304 163 230 159 343 159 305 117
185 167 218 119 278 268 278 409 283 345 246 267 233 405 235 340 3 3
;
555 0 263 106 265 155 263 203 260 267 302 163 230 159 341 160 301 117
183 167 214 118 275 268 277 409 281 345 244 267 233 404 234 339 3 3
;
556 0 262 106 264 154 261 202 258 267 301 163 229 159 340 159 300 116
182 167 213 117 274 268 277 409 280 345 243 267 233 404 233 339 3 3
;
557 0 260 106 262 154 260 203 257 267 298 162 225 158 337 159 298 115
180 166 211 118 273 268 277 409 278 345 241 267 232 404 232 338 3 3
;
558 0 259 106 261 154 259 203 257 267 297 162 225 159 336 159 298 116
179 166 211 118 273 268 277 409 278 345 241 267 232 404 231 338 3 3
;
559 0 259 106 261 154 259 203 257 268 297 162 224 159 336 159 297 116
179 166 211 118 273 268 277 409 278 345 241 267 232 404 231 339 3 3
;
560 0 259 106 262 155 260 203 257 268 298 163 225 159 336 160 298 117
179 167 212 118 273 268 277 409 278 345 241 267 232 404 231 339 3 3
;
561 0 259 106 263 155 260 203 257 268 299 163 226 158 338 159 300 116
179 167 213 118 273 268 277 409 279 345 242 267 232 404 232 342 3 3
;
562 0 260 106 263 155 261 203 258 268 299 163 227 158 338 159 301 116
180 167 214 118 275 268 278 409 280 345 243 267 232 405 233 343 3 3
;
563 0 261 106 265 155 263 203 261 267 300 163 228 158 340 158 304 115
182 167 217 118 277 268 278 409 282 344 245 267 229 408 232 342 3 3
;
564 0 262 107 265 155 264 203 262 267 301 163 228 159 341 158 305 115
184 167 219 118 278 268 278 408 283 343 246 267 228 408 231 342 3 3
;
565 0 264 107 267 155 265 203 263 267 303 164 230 159 342 158 306 115
187 168 222 120 279 268 278 408 285 340 248 266 228 404 229 337 3 3
;
566 0 266 107 269 155 267 202 264 266 305 165 232 158 344 158 306 113
189 166 225 117 280 267 278 408 275 336 248 264 234 392 226 328 3 1
;
567 0 266 107 269 155 267 202 264 265 305 164 232 158 344 158 309 115
191 164 226 114 280 267 278 407 282 336 248 263 236 382 227 324 2 1
;
568 0 267 107 269 155 267 201 264 264 304 164 232 158 344 156 305 103
193 160 226 108 281 266 279 406 282 336 248 262 238 373 231 315 1 1
;
569 0 268 106 269 154 267 201 264 264 304 163 232 157 344 155 305 100
193 159 225 107 281 266 278 406 282 336 248 262 240 372 232 312 1 1
;
570 0 268 106 269 154 267 201 265 264 303 163 232 157 343 151 307 101
192 158 224 106 282 266 278 406 282 336 249 262 241 370 234 308 0 1
;
571 0 268 106 269 153 267 200 265 264 303 163 232 157 342 151 308 102
189 158 222 110 282 266 278 406 282 336 249 261 241 370 234 307 0 1
;
572 0 267 105 269 153 267 200 265 263 303 163 232 157 342 152 305 104
188 160 221 113 282 265 278 406 282 336 249 261 238 373 233 311 3 1
;
573 0 266 105 269 152 267 200 265 263 303 163 232 157 342 152 304 104
187 160 220 113 282 265 278 406 282 336 248 261 234 385 233 320 3 1
;
574 0 265 104 268 152 266 200 264 263 302 162 231 156 342 152 302 105
185 161 218 113 281 265 278 406 281 336 248 261 233 401 231 334 3 3
;
575 0 264 104 267 151 265 199 263 264 301 162 230 156 342 152 301 106
184 162 217 113 280 266 278 406 281 336 247 262 231 406 232 340 3 3
;
576 0 262 104 266 152 264 200 261 266 300 161 228 156 341 152 302 109
186 155 214 114 278 267 278 406 281 338 245 265 226 423 232 344 3 1
;
577 0 260 104 263 153 262 201 260 267 299 161 223 157 341 153 301 110
176 163 212 114 276 268 278 406 281 341 244 267 227 408 232 345 3 1
;
578 0 256 104 259 152 258 202 257 268 296 161 220 157 337 154 298 111
174 164 208 114 273 269 277 407 280 344 241 268 230 407 231 342 3 1
;
579 0 255 103 258 152 257 202 256 268 294 160 219 157 335 154 296 111
173 164 206 114 272 269 277 408 279 345 240 268 230 405 231 340 1 1
;
580 0 252 103 256 152 255 202 254 268 293 160 217 157 333 154 294 110
170 164 203 114 270 269 276 408 277 346 238 268 230 407 228 342 1 3
;
581 0 250 103 255 152 254 202 253 269 291 160 216 157 332 154 293 110
169 165 202 114 269 269 276 408 276 347 237 268 229 408 227 343 1 3
;
582 0 249 103 253 152 253 202 253 269 290 160 215 157 330 154 290 110
168 166 201 116 269 269 276 409 276 347 237 269 229 407 227 344 1 3
;
583 0 248 103 253 152 253 202 252 269 289 160 214 157 330 154 289 110
168 166 201 116 269 269 276 409 275 347 237 269 228 407 227 344 1 3
;
584 0 248 103 253 152 253 202 252 269 289 160 215 157 330 154 289 110
168 166 201 116 269 269 273 410 275 347 236 268 228 407 227 344 1 3
;
585 0 248 103 253 152 253 202 253 269 289 160 216 157 330 154 289 110
168 167 202 116 269 269 271 410 275 347 237 268 228 407 227 345 1 3
;
586 0 250 104 255 152 254 202 254 268 291 160 217 158 331 154 290 106
170 167 205 115 271 268 270 411 275 347 238 268 229 409 229 347 1 3
;
587 0 252 104 256 152 256 202 255 268 292 160 219 158 333 154 291 104
174 168 207 114 272 268 270 411 275 348 239 268 230 409 231 349 1 3
;
588 0 257 105 260 153 260 202 259 267 297 160 222 158 337 155 294 104
183 168 213 113 276 268 269 411 276 348 243 267 227 423 234 345 1 2
;
589 0 259 106 262 154 261 202 260 267 298 161 224 158 338 155 296 104
186 168 215 113 277 268 270 410 277 347 244 266 224 424 234 342 1 2
;
590 0 262 107 265 154 264 202 262 267 301 163 227 159 341 156 298 105
189 168 219 114 279 268 270 410 278 347 246 265 229 404 234 335 1 2
;
591 0 263 107 266 155 264 202 263 266 301 163 227 159 341 157 300 108
189 168 221 114 280 267 271 410 278 346 246 264 231 402 235 330 2 2
;
592 0 265 108 268 155 266 202 264 265 304 165 232 159 342 158 299 105
194 167 223 113 281 267 271 410 278 345 247 264 231 388 234 316 2 1
;
593 0 266 108 269 155 267 202 265 265 304 165 232 159 343 158 302 110
194 167 224 113 282 267 272 409 278 345 248 264 230 384 234 307 2 2
;
594 0 267 109 270 156 269 203 270 267 305 166 233 159 343 159 306 115
194 167 224 116 286 267 272 409 278 343 253 266 230 363 232 277 0 2
;
595 0 268 109 270 156 270 203 270 267 305 166 233 159 343 160 307 116
194 167 225 117 286 267 272 408 278 341 254 267 232 350 232 263 3 2
;
596 0 269 109 271 156 270 203 270 267 305 166 236 159 344 160 308 117
193 168 225 120 287 267 272 408 278 338 254 267 234 350 233 261 3 3
;
597 0 269 109 271 156 270 203 270 267 305 166 236 159 345 160 309 117
193 168 226 120 287 267 272 408 278 338 254 267 234 350 233 261 3 3
;
598 0 271 109 272 156 271 203 270 267 307 166 238 160 346 160 311 116
194 169 227 120 287 267 272 408 278 338 254 267 232 362 231 277 3 3
;
599 0 271 109 273 156 272 203 271 266 308 166 238 159 346 160 311 116
194 169 227 120 288 267 272 408 279 339 255 266 233 370 230 288 3 3
;
600 0 272 108 273 156 271 202 269 264 308 166 239 159 347 159 312 116
194 168 227 118 286 266 271 412 268 336 252 263 233 381 232 308 3 3
;
601 0 273 107 272 155 271 202 269 264 308 165 239 158 348 159 313 115
194 167 227 118 286 266 272 411 269 336 252 262 235 383 232 311 3 3
;
602 0 273 107 272 155 270 201 268 263 308 165 239 158 348 158 314 114
194 166 227 117 285 265 273 409 273 340 251 261 237 395 235 329 3 3
;
603 0 273 106 272 155 270 201 268 263 308 165 239 157 348 158 314 114
194 165 227 116 285 265 273 409 275 338 251 261 237 400 237 334 3 3
;
604 0 273 106 272 154 270 201 268 263 308 165 238 157 349 158 313 113
194 165 226 116 284 266 273 409 283 344 251 261 242 409 241 342 3 3
;
605 0 273 105 272 154 270 201 268 264 308 164 238 157 349 158 313 113
199 156 225 115 284 266 273 409 283 345 251 262 244 411 242 347 3 3
;
606 0 272 105 271 154 270 201 267 265 308 164 237 157 348 157 311 113
191 164 224 115 284 266 272 409 284 347 251 264 247 409 244 350 3 3
;
607 0 271 105 271 154 269 201 267 265 308 164 235 157 348 157 310 113
190 164 223 115 283 267 273 410 284 340 251 264 249 406 245 342 3 3
;
608 0 269 105 270 154 268 202 265 266 307 163 233 157 346 158 307 113
185 165 221 115 282 267 273 409 284 340 249 265 250 405 245 339 3 3
;
609 0 268 104 269 153 267 201 265 266 306 163 233 157 346 157 306 112
185 165 220 114 281 267 274 409 280 349 249 265 250 404 245 339 3 3
;
610 0 265 104 267 153 265 201 263 266 304 161 231 157 344 157 303 109
185 165 218 113 279 267 274 409 278 350 247 265 250 408 242 346 0 3
;
611 0 264 105 266 153 264 201 262 266 302 161 230 157 342 157 299 103
185 165 217 113 278 267 274 410 275 351 246 265 249 408 241 347 1 3
;
612 0 262 106 263 154 262 201 259 265 299 161 227 157 339 157 297 107
185 164 216 111 276 266 276 410 274 346 243 265 249 407 240 347 2 2
;
613 0 260 107 262 154 261 202 259 265 298 161 225 158 337 157 295 108
185 165 215 111 275 266 276 410 274 343 243 265 248 405 238 341 2 2
;
614 0 258 108 261 155 260 202 257 265 296 162 224 158 335 158 292 109
184 165 213 111 274 265 271 403 274 333 241 265 248 405 244 337 2 2
;
615 0 256 109 260 155 258 202 255 264 295 162 224 158 334 158 292 112
183 164 211 111 272 264 268 394 275 320 238 264 247 408 237 338 2 2
;
616 0 255 109 257 156 256 202 254 264 293 162 221 159 332 158 293 113
179 163 210 112 271 263 267 389 274 309 238 264 247 408 237 338 4 2
;
617 0 254 109 256 156 255 202 254 263 292 162 221 159 331 158 292 114
178 163 209 113 271 263 267 379 274 295 237 264 247 410 237 342 4 2
;
618 0 254 109 255 156 251 202 243 264 291 162 220 159 330 158 292 117
175 164 209 116 259 265 266 359 274 273 227 263 247 408 237 341 3 0
;
619 0 253 109 254 156 250 202 242 264 291 163 219 159 330 159 292 117
174 164 208 117 258 265 266 356 274 272 226 263 247 406 237 341 3 0
;
620 0 252 109 253 156 249 202 242 264 290 163 219 159 329 160 292 117
173 165 208 117 258 266 266 352 273 268 226 263 247 406 238 339 3 3
;
621 0 252 109 253 156 248 202 242 264 290 163 218 159 329 159 292 117
172 165 208 117 258 266 267 351 273 269 226 263 247 406 238 339 3 3
;
622 0 251 109 253 156 248 202 244 263 289 162 218 159 328 159 291 116
171 165 207 117 261 264 272 371 271 297 227 262 247 406 239 339 3 3
;
623 0 251 109 252 156 250 201 248 262 290 162 219 159 329 158 291 116
170 164 206 117 266 262 276 378 271 310 231 263 248 406 239 339 3 3
;
624 0 251 109 252 155 250 201 249 262 290 162 219 159 329 158 290 116
170 164 206 117 267 262 278 386 272 317 232 263 248 406 239 339 3 3
;
625 0 250 108 252 155 251 201 250 263 290 162 219 159 329 157 291 115
170 165 206 117 267 262 279 400 272 330 234 263 249 407 237 340 3 3
;
626 0 250 108 252 155 251 201 251 263 290 162 219 159 329 157 291 115
170 165 206 117 268 262 281 405 272 339 234 263 249 407 237 340 3 3
;
627 0 250 108 253 155 252 201 252 263 291 162 219 159 330 157 292 114
170 165 205 117 269 263 281 409 273 347 236 264 249 407 236 344 3 3
;
628 0 250 108 253 155 252 201 253 264 291 162 218 159 330 157 292 114
170 165 205 117 269 263 281 410 273 350 236 264 249 407 236 343 3 3
;
629 0 251 107 254 154 254 201 254 265 292 161 218 158 330 156 294 113
171 165 206 117 270 264 277 413 275 353 237 265 249 407 236 344 3 3
;
630 0 251 107 255 154 254 201 254 265 292 161 219 158 331 156 294 113
171 166 206 117 271 265 277 412 276 353 238 265 248 407 237 343 3 3
;
631 0 252 106 256 154 256 201 255 265 292 161 219 158 331 157 296 114
172 166 207 118 272 265 277 411 277 351 239 265 248 407 238 341 3 3
;
632 0 253 106 257 153 256 201 256 265 292 161 219 158 331 157 297 114
172 166 208 117 272 266 277 411 278 350 240 265 248 406 239 341 3 3
;
633 0 254 105 258 153 258 201 258 266 293 161 219 158 333 158 299 113
173 166 208 117 274 266 278 411 279 350 242 266 248 406 240 341 3 3
;
634 0 255 105 258 153 258 201 259 266 293 161 220 158 333 158 300 113
174 166 209 116 275 266 278 411 280 350 243 266 249 406 240 341 3 3
;
635 0 256 105 259 153 259 202 259 266 295 161 221 157 335 158 301 113
175 166 210 116 275 266 278 410 280 350 243 266 249 406 241 340 3 3
;
636 0 256 105 260 153 260 202 260 266 295 161 222 157 336 158 301 113
176 166 211 117 276 266 278 410 280 349 244 266 249 406 241 340 3 3
;
637 0 258 104 261 153 261 202 260 266 297 161 223 157 338 158 302 113
178 167 213 117 276 266 279 409 281 349 244 266 249 406 242 340 3 3
;
638 0 258 104 262 153 261 202 261 266 297 161 224 157 338 159 302 114
178 167 213 118 277 266 278 409 281 349 244 266 249 406 242 340 3 3
;
639 0 260 104 263 153 262 202 261 266 298 161 226 157 339 160 302 118
180 168 213 120 278 267 279 408 281 349 245 266 249 405 242 340 3 3
;
640 0 260 104 264 153 263 202 262 266 299 161 226 157 341 163 302 122
182 171 213 123 278 267 279 408 282 349 246 266 249 405 242 340 3 3
;
641 0 262 104 266 153 264 201 263 266 298 161 227 158 342 178 300 139
186 185 212 137 279 267 279 408 282 349 246 266 249 405 244 343 3 3
;
642 0 262 104 266 153 265 202 263 268 301 171 228 159 342 180 295 148
191 190 213 147 279 269 279 409 283 350 247 267 250 405 244 343 3 3
;
643 0 263 104 267 154 265 203 263 269 302 163 232 160 338 193 290 181
202 199 216 172 279 270 279 411 283 353 247 268 250 405 244 343 3 3
;
644 0 264 104 267 154 265 204 263 269 302 163 232 160 337 198 287 196
209 202 219 184 279 270 279 411 283 353 247 268 250 409 245 350 3 3
;
645 0 265 105 268 155 266 204 263 269 302 165 232 160 336 209 282 224
223 198 221 216 279 270 279 411 284 353 248 269 250 410 244 352 3 3
;
646 0 265 105 269 155 266 205 263 270 302 166 233 161 328 211 279 236
224 201 223 228 279 270 279 411 284 352 248 269 250 409 243 351 3 3
;
647 0 265 105 269 156 266 205 264 270 302 167 234 161 322 214 274 252
229 208 224 246 279 271 279 410 285 352 249 270 249 408 240 350 3 3
;
648 0 264 106 269 156 266 206 264 271 299 168 234 161 318 216 271 256
230 209 225 254 278 272 279 410 285 352 249 270 249 409 239 350 3 3
;
649 0 262 107 269 157 266 206 263 271 296 169 234 162 311 217 262 261
232 210 226 262 278 273 279 410 285 352 250 271 243 426 238 350 0 0
;
650 0 260 107 269 157 266 206 263 272 295 169 234 162 307 217 258 262
232 210 224 263 277 273 279 410 285 352 250 271 242 427 238 349 0 0
;
651 0 254 108 265 158 264 208 262 273 291 170 234 162 299 217 244 266
232 210 221 263 275 275 279 408 284 351 249 272 235 431 238 351 0 1
;
652 0 251 109 265 158 264 208 262 274 291 170 233 162 293 219 236 268
232 210 220 260 275 275 279 408 284 351 249 272 234 432 238 355 0 1
;
653 0 244 110 258 159 260 210 261 276 283 171 232 164 285 219 224 271
229 211 219 259 272 277 279 408 283 352 249 275 232 434 239 362 0 1
;
654 0 240 111 257 159 258 210 260 276 282 171 231 164 274 218 219 272
228 211 217 259 271 278 279 409 282 353 249 275 232 435 239 363 0 1
;
655 0 232 112 251 160 254 211 258 278 270 172 230 165 259 224 204 278
227 212 219 271 268 279 279 410 281 354 248 276 232 436 239 363 0 1
;
656 0 229 112 248 160 252 212 257 278 269 172 229 166 256 224 195 283
226 212 216 276 267 280 279 410 280 355 247 277 230 436 238 365 0 1
;
657 0 221 114 242 161 248 213 256 279 264 172 225 168 245 226 188 287
224 214 215 275 265 281 279 411 277 356 246 277 229 438 237 366 0 1
;
658 0 218 114 239 161 246 214 254 280 261 172 223 168 241 226 183 291
223 214 215 274 263 282 279 412 275 357 246 278 230 438 237 367 0 1
;
659 0 213 114 234 162 242 215 252 282 255 173 219 170 232 229 177 295
221 219 212 274 260 284 279 415 275 363 244 280 231 439 237 369 0 1
;
660 0 210 114 232 162 240 216 251 283 252 173 217 171 229 230 175 297
221 220 216 271 259 285 279 416 275 364 243 281 231 440 237 369 0 1
;
661 0 206 114 227 163 237 216 249 284 248 174 214 171 225 231 173 298
218 220 214 275 256 286 279 418 273 367 241 282 232 441 236 354 0 1
;
