921 0 247 108 247 155 247 202 246 266 284 161 211 157 329 169 396 158
164 164 95 158 262 266 270 399 270 334 230 265 224 402 223 335 2 2
;
922 0 247 108 247 155 247 202 246 266 284 161 211 157 330 169 395 157
164 164 100 159 262 266 270 399 270 334 230 265 224 402 223 336 2 2
;
923 0 247 108 247 155 247 202 246 266 284 161 211 157 330 168 397 156
164 164 93 157 262 266 270 399 270 334 230 265 224 403 223 336 2 2
;
924 0 247 108 247 155 247 202 246 266 284 161 211 157 330 168 397 155
164 164 93 157 262 266 270 399 270 334 230 265 224 403 223 336 2 2
;
925 0 246 108 247 155 247 202 246 266 284 161 211 157 331 166 397 153
164 163 93 154 262 266 270 399 270 334 230 265 224 403 223 336 2 2
;
926 0 246 108 247 155 247 202 246 266 284 161 210 157 332 165 395 151
163 163 93 153 262 266 270 399 270 334 230 265 224 403 223 336 2 2
;
927 0 246 108 247 155 247 202 246 265 284 161 210 157 332 164 395 150
163 162 99 153 262 266 270 399 270 334 230 265 225 403 223 336 2 2
;
928 0 246 108 247 155 247 202 246 265 284 160 210 157 332 163 396 147
163 161 99 150 262 266 270 399 270 334 230 265 225 403 223 336 2 2
;
929 0 246 108 247 155 247 202 246 265 284 160 210 156 333 162 396 145
163 160 100 148 262 265 270 399 270 334 230 265 225 403 223 336 2 2
;
930 0 246 108 247 155 247 202 246 265 284 160 210 156 333 162 395 144
163 160 100 148 262 265 270 399 270 334 230 265 225 403 223 336 2 2
;
931 0 246 108 247 154 247 202 246 265 284 160 210 156 333 161 394 142
163 159 100 147 262 265 270 399 270 334 230 265 225 402 223 336 2 2
;
932 0 246 108 247 154 247 202 246 265 284 160 210 156 333 161 395 142
163 159 100 146 262 265 270 399 270 334 230 265 225 402 223 336 2 2
;
933 0 245 108 247 154 247 202 246 265 284 160 210 156 333 160 394 141
163 159 100 146 262 265 270 399 270 334 230 265 225 403 223 336 2 2
;
934 0 245 108 247 154 247 202 246 265 284 160 210 156 333 160 394 141
162 159 100 146 262 265 270 399 270 334 230 265 225 403 223 336 2 2
;
935 0 245 108 247 154 247 202 246 265 283 160 210 156 333 160 394 141
162 158 99 145 262 265 270 399 270 334 230 265 225 403 223 336 2 2
;
936 0 245 108 247 154 247 202 246 265 283 160 209 156 333 159 394 140
162 158 99 145 262 265 270 399 270 334 230 265 225 403 223 336 2 2
;
937 0 245 108 247 154 246 201 246 265 283 159 209 156 333 159 394 140
162 158 99 145 262 265 270 399 270 334 230 265 225 403 223 336 2 2
;
938 0 245 108 247 154 246 201 246 265 283 159 209 156 333 159 394 140
162 158 99 144 262 265 270 399 270 334 230 265 225 403 223 336 2 2
;
939 0 245 108 246 154 246 201 246 265 283 159 209 156 333 159 394 140
162 157 99 144 262 265 270 399 270 334 230 265 225 402 223 336 2 2
;
940 0 245 108 246 154 246 201 246 265 283 159 209 156 333 158 394 140
162 157 100 144 262 265 270 399 270 334 230 265 225 403 223 336 2 2
;
941 0 245 108 246 154 246 201 246 265 283 159 209 156 333 158 394 139
162 157 100 143 262 265 270 398 270 334 230 265 225 402 223 336 2 2
;
942 0 245 108 246 154 246 201 246 265 283 159 209 156 333 158 394 139
162 157 100 143 262 265 270 399 270 334 230 265 225 402 223 336 2 2
;
943 0 245 108 246 154 246 201 246 265 283 159 209 156 333 158 394 139
162 157 100 143 262 265 270 399 270 334 230 265 225 402 223 336 2 2
;
944 0 245 108 246 154 246 201 246 265 283 159 209 156 333 158 393 138
162 157 100 142 262 265 270 399 270 334 230 265 225 402 223 336 2 2
;
945 0 245 108 246 154 246 201 246 265 283 159 209 156 333 157 395 137
162 157 100 142 262 265 270 399 270 334 230 265 225 402 223 336 2 2
;
946 0 245 108 246 154 246 201 246 265 283 159 209 156 333 157 393 138
162 157 100 143 262 265 270 399 270 334 230 265 225 402 223 336 2 2
;
947 0 245 108 246 154 246 201 246 265 283 159 209 156 333 157 399 136
162 157 100 143 262 265 270 398 270 334 231 265 225 403 223 336 2 2
;
948 0 245 108 246 154 246 201 246 265 283 159 209 156 333 157 393 137
162 157 100 143 262 265 270 398 270 334 231 265 225 403 223 336 2 2
;
949 0 245 108 246 154 246 201 246 265 283 159 209 156 333 157 395 137
162 156 100 143 262 265 270 398 270 333 231 265 225 403 223 336 2 2
;
950 0 245 108 246 154 246 201 246 265 283 159 209 156 333 157 393 138
162 156 100 143 262 265 270 399 270 333 231 265 225 403 223 336 2 2
;
951 0 245 108 246 154 246 201 246 265 283 159 209 156 333 157 395 137
162 156 100 143 262 265 270 398 270 333 231 265 225 403 223 336 2 2
;
952 0 245 108 246 154 246 201 247 265 283 159 209 156 333 157 393 138
162 156 100 144 262 265 270 398 270 333 231 265 225 403 223 336 2 2
;
953 0 245 108 246 154 246 201 247 265 283 159 209 156 333 157 393 138
162 157 100 144 262 265 270 398 270 333 231 265 225 403 223 336 2 2
;
954 0 245 108 246 154 246 201 247 265 283 159 209 156 333 157 394 138
162 157 100 144 262 265 270 398 270 333 231 265 224 402 223 336 2 2
;
955 0 244 108 246 154 246 201 247 265 283 159 209 156 333 157 394 138
162 157 100 145 262 265 270 398 270 333 231 265 224 402 223 336 2 2
;
956 0 244 108 246 154 246 201 247 265 283 159 209 156 333 157 394 138
162 157 100 145 262 265 270 398 270 333 231 265 224 403 223 336 2 2
;
957 0 244 107 246 154 246 201 247 265 283 159 209 156 333 157 399 136
162 157 100 145 262 265 270 398 270 333 231 265 224 402 223 336 2 2
;
958 0 244 107 246 154 246 201 247 265 283 159 209 156 333 157 393 137
162 157 100 145 262 265 270 398 270 333 231 265 225 402 223 336 2 2
;
959 0 244 107 246 154 246 201 247 265 283 159 209 156 333 157 393 137
162 157 99 144 262 265 270 398 270 333 231 265 224 402 223 336 2 2
;
960 0 244 107 246 154 246 201 247 265 283 159 209 156 333 157 393 138
162 157 99 144 262 265 270 398 270 333 231 265 225 402 223 336 2 2
;
961 0 244 107 246 154 246 201 247 265 283 159 209 156 333 157 395 138
162 157 99 144 262 265 270 398 270 333 231 265 224 403 223 336 2 2
;
962 0 244 107 246 154 246 201 247 265 283 159 208 156 333 157 393 138
162 157 99 144 262 265 270 398 270 333 231 265 224 402 223 336 2 2
;
963 0 244 107 246 154 246 201 247 265 283 159 208 156 333 157 393 139
162 157 99 144 262 265 270 398 270 333 231 265 224 402 223 336 2 2
;
964 0 244 107 246 154 246 201 247 265 283 159 208 156 333 157 394 138
162 157 99 143 262 265 270 398 270 333 231 265 225 402 223 336 2 2
;
965 0 244 107 246 154 246 201 247 265 283 159 208 156 333 157 390 132
162 157 101 136 262 265 270 398 270 333 231 265 225 402 223 336 2 2
;
966 0 244 107 246 154 246 201 247 265 283 159 208 156 333 156 388 117
162 156 103 121 262 265 270 399 270 333 231 265 225 402 223 336 2 2
;
967 0 244 107 246 154 246 201 247 265 283 159 208 156 333 155 383 108
161 156 107 111 262 265 270 399 270 333 231 265 225 402 223 336 2 2
;
968 0 245 107 246 154 246 201 246 265 283 159 209 156 331 152 366 94
162 156 125 98 262 265 270 399 270 333 231 265 225 402 223 336 2 2
;
969 0 245 107 246 153 246 201 246 265 284 159 209 156 332 151 356 86
164 149 137 94 262 265 270 399 270 333 230 265 225 402 223 336 0 2
;
970 0 245 107 246 153 246 201 246 265 284 158 209 156 330 145 330 82
165 146 161 86 262 265 270 399 270 333 230 265 224 402 223 335 2 0
;
971 0 245 107 246 153 246 201 246 265 284 158 209 156 329 143 317 82
166 143 175 82 262 265 270 399 270 333 230 265 224 402 223 335 2 2
;
972 0 245 107 246 153 246 201 246 264 284 158 209 155 326 135 293 85
168 135 198 89 262 264 270 399 270 333 231 264 225 403 223 335 2 2
;
973 0 245 107 246 153 246 201 247 264 284 158 209 155 324 133 286 89
169 134 209 91 262 264 270 399 270 333 231 264 225 403 223 335 0 2
;
974 0 247 106 247 153 247 201 247 264 284 157 210 155 322 131 280 91
172 131 216 94 263 264 270 399 270 333 231 264 225 403 223 335 2 2
;
975 0 246 106 247 153 247 201 247 264 284 157 210 155 322 131 285 88
172 132 212 91 263 264 270 399 270 333 231 264 225 402 223 335 2 2
;
976 0 246 107 247 153 247 201 247 264 284 157 211 155 324 133 301 77
169 136 192 84 263 264 270 399 270 334 231 264 225 403 223 335 2 2
;
977 0 246 107 247 153 247 201 247 264 284 157 211 155 326 135 312 75
168 139 183 80 263 264 270 399 270 334 231 264 225 403 223 335 2 2
;
978 0 246 107 247 153 247 201 247 264 284 156 210 155 328 137 334 73
166 141 161 77 263 264 270 399 270 334 231 264 225 402 223 335 2 2
;
979 0 246 107 247 153 247 201 247 264 284 156 210 155 329 138 344 74
166 143 150 79 263 264 270 399 270 334 231 264 225 402 223 335 2 2
;
980 0 246 107 247 153 247 201 247 264 285 156 210 155 330 139 363 77
162 146 132 83 263 264 270 399 270 333 231 264 225 402 223 335 2 2
;
981 0 246 107 247 153 247 201 247 264 285 156 210 155 331 139 370 82
161 146 125 85 263 264 270 399 270 333 231 264 225 402 223 335 2 2
;
982 0 246 107 247 153 247 200 247 264 285 157 210 155 332 140 382 88
161 146 113 91 263 264 270 399 270 333 231 264 225 402 223 335 2 2
;
983 0 246 107 247 153 247 200 247 264 285 157 210 155 332 141 386 92
161 146 108 95 263 264 270 399 270 333 231 264 225 402 223 335 2 2
;
984 0 246 107 247 153 247 200 247 264 285 157 210 155 333 142 391 99
161 146 102 102 263 264 270 399 270 333 231 264 224 403 223 335 2 2
;
985 0 246 107 247 153 247 200 247 264 285 157 209 155 333 143 392 103
161 146 100 106 263 264 270 399 270 333 231 264 224 403 223 335 2 2
;
986 0 246 107 247 153 247 201 247 264 285 157 209 155 334 144 395 108
158 147 97 112 263 264 270 399 270 334 231 264 224 402 223 335 2 2
;
987 0 246 107 247 153 247 201 247 264 285 157 209 155 335 145 397 110
157 148 96 115 263 264 270 399 270 333 231 264 224 402 223 335 2 2
;
988 0 245 107 247 153 247 201 247 264 284 157 209 155 335 145 395 116
156 148 94 120 263 264 270 399 270 333 231 264 224 402 223 335 2 2
;
989 0 245 107 247 153 247 201 247 264 284 157 209 155 335 145 398 117
156 148 93 122 263 264 270 399 270 333 231 264 224 402 223 335 2 2
;
990 0 245 107 247 153 247 201 247 264 284 157 209 155 335 146 395 122
160 150 99 128 263 264 270 399 270 333 231 264 224 402 223 335 2 2
;
991 0 245 107 247 153 247 201 247 264 284 157 209 155 335 146 395 123
160 150 99 130 262 264 270 399 270 333 231 264 224 402 223 335 2 2
;
992 0 245 107 247 153 247 201 247 264 284 157 209 155 335 147 396 125
161 150 99 134 262 264 270 399 270 333 231 264 224 402 223 335 2 2
;
993 0 245 107 246 153 247 201 246 264 284 157 209 155 335 148 396 125
161 151 99 135 262 264 270 399 270 333 231 264 224 403 223 335 2 2
;
994 0 245 107 246 153 246 201 246 264 284 157 209 155 335 149 400 127
161 151 99 139 262 264 270 399 270 333 230 264 224 402 223 335 2 2
;
995 0 245 107 246 153 246 201 246 264 284 157 209 155 335 149 401 128
161 152 99 141 262 264 270 399 270 333 230 264 224 402 223 335 2 2
;
996 0 245 107 246 153 246 201 246 264 284 157 209 155 335 151 401 132
162 154 99 144 262 264 270 399 270 333 230 264 225 402 223 336 2 2
;
997 0 245 107 246 153 246 201 246 264 284 157 209 155 334 152 396 135
162 155 99 147 262 264 270 399 270 334 230 264 225 402 223 336 2 2
;
998 0 245 107 246 153 246 201 246 264 284 158 209 155 334 154 396 138
162 156 99 151 262 265 270 399 270 334 230 264 225 402 223 336 2 2
;
999 0 245 107 246 153 246 201 246 264 283 158 209 155 334 154 395 140
162 157 99 153 262 265 270 399 270 334 230 264 225 403 223 336 2 2
;
1000 0 245 107 246 153 246 201 246 265 283 158 209 156 333 156 396
142 162 159 100 156 262 265 270 399 270 334 230 265 225 402 223 336
2 2;
1001 0 245 107 246 153 246 201 246 265 283 158 209 156 333 156 396
143 162 160 100 157 262 265 270 399 270 334 230 265 224 402 223 336
2 2;
1002 0 245 107 246 154 246 201 246 265 283 158 209 156 333 157 397
144 163 161 94 158 262 265 270 399 270 334 230 265 224 403 223 336
2 2;
1003 0 245 107 246 154 246 201 246 265 283 158 209 156 333 158 397
145 163 161 94 159 262 265 270 399 270 334 230 265 224 403 223 336
2 2;
1004 0 244 107 246 154 246 201 246 265 283 158 209 156 333 159 395
146 163 163 96 160 262 265 270 399 270 334 230 265 225 403 223 336
2 2;
1005 0 244 107 246 154 246 201 246 265 283 159 209 157 333 159 396
146 163 164 95 161 262 265 270 399 270 334 230 265 224 403 223 336
2 2;
1006 0 244 107 246 154 246 201 246 265 283 159 209 157 333 160 395
147 163 164 96 163 262 265 270 399 270 334 230 265 224 403 223 336
2 2;
1007 0 244 107 246 154 246 201 246 265 283 159 209 157 332 160 395
148 163 165 96 163 262 265 270 399 270 334 230 265 224 403 223 336
2 2;
1008 0 244 107 246 154 246 201 246 265 282 159 209 157 331 161 394
149 163 165 96 164 262 265 270 399 270 334 230 265 224 403 223 336
2 2;
1009 0 244 107 246 154 246 201 246 265 282 159 209 157 331 162 394
150 163 166 95 164 262 265 270 399 270 334 230 265 224 403 223 336
2 2;
1010 0 244 107 246 154 246 201 246 265 282 159 209 157 331 162 394
151 163 166 95 163 262 265 270 399 270 334 230 265 224 403 223 336
2 2;
1011 0 244 107 246 154 246 201 246 265 282 159 209 157 331 162 395
151 163 166 95 163 262 265 270 399 270 334 230 265 224 403 223 336
2 2;
1012 0 244 107 246 154 246 202 246 265 282 159 209 158 330 162 396
151 163 166 95 162 262 265 270 399 270 334 230 266 224 403 223 336
2 2;
1013 0 244 107 246 154 246 202 246 265 282 159 209 158 330 163 396
152 164 166 94 161 262 265 270 399 270 334 230 266 225 402 223 336
2 2;
1014 0 244 107 246 154 246 202 246 266 282 159 209 158 330 163 396
153 164 166 94 160 262 265 270 399 270 334 230 266 225 403 223 336
2 2;
1015 0 244 107 246 154 246 202 246 266 282 159 209 158 330 163 395
153 164 166 94 160 262 265 270 399 270 334 230 266 225 402 223 336
2 2;
1016 0 244 107 246 154 246 202 246 266 282 159 209 158 329 164 394
154 164 166 94 160 262 265 270 399 270 334 230 266 224 402 223 336
2 2;
1017 0 244 107 246 154 246 202 246 266 282 159 209 158 329 164 394
154 164 166 94 160 262 265 270 399 270 334 230 266 224 402 223 336
2 2;
1018 0 244 107 246 154 246 202 246 266 282 160 210 158 328 164 395
154 164 166 94 160 262 266 270 399 270 334 230 266 224 403 223 336
2 2;
1019 0 244 107 246 154 246 202 246 266 282 160 210 158 328 165 396
155 164 166 94 160 262 266 270 399 270 334 230 266 224 402 223 336
2 2;
1020 0 244 107 246 154 246 202 246 266 282 160 210 158 328 165 396
155 164 166 94 160 262 266 270 399 270 334 230 266 224 403 223 336
2 2;
1021 0 244 107 246 154 246 202 246 266 282 160 210 158 328 165 396
155 164 166 94 160 262 266 270 399 270 334 230 266 224 402 223 336
2 2;
1022 0 244 107 246 154 246 202 246 266 282 160 210 158 328 165 396
155 164 166 94 160 262 266 270 399 270 334 230 266 224 402 223 336
2 2;
1023 0 244 107 246 154 246 202 246 266 282 160 210 158 328 165 396
155 164 166 102 161 262 266 270 399 270 334 230 266 224 402 223 336
2 2;
1024 0 244 107 246 154 246 202 246 266 282 160 210 158 328 165 395
155 164 166 102 161 262 266 270 399 270 334 230 266 224 402 223 336
2 2;
1025 0 244 107 246 154 246 202 246 266 282 160 210 158 328 165 396
156 164 166 102 161 262 266 270 399 270 334 230 266 224 402 223 336
2 2;
1026 0 244 107 246 154 246 202 246 266 282 160 210 158 328 165 396
156 164 166 102 162 262 266 270 399 270 334 230 266 224 402 223 336
2 2;
1027 0 244 107 246 154 246 202 246 266 282 160 210 158 327 165 396
156 164 166 102 162 262 266 270 399 270 334 230 266 224 403 223 336
2 2;
1028 0 244 107 246 154 246 202 246 266 282 160 210 158 327 166 396
156 164 166 102 162 262 266 270 399 270 334 230 266 224 403 223 336
2 2;
1029 0 244 107 246 154 246 202 246 266 282 160 210 158 327 166 396
156 164 166 102 162 262 266 270 399 270 334 230 266 224 402 223 336
2 2;
1030 0 244 107 246 154 246 202 246 266 282 160 210 158 327 166 395
156 164 166 102 162 262 266 270 399 270 334 230 266 224 402 223 336
2 2;
1031 0 244 107 246 154 246 202 246 266 282 160 210 158 327 166 396
157 164 166 102 162 262 266 270 399 270 334 230 266 224 402 223 336
2 2;
1032 0 244 107 246 154 246 202 246 266 282 160 210 158 327 166 395
157 164 166 102 162 262 266 270 399 270 334 230 266 224 402 223 336
2 2;
1033 0 245 107 246 154 246 202 246 266 282 160 210 158 327 166 395
157 164 166 102 162 262 266 270 399 270 334 230 266 224 402 223 336
2 2;
1034 0 245 107 246 154 246 202 246 266 282 160 210 158 327 166 396
157 164 166 102 162 262 266 270 399 270 334 230 266 224 403 223 336
2 2;
1035 0 245 107 246 154 246 202 246 266 282 160 210 158 327 166 395
157 164 166 102 162 262 266 270 399 270 334 230 266 224 403 223 336
2 2;
1036 0 245 108 246 154 246 202 246 266 282 160 210 158 327 166 395
157 164 166 103 161 262 266 270 399 270 334 230 266 224 403 223 336
2 2;
1037 0 245 107 246 154 246 202 246 266 282 160 210 158 327 167 394
153 164 166 103 158 262 266 270 399 270 334 230 266 224 402 223 336
2 2;
1038 0 245 107 246 154 246 202 246 266 282 160 210 158 327 167 394
149 165 166 104 155 262 266 270 399 270 334 230 266 224 403 223 336
2 2;
1039 0 245 107 246 154 246 202 246 266 282 160 210 158 327 167 391
139 165 167 106 146 262 266 270 399 270 334 230 266 224 402 223 336
2 2;
1040 0 245 107 246 154 246 202 246 266 282 160 210 158 327 167 387
134 165 167 108 139 262 266 270 399 270 334 230 266 224 402 223 336
2 2;
1041 0 245 107 246 154 246 202 246 266 282 160 210 158 329 166 379
120 165 166 112 122 262 266 270 398 270 334 230 266 224 402 223 336
2 2;
1042 0 245 107 246 154 246 202 246 266 282 160 210 158 330 165 373
113 164 166 118 115 262 266 270 398 270 334 230 266 224 402 223 336
2 2;
1043 0 245 107 246 154 246 202 246 266 282 160 210 158 331 164 357
103 163 166 135 106 262 266 270 399 270 334 230 266 225 402 223 336
2 2;
1044 0 245 107 246 154 246 202 246 266 282 160 210 158 330 163 348
100 163 166 145 103 262 266 270 399 270 334 230 266 225 402 223 336
2 2;
1045 0 245 107 246 154 246 202 246 266 282 160 210 157 330 163 329
97 162 164 162 99 262 266 270 399 270 334 230 266 225 402 223 336 0
2;
1046 0 245 107 246 154 246 202 246 266 282 160 210 157 330 163 321
97 162 161 171 97 262 266 270 399 270 334 230 266 225 402 223 336 2
2;
1047 0 246 107 246 154 246 202 247 265 283 159 210 157 325 153 302
98 161 158 187 99 262 265 270 399 270 334 231 265 225 402 223 336 0
2;
1048 0 246 107 246 154 246 202 247 265 283 159 211 157 325 153 295
103 161 157 195 101 263 265 270 399 270 334 231 265 225 403 223 336
0 2;
1049 0 247 108 247 154 247 201 247 265 284 159 211 156 323 151 275
109 170 150 205 108 263 265 270 399 270 334 231 265 225 402 223 336
2 2;
1050 0 247 108 247 154 247 201 247 265 284 159 212 156 323 150 272
113 170 150 208 112 263 265 270 399 270 333 230 265 225 402 223 335
1 2;
1051 0 247 108 247 154 247 201 246 265 284 159 212 156 323 150 271
109 171 150 210 114 263 265 270 399 270 333 230 264 225 403 223 334
1 1;
1052 0 247 108 247 154 247 201 246 265 284 159 212 156 323 150 278
109 171 150 209 113 263 265 270 399 270 333 230 264 225 402 223 334
1 1;
1053 0 247 107 247 154 247 201 246 265 284 159 212 156 323 152 292
107 171 150 203 108 263 265 270 399 270 333 230 264 225 402 223 334
1 2;
1054 0 246 107 247 154 247 201 246 265 283 159 212 156 323 153 298
104 170 151 197 105 263 265 270 398 270 333 230 264 225 402 223 334
2 2;
1055 0 246 107 247 154 247 201 246 265 283 159 211 156 330 160 312
97 169 155 184 99 263 265 270 398 270 333 230 265 225 402 223 335 2
2;
1056 0 246 107 247 154 247 201 246 265 283 159 211 156 327 161 321
99 163 158 176 98 263 265 270 398 270 333 230 265 225 403 223 335 2
2;
1057 0 246 107 247 154 247 201 246 265 283 159 211 156 327 164 339
102 163 160 160 97 263 265 270 399 270 333 230 265 225 402 223 335
0 2;
1058 0 246 107 247 154 247 201 246 265 283 159 211 156 328 164 348
104 162 162 152 99 263 265 270 399 270 333 230 265 225 402 223 335
2 2;
1059 0 246 107 247 154 247 201 246 265 283 160 211 156 329 165 362
110 162 162 137 100 263 265 270 399 270 333 230 265 224 403 223 336
2 2;
1060 0 246 107 247 154 247 201 246 265 283 160 211 156 329 166 368
115 162 162 130 103 263 265 270 399 270 333 230 265 224 403 223 336
2 2;
1061 0 246 107 247 154 247 202 246 265 283 160 211 156 329 168 377
123 161 162 118 108 262 265 270 399 270 333 230 265 224 402 223 336
2 2;
1062 0 246 107 247 154 247 202 246 265 283 160 211 156 330 169 381
131 160 162 109 116 262 265 270 399 270 334 230 265 225 402 223 336
2 2;
1063 0 246 107 247 154 247 202 246 265 283 160 211 156 330 171 383
135 160 162 107 120 262 265 270 399 270 334 230 265 224 402 223 336
2 2;
1064 0 246 107 247 154 247 202 246 265 283 161 211 156 330 171 384
139 160 162 104 125 262 265 270 399 270 334 230 265 224 403 223 336
2 2;
1065 0 247 107 247 154 247 202 246 265 283 161 211 156 326 173 388
145 162 163 100 133 262 266 270 399 270 334 230 265 224 402 223 336
2 2;
1066 0 247 107 247 154 247 202 246 265 283 161 211 156 326 173 388
148 162 164 100 138 262 266 270 399 270 334 230 265 224 402 223 336
2 2;
1067 0 247 107 247 154 247 202 246 266 283 161 211 156 326 174 391
154 164 164 104 147 262 266 270 399 270 334 230 265 224 402 223 336
2 2;
