0 0 224 126 234 165 240 206 248 260 250 173 217 172 241 220 210 266
216 210 195 253 256 261 285 377 266 324 240 260 245 377 242 321 0 0
;
1 0 223 127 233 165 240 207 248 260 249 173 216 172 239 220 209 266
216 211 195 253 256 261 285 377 266 325 240 260 245 377 242 322 0 0
;
2 0 223 127 233 165 239 207 248 261 249 173 216 173 238 220 208 266
215 211 195 252 256 262 285 377 266 325 240 260 245 377 242 322 0 2
;
3 0 222 127 232 165 239 207 248 261 248 174 216 173 236 220 207 266
215 211 195 252 256 262 285 377 266 325 240 260 245 378 242 322 0 0
;
4 0 222 127 232 165 239 207 248 261 248 174 216 173 236 220 207 266
215 211 195 251 255 262 285 377 266 325 240 260 245 378 242 322 0 0
;
5 0 222 127 232 166 239 208 248 261 248 174 216 173 235 220 206 266
215 211 195 251 255 263 285 377 266 325 240 260 245 378 242 323 0 0
;
6 0 221 127 232 166 239 208 248 262 247 174 216 173 235 220 206 265
215 211 195 251 255 263 285 377 266 325 241 261 245 378 242 323 0 0
;
7 0 221 128 231 166 238 208 247 262 247 174 216 173 234 220 206 265
215 211 197 249 254 263 285 377 266 325 240 261 245 378 242 323 0 0
;
8 0 221 128 231 166 238 208 247 262 247 174 216 173 234 220 206 265
215 210 196 251 254 263 285 377 266 325 240 261 245 378 242 323 0 0
;
9 0 221 127 231 166 238 208 247 262 247 174 216 173 234 220 206 265
215 210 197 252 254 263 285 377 266 325 240 261 245 378 243 323 0 0
;
10 0 221 127 231 166 238 208 247 262 247 174 216 173 234 220 206 265
215 210 196 252 254 263 285 377 266 325 240 261 245 378 243 323 0 0
;
11 0 222 127 232 166 239 208 247 262 248 174 216 172 238 220 207 266
216 210 196 248 255 263 285 377 267 325 240 261 245 378 242 323 0 0
;
12 0 223 126 233 165 239 207 248 261 250 173 215 171 244 220 211 265
217 209 197 242 256 261 284 378 268 324 240 260 245 376 242 321 0 0
;
13 0 224 126 234 165 240 206 248 260 252 172 215 171 247 220 216 264
217 208 196 242 257 260 284 378 269 324 240 260 245 375 241 320 0 0
;
14 0 227 125 236 164 242 206 250 259 256 171 215 169 263 212 228 263
216 207 193 241 259 258 284 377 277 324 241 260 245 373 241 319 0 1
;
15 0 230 124 237 164 243 205 251 259 259 170 215 169 269 210 239 260
216 206 191 241 260 258 284 378 277 324 242 260 245 373 241 319 0 0
;
16 0 232 123 239 163 244 205 251 258 261 169 215 168 276 205 250 256
214 205 189 238 262 257 284 378 277 324 242 259 245 372 240 318 3 0
;
17 0 237 122 242 162 246 204 252 258 267 168 217 167 286 200 280 237
208 202 178 231 263 257 283 379 277 324 240 258 245 372 240 316 0 0
;
18 0 243 121 247 161 250 203 254 257 274 167 219 167 303 198 308 221
202 198 163 216 266 256 282 379 278 323 242 258 245 373 240 316 0 0
;
19 0 245 120 249 161 252 202 255 256 277 166 220 166 305 190 325 207
198 195 156 205 268 256 282 379 278 322 243 257 245 373 240 316 0 0
;
20 0 251 119 254 160 255 201 258 255 282 166 223 165 320 183 351 177
190 184 143 180 271 255 282 379 280 321 245 256 245 373 240 318 0 2
;
21 0 253 119 256 160 257 201 259 255 285 165 224 164 324 179 360 163
188 177 139 168 272 255 282 379 280 321 246 255 245 373 241 320 2 2
;
22 0 255 118 257 159 259 200 260 254 287 164 226 163 332 174 369 150
187 173 136 157 273 254 282 379 281 320 247 255 244 373 241 319 2 2
;
23 0 258 118 260 158 260 200 261 253 290 163 227 162 336 162 382 130
189 160 131 138 275 253 282 379 282 319 248 253 243 375 240 320 2 2
;
24 0 261 117 261 158 262 199 262 253 292 162 230 159 338 158 389 119
188 154 129 127 276 253 282 379 283 318 249 253 239 380 240 322 2 2
;
25 0 261 117 262 157 262 199 263 253 293 162 230 159 338 156 391 116
188 152 129 123 276 253 282 379 283 318 249 253 238 383 240 326 2 2
;
26 0 262 117 262 157 262 199 263 253 294 162 230 158 340 153 394 115
188 149 128 119 276 253 282 379 283 318 249 253 238 384 240 326 2 2
;
27 0 262 117 262 157 262 198 263 254 294 162 230 158 340 153 395 115
188 149 128 119 276 253 282 379 283 318 249 254 238 384 240 327 2 2
;
28 0 263 117 262 157 262 198 262 254 294 161 230 158 341 153 397 118
187 148 127 119 276 254 281 378 283 319 248 254 238 384 240 324 2 2
;
29 0 263 117 262 157 262 198 261 254 294 161 229 158 341 153 397 120
186 148 127 120 275 254 281 378 283 319 248 254 238 384 239 324 2 2
;
30 0 262 117 261 157 261 199 261 255 294 161 228 158 340 153 397 123
185 148 126 121 275 254 281 378 282 319 247 255 238 383 239 324 2 2
;
31 0 262 117 261 157 261 199 260 255 294 161 228 158 340 154 398 124
185 148 125 121 274 255 281 378 282 320 246 255 238 383 239 324 2 2
;
32 0 261 116 260 157 260 199 260 255 293 161 227 158 340 154 396 126
184 148 123 121 274 255 281 378 282 320 246 255 238 382 238 324 2 2
;
33 0 261 116 260 157 260 199 260 255 293 161 226 158 339 154 396 126
184 148 122 121 274 255 281 378 282 320 246 255 238 382 238 324 2 2
;
34 0 260 116 259 157 259 199 259 255 292 161 225 158 338 155 395 128
183 149 121 121 273 255 281 378 282 320 245 255 238 382 238 324 2 2
;
35 0 259 116 259 157 259 199 259 255 291 161 225 158 337 155 395 129
183 149 120 121 273 255 281 378 281 320 245 255 238 382 238 324 2 2
;
36 0 258 116 258 157 258 199 258 256 291 161 224 158 336 155 395 129
181 149 119 122 272 256 281 378 281 320 244 256 238 382 238 324 2 2
;
37 0 258 116 258 157 258 199 258 256 290 161 224 158 337 155 393 130
181 149 118 122 272 256 281 378 281 320 244 256 238 382 238 324 2 2
;
38 0 258 116 257 157 257 199 258 256 290 161 223 158 336 155 392 132
181 149 117 124 272 256 281 378 280 319 244 256 238 382 237 324 2 2
;
39 0 257 116 257 157 257 199 258 256 290 161 223 158 335 155 393 133
180 149 117 124 272 256 281 377 280 319 244 256 238 382 237 324 2 2
;
40 0 257 116 257 157 257 199 257 256 289 161 223 158 334 156 393 133
180 150 116 127 271 256 281 377 279 318 243 256 238 382 237 324 2 2
;
41 0 257 116 257 157 257 199 257 256 289 161 223 158 334 156 393 134
180 150 115 127 271 256 281 377 279 319 243 256 238 382 237 324 2 2
;
42 0 257 116 257 157 257 199 257 256 289 161 222 158 334 156 392 133
179 150 115 128 271 256 281 377 279 319 243 256 238 382 237 324 2 2
;
43 0 257 116 257 157 257 199 257 256 289 161 222 158 334 156 392 132
179 151 115 128 271 256 281 377 279 319 243 256 238 382 237 324 2 2
;
44 0 257 116 256 157 257 199 257 256 289 161 222 158 333 154 389 127
179 150 115 122 271 256 281 377 279 318 243 256 238 382 237 324 2 2
;
45 0 257 116 256 157 257 199 257 256 289 160 222 158 333 151 393 117
179 147 118 117 271 256 281 377 279 319 243 256 238 381 236 324 2 2
;
46 0 256 116 256 157 257 199 257 256 289 159 222 157 331 143 386 98
177 139 126 99 271 256 281 377 279 319 243 256 238 382 236 324 2 2
;
47 0 256 115 256 157 257 199 257 255 290 158 222 157 329 137 379 88
179 134 133 88 271 255 281 377 279 319 243 255 238 382 236 324 2 2
;
48 0 256 115 256 156 257 198 257 254 289 157 223 155 324 128 362 66
186 124 153 69 271 255 281 377 279 318 243 254 238 381 236 323 2 2
;
49 0 256 115 256 156 257 198 257 254 289 156 223 154 320 121 350 56
191 122 166 63 271 254 281 377 279 318 243 254 238 381 236 323 2 2
;
50 0 257 116 257 156 257 197 257 253 288 154 225 152 314 115 325 45
199 111 190 46 271 253 281 378 279 317 243 252 238 381 236 322 2 2
;
51 0 257 115 257 155 257 197 257 252 287 153 226 150 310 111 312 43
203 107 202 43 271 252 281 378 279 317 243 252 238 381 236 322 2 2
;
52 0 257 116 257 155 257 196 257 250 286 150 227 149 304 106 292 47
208 104 225 42 271 250 281 378 279 316 243 250 238 381 236 322 0 2
;
53 0 257 115 258 155 258 195 257 249 286 149 228 148 300 104 283 47
214 103 236 42 272 249 281 378 279 316 243 249 238 381 236 321 0 2
;
54 0 258 115 259 154 258 194 258 246 286 149 230 148 294 99 268 46
219 101 247 48 272 246 281 378 279 315 243 245 238 381 237 320 1 1
;
55 0 258 116 259 154 258 194 257 245 285 148 230 148 293 98 265 48
220 101 251 48 272 246 281 378 279 315 242 244 238 381 237 320 1 1
;
56 0 258 116 259 154 258 193 257 245 285 148 230 148 293 97 269 49
220 100 247 50 272 245 281 378 279 316 243 244 238 381 237 320 1 1
;
57 0 258 116 259 154 258 193 258 245 285 148 230 148 295 99 274 47
219 103 243 47 272 245 281 378 279 315 243 244 238 381 237 320 1 1
;
58 0 258 116 259 155 259 194 258 246 286 148 230 148 302 104 291 46
214 105 226 43 273 246 281 378 279 316 244 246 238 381 237 320 0 2
;
59 0 259 116 259 155 259 194 258 247 286 148 230 148 303 104 300 44
212 106 216 44 273 247 281 378 279 316 244 247 238 381 237 321 0 0
;
60 0 259 116 259 155 259 195 258 249 287 150 229 148 312 112 319 47
204 110 195 48 273 249 281 378 280 317 244 249 238 382 237 322 2 2
;
61 0 259 116 259 155 259 195 258 250 288 151 229 149 314 114 328 51
200 114 187 52 273 250 281 378 280 317 244 249 238 382 237 322 2 2
;
62 0 259 116 260 155 259 195 258 250 289 152 229 150 319 118 346 53
196 116 170 58 273 251 281 378 280 317 244 250 238 382 237 322 2 2
;
63 0 259 116 260 155 259 195 259 251 289 153 229 151 320 120 354 56
194 117 163 60 273 251 281 378 280 318 244 251 238 381 237 322 2 2
;
64 0 259 116 260 155 259 196 259 252 290 154 229 152 325 124 364 65
190 121 154 68 273 252 281 378 281 319 245 251 238 382 237 323 2 2
;
65 0 259 116 260 155 259 196 259 252 290 154 228 152 326 127 368 69
190 125 149 71 273 252 281 378 281 319 245 252 238 382 237 323 2 2
;
66 0 259 116 260 155 259 196 259 252 291 155 228 153 327 129 374 75
190 127 144 78 273 252 281 378 281 319 245 252 238 382 237 323 2 2
;
67 0 259 116 260 155 259 196 259 252 291 155 228 153 327 130 376 78
189 129 142 81 273 253 281 378 281 319 245 252 238 382 237 323 2 2
;
68 0 259 116 260 155 259 197 259 253 291 155 228 154 329 132 380 82
189 131 140 87 273 253 281 378 281 320 245 253 238 382 237 323 2 2
;
69 0 259 116 260 155 259 197 259 253 291 156 228 154 330 132 381 84
189 132 139 90 273 253 281 378 281 320 245 253 238 382 237 323 2 2
;
70 0 259 116 260 155 259 197 259 253 291 156 228 154 330 134 384 86
189 134 137 93 273 253 281 378 281 320 245 253 238 382 237 323 2 2
;
71 0 259 116 260 155 259 197 259 253 291 156 228 154 331 134 384 86
188 135 136 94 273 253 281 378 281 320 245 253 238 382 237 323 2 2
;
72 0 259 116 260 155 259 197 259 253 291 156 228 154 331 134 385 87
188 136 135 96 273 253 281 378 281 320 245 253 238 382 237 324 2 2
;
73 0 259 116 260 155 259 197 259 253 291 156 228 154 331 135 385 87
188 136 134 96 273 254 281 378 281 320 245 253 238 382 237 323 2 2
;
74 0 259 116 260 155 259 197 258 253 291 156 228 154 331 135 385 87
188 136 134 96 272 254 281 378 281 320 244 253 238 382 237 323 2 2
;
75 0 259 116 260 156 259 197 258 253 291 156 228 154 331 135 385 87
188 136 134 96 272 254 281 378 281 320 244 253 238 382 237 323 2 2
;
76 0 259 116 260 156 259 197 258 253 291 156 228 154 331 135 385 87
187 137 134 96 272 254 281 378 281 320 244 253 238 382 237 323 2 2
;
77 0 259 116 260 156 259 197 258 253 291 157 228 154 331 136 385 88
187 137 133 97 272 254 281 378 281 320 244 253 238 382 237 323 2 2
;
78 0 259 116 259 156 259 197 258 253 291 157 228 155 331 136 385 88
187 137 133 97 272 254 281 378 280 319 244 253 238 382 237 323 2 2
;
79 0 259 116 259 156 259 197 258 253 291 157 228 155 331 136 386 89
187 137 132 98 272 254 281 378 280 319 244 253 238 382 237 323 2 2
;
80 0 259 116 259 156 259 197 258 253 291 157 227 155 331 136 386 89
187 137 132 98 272 254 281 378 280 319 244 253 238 382 237 323 2 2
;
81 0 259 116 259 156 259 197 258 253 290 157 227 155 329 138 386 89
187 138 132 98 272 254 281 378 280 319 244 253 238 382 237 323 2 2
;
82 0 259 116 259 156 259 197 258 253 290 157 227 155 329 139 386 89
187 138 132 98 272 254 281 378 280 319 244 253 238 382 237 323 2 2
;
83 0 259 116 259 156 258 197 258 253 290 157 227 155 328 139 386 89
187 138 132 98 272 254 281 378 280 319 244 253 238 382 237 323 2 2
;
84 0 259 116 259 156 258 197 258 253 290 157 227 155 328 139 386 89
187 138 132 98 272 254 281 378 280 319 244 253 238 382 237 323 2 2
;
85 0 259 116 259 156 258 197 258 253 290 157 227 155 329 138 385 89
187 138 132 98 272 254 281 378 280 319 244 253 238 382 237 323 2 2
;
86 0 258 116 259 156 258 197 258 253 290 157 227 155 329 138 385 89
186 138 132 98 272 254 281 378 280 319 244 253 238 382 237 323 2 2
;
87 0 258 116 259 156 258 197 258 253 290 157 227 155 329 138 385 89
186 138 132 97 271 254 281 378 280 319 244 253 238 382 237 323 2 2
;
88 0 258 116 259 156 258 197 258 254 290 157 227 155 329 138 385 89
186 138 132 97 271 254 281 378 280 319 244 253 238 382 237 323 2 2
;
89 0 258 116 259 156 258 197 257 254 290 157 227 155 329 138 385 89
186 138 132 97 271 254 281 378 280 319 244 253 238 382 237 323 2 2
;
90 0 258 116 259 156 258 197 257 254 290 157 227 155 329 138 385 89
186 138 132 97 271 254 281 378 280 319 244 253 238 382 237 323 2 2
;
91 0 258 116 259 156 258 197 257 254 290 157 227 155 329 138 385 89
186 138 132 97 271 254 281 378 280 319 244 253 238 382 237 323 2 2
;
92 0 258 116 259 156 258 197 257 254 290 157 227 155 329 138 385 90
186 138 132 98 271 254 281 378 280 319 244 253 238 382 237 323 2 2
;
93 0 258 116 258 156 258 197 257 254 290 157 227 155 329 138 385 90
186 138 131 99 271 254 281 378 280 319 243 253 238 382 237 323 2 2
;
94 0 258 116 258 156 258 197 257 254 290 157 227 155 329 138 385 89
186 138 131 100 271 254 281 377 280 319 243 253 238 382 237 322 2 2
;
95 0 258 116 258 156 258 197 257 254 290 157 227 155 330 138 384 87
186 139 131 100 271 254 281 377 279 319 243 253 238 382 237 322 2 2
;
96 0 258 116 258 156 258 197 257 254 290 157 227 155 330 137 382 86
186 139 131 98 271 254 281 377 280 319 243 253 238 382 237 322 2 2
;
97 0 258 116 258 156 258 197 257 254 290 157 227 155 329 135 376 79
186 137 136 91 271 254 281 377 280 319 243 253 238 382 237 322 2 2
;
98 0 258 116 258 156 258 197 257 254 290 157 227 155 328 134 373 74
187 135 140 86 271 254 281 377 279 319 243 253 238 382 237 322 2 2
;
99 0 258 116 259 156 258 197 257 253 290 157 227 155 325 129 358 64
189 128 153 72 271 254 281 377 280 319 243 253 238 382 237 322 2 2
;
100 0 258 116 259 156 258 197 257 253 290 156 227 154 323 125 350 57
190 126 162 67 271 254 281 378 280 319 243 253 238 382 237 322 2 2
;
101 0 259 116 259 155 258 197 257 253 290 155 227 153 318 122 329 49
193 120 183 57 271 253 281 378 280 319 243 253 238 382 237 322 2 2
;
102 0 259 116 259 155 258 197 257 253 290 155 227 153 315 118 317 49
198 116 194 53 271 253 281 378 280 319 243 252 238 382 237 322 2 2
;
103 0 259 116 259 155 258 197 257 252 289 154 228 151 311 114 295 52
204 109 218 49 271 252 281 378 280 318 243 252 238 382 237 322 0 2
;
104 0 259 116 259 155 258 197 257 252 289 154 229 150 308 114 284 52
208 109 229 51 271 252 281 378 280 318 243 251 238 382 237 322 0 2
;
105 0 259 116 259 155 258 196 257 249 288 154 229 149 301 113 268 54
214 106 244 57 272 249 281 377 279 317 243 249 238 382 237 321 1 1
;
106 0 259 116 259 155 258 196 257 248 288 154 229 149 300 114 266 51
215 106 243 57 272 249 281 377 279 317 243 248 238 382 237 321 1 1
;
107 0 259 116 259 155 258 195 257 248 288 153 229 149 302 108 286 49
212 108 223 50 272 249 281 377 279 317 243 248 238 382 237 321 0 1
;
108 0 259 116 259 155 258 195 257 249 288 153 229 149 306 110 300 46
208 109 209 48 272 249 281 377 279 317 243 249 238 382 237 321 0 0
;
109 0 260 116 259 155 258 195 257 250 289 153 229 149 316 117 329 48
199 116 181 55 272 250 281 378 279 317 243 249 238 382 237 321 0 2
;
110 0 260 116 259 155 258 196 257 250 289 153 229 150 317 118 341 54
196 120 170 62 272 251 281 378 279 317 243 250 238 382 237 321 0 2
;
111 0 260 116 259 155 258 196 257 251 290 154 229 151 323 122 361 62
192 123 153 69 271 251 281 378 279 318 243 251 238 382 236 321 2 2
;
112 0 260 116 259 155 258 196 257 251 290 154 228 152 325 126 366 68
191 126 147 74 271 252 281 378 279 318 243 251 238 382 236 322 2 2
;
113 0 260 116 259 155 258 196 257 252 290 155 228 153 326 130 373 76
190 131 141 83 271 252 281 378 280 319 243 252 238 382 236 322 2 2
;
114 0 259 116 259 155 258 196 257 252 290 155 228 153 327 131 376 79
189 132 140 86 271 252 281 378 280 319 243 252 238 382 236 322 2 2
;
115 0 259 116 259 155 258 197 257 253 290 156 228 153 328 132 378 82
189 134 139 91 271 253 281 378 280 319 243 252 238 382 237 322 2 2
;
116 0 259 116 259 155 258 197 257 253 290 156 228 154 328 132 377 81
189 134 139 90 271 253 281 378 280 319 243 252 238 382 237 322 2 2
;
117 0 259 116 259 155 258 197 257 253 290 156 228 154 328 133 374 77
189 134 141 87 271 253 281 378 280 319 243 253 238 382 236 322 2 2
;
118 0 259 116 259 155 258 197 257 253 290 156 227 154 328 133 371 72
189 134 143 82 271 253 281 378 280 319 243 253 238 382 237 322 2 2
;
119 0 259 116 259 155 258 197 257 253 290 156 227 154 326 131 361 65
190 129 152 73 271 253 281 377 280 319 243 253 238 382 236 322 2 2
;
120 0 259 116 259 155 258 197 257 253 290 156 228 154 324 128 356 60
190 127 159 69 271 253 281 377 280 319 243 253 238 382 237 322 2 2
;
121 0 259 116 259 155 258 197 257 253 290 156 228 153 321 123 341 53
193 120 173 58 271 253 281 377 280 319 243 252 238 382 236 322 2 2
;
122 0 259 116 259 155 258 197 257 253 290 156 228 153 319 122 333 48
195 119 182 55 271 253 281 377 279 318 243 252 238 382 236 322 2 2
;
123 0 259 116 259 155 258 197 257 253 290 155 228 151 315 116 316 46
203 114 200 47 271 253 281 377 279 317 243 252 237 382 236 322 0 2
;
124 0 260 116 260 155 258 197 257 252 289 155 228 150 311 112 307 46
205 108 209 45 271 253 281 377 279 317 243 252 237 382 236 321 0 2
;
125 0 260 116 260 155 258 196 257 251 289 154 229 149 307 110 291 50
209 108 227 46 271 252 281 377 279 317 243 251 237 382 237 321 0 2
;
126 0 260 116 260 155 259 196 257 251 289 153 230 149 305 109 282 48
212 106 235 47 271 251 281 377 279 317 243 250 238 382 237 321 2 2
;
127 0 260 116 259 155 259 195 257 249 288 153 230 149 300 105 271 53
216 106 245 56 272 249 281 377 279 316 243 248 238 382 237 321 1 1
;
128 0 260 116 259 155 258 195 257 248 288 153 230 149 298 105 264 51
218 104 247 57 272 248 281 377 279 316 243 248 238 382 237 320 1 1
;
129 0 260 116 259 155 258 195 257 248 289 153 230 149 299 105 278 49
217 106 238 54 272 248 281 377 279 316 243 247 238 382 237 320 1 1
;
130 0 261 116 260 155 259 195 258 248 289 153 231 149 305 108 297 50
210 108 219 47 272 249 281 378 279 316 243 248 238 382 237 321 0 0
;
131 0 261 116 260 155 259 195 257 249 289 153 230 149 308 109 307 47
206 108 208 47 272 250 281 378 279 317 243 249 238 382 237 321 0 0
;
132 0 261 116 260 155 259 196 257 250 289 153 230 149 316 117 326 53
198 117 187 53 272 251 281 377 279 317 243 250 238 382 237 321 0 2
;
133 0 261 116 260 155 259 196 258 251 290 154 230 150 317 119 336 52
197 117 179 56 272 251 281 378 280 318 243 250 238 382 237 321 0 2
;
134 0 261 116 260 155 259 196 258 251 290 154 229 150 320 122 350 57
192 118 164 62 272 252 281 378 280 319 243 251 238 382 237 322 2 2
;
135 0 261 116 260 155 259 196 258 251 290 154 229 151 322 124 356 60
190 122 159 67 272 252 281 378 280 319 243 251 238 382 237 322 2 2
;
136 0 260 116 260 155 259 196 258 252 290 155 229 152 325 129 365 67
191 128 150 74 272 252 281 378 280 319 244 252 238 382 237 322 2 2
;
137 0 260 116 260 155 259 196 258 252 290 155 228 152 326 131 368 71
191 130 147 78 272 253 281 378 280 319 244 252 238 382 237 322 2 2
;
138 0 260 116 260 155 259 196 258 252 290 155 228 153 327 132 371 74
190 132 143 82 272 253 281 378 280 319 244 252 238 382 237 323 2 2
;
139 0 260 116 260 155 259 197 258 253 290 156 228 154 329 135 376 81
189 137 139 93 272 253 281 378 280 320 244 253 238 382 237 323 2 2
;
140 0 260 116 260 155 259 197 258 253 290 156 228 154 329 136 379 84
188 139 137 96 272 253 281 378 280 320 244 253 238 382 237 323 2 2
;
141 0 260 116 260 155 259 197 258 253 290 156 228 155 331 137 382 87
187 141 134 101 272 254 281 378 280 320 244 253 238 382 237 323 2 2
;
142 0 259 116 260 155 259 197 258 254 290 156 228 155 331 137 382 86
187 141 133 101 272 254 281 378 280 320 244 253 238 382 237 323 2 2
;
143 0 259 116 260 156 259 197 258 254 290 157 228 155 330 137 376 77
187 141 136 95 272 254 281 378 280 320 244 253 238 382 237 323 2 2
;
144 0 259 116 260 156 259 197 258 254 290 157 228 155 327 133 363 66
188 136 145 81 272 254 281 378 280 320 244 253 238 382 237 323 2 2
;
145 0 259 116 260 156 259 197 258 254 290 157 228 155 324 130 354 60
189 131 153 75 272 254 281 378 280 320 244 253 238 382 237 323 2 2
;
146 0 259 116 260 156 259 197 258 254 290 156 228 155 321 126 344 55
192 129 163 69 272 254 281 378 280 320 244 253 238 382 237 323 2 2
;
147 0 259 116 260 156 259 197 257 253 290 156 228 154 317 121 323 48
198 125 182 58 271 254 281 378 280 319 244 253 238 382 237 323 2 2
;
148 0 259 116 259 156 259 197 257 253 290 156 228 154 313 116 312 47
200 119 193 54 271 254 281 378 280 319 244 253 238 382 237 323 2 2
;
149 0 259 116 259 156 259 197 257 253 288 155 228 152 309 114 294 50
204 110 214 47 271 253 281 378 280 319 243 252 238 382 237 322 0 2
;
150 0 259 116 259 156 258 197 257 252 288 155 228 151 304 109 280 50
209 110 232 49 272 252 281 378 279 318 243 252 238 382 237 321 2 2
;
151 0 259 116 259 156 258 197 257 251 288 155 229 150 302 108 275 51
211 107 238 51 272 251 281 378 279 317 243 251 238 382 237 321 1 2
;
152 0 259 116 259 156 258 196 257 250 287 154 229 150 300 106 272 51
213 107 242 52 272 250 281 378 279 317 243 250 238 382 237 321 1 1
;
153 0 259 116 259 156 258 196 257 250 287 154 229 151 300 106 275 49
213 107 238 51 272 250 281 378 279 317 243 250 238 382 237 321 1 1
;
154 0 259 116 259 156 258 196 257 250 288 154 229 150 303 107 289 47
211 108 223 47 272 250 281 378 279 317 243 250 238 382 237 321 2 2
;
155 0 259 116 259 156 258 196 257 250 288 154 229 151 306 109 297 47
207 107 213 46 272 250 281 378 279 317 243 250 238 382 237 321 2 2
;
156 0 259 116 259 156 258 196 257 251 288 154 228 151 312 113 316 45
201 110 193 49 271 251 281 378 279 317 243 250 238 382 237 321 2 2
;
157 0 259 116 259 156 258 196 257 251 288 154 228 152 314 115 325 46
195 115 185 53 271 251 281 378 279 317 243 251 238 382 236 321 2 2
;
158 0 259 116 259 156 258 196 257 251 289 154 228 152 318 120 341 53
193 118 169 59 271 252 281 378 279 318 243 251 238 382 236 321 2 2
;
159 0 259 116 259 156 258 196 257 252 289 154 228 152 320 121 348 56
191 120 161 62 271 252 281 378 279 318 243 251 238 382 236 322 2 2
;
160 0 259 116 259 156 258 196 257 252 289 155 228 153 325 128 360 64
188 127 150 72 271 252 281 377 279 318 243 252 238 382 236 322 2 2
;
161 0 259 116 259 156 258 197 257 253 289 155 227 153 325 131 366 67
188 131 146 78 271 253 281 377 279 318 243 252 238 382 236 322 2 2
;
162 0 259 116 259 156 258 197 257 253 289 156 227 154 327 135 374 77
187 136 139 90 271 253 281 377 279 319 243 253 238 382 236 322 2 2
;
163 0 259 116 258 156 258 197 257 253 289 156 227 155 328 136 376 82
187 139 136 94 271 254 281 377 279 319 243 253 238 382 236 322 2 2
;
164 0 258 116 258 156 258 197 257 254 289 157 227 155 330 139 381 88
185 142 131 102 271 254 281 377 279 319 243 254 238 382 236 322 2 2
;
165 0 258 116 258 156 258 197 257 254 289 157 227 155 330 139 383 89
185 142 130 104 271 254 281 377 279 319 243 254 238 382 236 322 2 2
;
166 0 258 116 258 156 258 198 257 254 289 157 227 156 330 139 378 83
185 142 132 99 271 254 281 377 279 319 243 254 238 382 236 322 2 2
;
167 0 258 116 258 156 258 198 257 254 289 157 227 156 329 138 374 76
186 140 136 92 271 254 281 377 279 320 243 254 238 382 236 322 2 2
;
168 0 258 116 258 156 258 198 257 254 289 157 226 156 325 133 356 64
188 134 150 76 271 254 281 377 279 319 243 254 238 382 236 322 2 2
;
169 0 258 116 258 156 258 198 257 254 289 157 226 155 322 130 346 58
191 130 160 70 271 254 281 377 279 319 243 254 238 382 236 322 2 2
;
170 0 258 116 258 156 258 197 257 254 289 156 227 154 318 124 323 50
197 126 182 59 271 254 281 377 279 319 243 254 238 382 236 322 2 2
;
171 0 258 116 258 156 258 197 257 254 289 156 227 154 314 119 313 48
199 120 193 54 271 254 281 377 279 319 243 253 238 382 236 322 0 2
;
172 0 258 116 258 156 258 197 257 253 288 155 227 152 310 116 294 48
203 116 214 50 271 254 281 377 279 318 243 253 238 382 236 322 2 2
;
173 0 258 116 258 156 258 197 257 253 288 155 228 151 308 115 289 55
205 115 223 50 271 253 281 377 279 318 242 252 238 381 236 322 2 2
;
174 0 258 116 258 156 258 197 257 252 287 155 228 151 303 109 275 52
209 112 237 51 271 252 281 377 279 317 243 251 238 381 236 321 2 1
;
175 0 258 116 258 156 258 197 257 251 286 155 229 151 302 108 270 53
211 110 242 53 271 251 281 377 279 317 243 251 238 381 236 321 1 1
;
176 0 258 117 258 156 258 196 257 250 287 155 229 152 297 106 266 51
212 110 244 54 272 250 281 377 279 317 243 250 238 381 236 321 1 1
;
177 0 258 117 258 156 258 196 257 250 287 155 229 152 301 115 271 52
212 109 239 53 272 250 281 377 279 316 243 250 237 381 236 321 1 1
;
178 0 258 117 258 156 258 196 257 250 288 154 229 151 303 111 284 51
208 108 224 51 272 250 281 377 279 316 243 250 238 382 236 321 2 2
;
179 0 258 116 258 156 258 196 257 250 288 154 229 151 306 112 292 50
205 108 215 49 271 251 281 377 279 316 243 250 237 382 236 321 0 2
;
180 0 258 116 258 156 258 196 257 251 288 154 228 151 310 114 308 46
200 110 197 49 271 251 281 377 279 316 243 251 238 382 236 321 0 2
;
181 0 258 116 259 156 258 196 257 251 288 154 228 151 313 116 317 47
197 113 188 52 271 252 281 377 279 317 243 251 238 382 236 321 0 2
;
182 0 258 116 259 156 258 196 257 252 289 154 228 152 318 121 333 53
192 119 173 59 271 252 281 377 279 317 243 252 238 382 236 321 0 2
;
183 0 258 116 259 156 258 196 257 252 289 154 228 152 319 122 340 54
191 120 165 61 271 252 281 377 279 317 243 252 238 382 236 322 2 2
;
184 0 258 116 259 156 258 197 257 252 289 155 228 153 322 125 354 59
188 124 153 69 271 253 281 378 279 318 243 252 238 382 236 322 2 2
;
185 0 258 116 259 156 258 197 257 252 289 155 228 153 324 127 360 61
188 126 147 73 271 253 281 378 279 319 243 252 238 382 236 322 2 2
;
186 0 258 116 259 156 258 197 257 253 289 155 227 153 325 131 370 70
188 130 140 82 271 253 281 378 279 319 243 253 238 382 236 322 2 2
;
187 0 258 116 259 156 258 197 257 253 289 155 227 154 326 131 374 73
188 132 138 86 271 253 281 378 279 319 243 253 238 382 236 323 2 2
;
188 0 258 116 258 156 258 197 257 253 289 155 227 154 327 132 379 80
188 134 135 92 271 254 281 378 279 319 243 253 238 382 236 323 2 2
;
189 0 258 116 258 156 258 197 257 253 289 155 227 154 327 133 381 81
188 134 135 93 271 254 281 378 279 319 243 253 238 382 236 322 2 2
;
190 0 258 116 258 156 258 197 257 254 289 155 227 154 328 133 378 77
188 134 137 88 271 254 281 378 279 319 243 253 238 382 236 322 2 2
;
191 0 258 115 258 156 258 197 257 254 289 155 227 154 327 132 374 72
188 132 140 82 271 254 281 378 279 319 243 253 238 382 236 322 2 2
;
192 0 258 115 258 155 258 197 257 254 289 155 227 154 325 129 360 60
190 127 153 69 271 254 281 378 279 319 243 253 238 382 236 322 2 2
;
193 0 258 115 258 155 258 197 257 253 289 155 227 154 323 125 350 55
191 123 162 64 271 254 281 378 279 319 243 253 238 382 236 322 2 2
;
194 0 258 116 258 155 258 197 257 253 290 155 227 154 319 121 329 46
194 118 183 53 271 254 281 378 279 319 243 253 238 382 236 322 2 2
;
195 0 258 116 258 155 258 197 257 253 289 154 227 152 313 113 309 43
203 113 203 45 271 253 281 378 279 318 243 253 238 382 236 322 2 2
;
196 0 258 116 259 155 258 197 257 253 288 154 228 151 310 112 301 45
205 109 212 45 271 253 281 378 279 318 243 252 238 382 236 321 0 2
;
197 0 258 116 259 155 258 197 257 252 288 154 228 150 309 111 295 51
208 107 221 45 271 253 281 378 279 317 243 252 238 382 236 321 0 2
;
198 0 258 116 259 156 258 197 257 251 287 153 229 150 304 108 281 48
212 106 235 48 271 251 281 378 279 317 243 251 238 382 236 321 2 2
;
199 0 259 116 259 156 258 196 257 250 287 153 230 150 301 106 273 50
214 106 243 52 272 251 281 378 279 316 243 250 238 382 236 321 1 1
;
200 0 259 117 259 155 258 196 257 249 287 153 230 150 300 105 272 50
214 106 244 54 272 250 281 378 279 317 243 249 238 382 236 321 1 1
;
201 0 259 117 259 156 258 196 257 249 287 153 230 151 300 105 275 49
214 106 240 52 272 249 281 378 279 316 243 249 238 382 236 321 1 1
;
202 0 259 117 259 156 258 196 257 249 287 153 230 151 301 106 279 47
214 107 235 51 272 249 281 378 279 316 243 249 238 382 236 321 1 2
;
203 0 259 116 259 156 258 196 257 250 288 153 230 151 306 110 294 50
208 108 220 49 272 250 281 378 279 316 243 250 238 382 236 321 2 2
;
204 0 259 116 259 156 258 196 257 250 288 153 230 151 307 110 301 47
205 109 212 48 272 251 281 378 279 316 243 250 238 382 236 321 2 2
;
205 0 260 116 260 155 258 196 257 251 288 153 229 151 313 113 317 44
201 112 195 51 271 251 281 378 279 317 243 250 238 382 236 321 2 2
;
206 0 260 116 260 155 258 196 257 251 289 153 229 151 315 116 325 46
198 114 187 52 271 251 281 378 279 318 243 251 238 382 236 321 2 2
;
207 0 260 116 260 155 258 196 257 251 289 153 229 151 319 119 340 49
194 117 172 57 271 252 281 378 279 318 243 251 238 382 236 322 2 2
;
208 0 260 116 260 155 258 196 257 252 289 154 229 151 320 120 346 54
192 118 166 60 271 252 281 378 279 318 243 251 238 382 236 322 2 2
;
209 0 260 116 260 155 258 196 257 252 290 154 229 152 323 125 358 58
189 122 155 68 271 252 281 378 279 318 243 252 238 382 236 322 2 2
;
210 0 260 116 260 155 258 196 257 252 290 154 228 152 325 127 363 62
189 126 150 72 271 253 281 378 280 319 243 252 238 382 236 322 2 2
;
211 0 259 116 259 155 258 197 257 253 290 155 228 153 326 131 371 69
189 131 142 80 271 253 281 378 280 319 243 253 238 382 236 322 2 2
;
212 0 259 116 259 155 258 197 257 253 290 155 228 153 327 132 374 72
189 132 140 85 271 253 281 378 280 319 243 253 238 382 236 322 2 2
;
213 0 259 116 259 156 258 197 257 253 290 155 228 154 327 133 375 73
188 133 139 89 271 254 281 378 280 319 243 253 238 382 236 322 2 2
;
214 0 259 116 259 156 258 197 257 254 290 155 228 154 327 133 373 71
188 133 140 87 271 254 281 378 279 319 243 253 238 382 236 322 2 2
;
215 0 259 116 259 156 258 197 257 254 290 155 228 154 326 133 364 65
189 133 146 78 271 254 281 378 280 319 243 253 238 382 236 322 2 2
;
216 0 259 116 259 156 258 197 257 254 290 155 228 154 325 130 357 60
189 130 153 73 271 254 281 378 279 319 243 253 238 382 236 322 2 2
;
217 0 259 116 259 156 258 197 257 254 290 155 228 154 322 126 338 52
192 126 170 64 271 254 281 378 280 319 243 253 238 382 236 322 2 2
;
218 0 259 116 259 156 258 197 257 254 290 155 228 154 319 124 329 48
193 121 180 58 271 254 281 378 280 319 243 253 238 382 236 322 2 2
;
219 0 259 116 259 156 258 197 257 254 289 155 228 153 313 115 309 45
201 116 199 50 271 254 281 378 280 319 243 253 238 382 236 322 0 2
;
220 0 259 116 259 156 258 197 257 253 289 154 228 153 312 114 301 49
202 112 208 48 271 254 281 378 279 319 243 253 238 382 236 322 0 2
;
221 0 259 116 259 156 258 197 257 253 288 154 229 150 307 110 286 50
207 109 226 48 271 253 281 378 279 318 243 252 238 382 236 321 2 2
;
222 0 259 116 259 156 258 197 257 252 288 154 229 150 304 108 280 49
210 106 232 50 272 252 281 378 279 318 243 252 238 382 236 321 2 2
;
223 0 259 116 259 156 258 197 257 250 287 154 230 150 302 107 271 51
213 107 243 52 272 251 281 378 279 317 243 250 238 381 236 321 1 1
;
224 0 259 116 259 156 258 196 257 250 287 154 230 150 301 107 269 50
214 107 244 53 272 250 281 378 279 317 243 250 238 381 236 321 1 1
;
225 0 259 116 259 156 259 196 257 250 287 154 230 149 301 106 277 49
214 107 237 51 272 250 281 378 279 317 243 249 238 381 236 321 1 1
;
226 0 259 116 259 156 259 196 257 250 287 153 230 149 302 107 284 50
212 107 229 50 272 250 281 378 279 317 243 249 238 381 236 321 1 2
;
227 0 259 116 260 156 259 196 257 251 288 153 229 151 307 111 300 48
206 107 212 47 272 251 281 378 279 317 243 250 238 381 236 321 2 2
;
228 0 259 116 260 156 259 196 257 251 288 153 229 152 310 112 308 44
203 109 203 47 272 251 281 378 279 317 243 251 238 382 236 321 0 2
;
229 0 259 116 259 156 259 196 257 252 289 154 229 152 316 118 326 50
196 115 186 52 272 252 281 378 279 318 243 251 238 382 236 321 2 2
;
230 0 259 116 260 156 259 196 257 252 289 154 229 152 318 121 333 52
194 117 178 56 271 252 281 378 279 318 243 251 238 382 236 321 2 2
;
231 0 259 116 260 156 259 197 257 252 290 154 229 152 321 123 347 56
191 119 164 61 271 252 281 378 279 318 243 252 238 382 236 321 2 2
;
232 0 259 116 260 156 259 197 257 252 290 154 228 152 322 125 353 58
190 121 158 65 271 253 281 378 279 319 243 252 238 382 236 322 2 2
;
233 0 259 116 260 156 259 197 257 253 290 155 228 153 326 129 364 64
189 127 149 73 271 253 281 378 280 319 243 253 238 381 236 322 2 2
;
234 0 259 116 260 156 259 197 257 253 290 155 228 153 326 132 368 67
189 131 145 78 271 254 281 378 280 319 243 253 238 381 236 322 2 2
;
235 0 259 116 260 156 259 197 257 254 290 156 228 154 328 133 373 73
189 134 140 86 271 254 281 378 280 319 243 253 238 381 236 322 2 2
;
236 0 259 116 260 156 259 197 257 254 290 156 228 154 328 134 376 75
188 135 138 92 271 254 281 378 280 320 243 254 238 381 236 322 2 2
;
237 0 259 116 260 156 259 198 257 254 290 156 228 154 328 134 375 74
188 136 138 92 271 254 281 378 280 320 243 254 238 381 236 322 2 2
;
238 0 259 116 260 156 259 198 257 254 290 156 228 154 328 134 372 72
188 136 139 90 271 254 281 378 280 320 243 254 238 381 236 322 2 2
;
239 0 259 116 260 156 259 198 257 254 290 156 228 154 327 133 361 64
189 135 146 79 271 255 281 378 280 319 243 254 238 381 236 322 2 2
;
240 0 259 116 260 156 259 198 257 254 290 156 228 154 325 131 353 59
189 131 153 74 271 255 281 378 280 319 243 254 238 381 236 322 2 2
;
241 0 259 116 260 156 259 198 257 254 290 156 228 154 322 126 333 50
191 126 170 65 271 255 281 378 280 319 243 254 238 381 236 322 0 2
;
242 0 259 116 260 156 259 198 257 254 290 156 228 153 315 119 312 48
196 118 190 55 271 254 281 378 280 318 243 254 238 381 236 322 0 2
;
243 0 259 116 260 156 259 198 257 254 290 155 228 153 313 118 302 51
198 114 202 51 271 254 281 378 280 318 243 254 238 381 236 322 0 2
;
244 0 259 116 260 156 259 198 257 254 289 155 228 152 310 117 294 56
199 112 212 50 271 254 281 378 280 318 243 254 238 382 236 322 2 2
;
245 0 259 116 260 156 259 197 258 253 288 155 229 152 301 108 276 52
207 112 230 52 272 253 281 378 280 318 243 253 238 382 236 322 0 2
;
246 0 259 116 260 156 259 197 258 252 287 155 230 151 298 107 268 52
210 111 239 53 272 252 281 378 280 318 243 251 238 382 236 322 1 1
;
247 0 259 116 260 156 259 197 258 251 286 155 230 150 297 106 268 52
211 111 240 53 272 251 281 378 280 318 243 251 238 382 236 321 1 1
;
248 0 259 116 259 156 259 197 258 251 287 155 230 151 298 106 274 51
211 109 234 52 272 251 281 378 280 318 243 251 238 382 236 321 1 2
;
249 0 259 116 259 156 259 197 258 251 287 154 230 151 301 107 280 48
209 108 227 51 272 251 281 378 280 318 243 251 238 382 236 321 2 2
;
250 0 259 116 259 156 259 197 258 251 287 154 229 150 307 112 297 51
202 109 211 50 272 252 281 378 280 318 243 251 238 382 236 321 0 2
;
251 0 259 116 259 156 259 197 257 252 288 154 229 150 308 112 305 47
201 110 202 50 272 252 281 378 280 318 243 251 238 382 236 321 0 2
;
252 0 259 116 259 156 258 197 257 252 289 154 228 151 315 118 323 48
197 115 185 55 272 252 281 378 280 318 243 252 238 382 236 321 0 2
;
253 0 259 116 259 156 258 197 257 252 289 154 228 151 317 121 331 53
194 119 178 58 272 252 281 378 280 318 243 252 238 382 236 322 0 2
;
254 0 259 116 259 156 258 197 257 252 289 154 228 151 321 124 347 57
190 120 164 63 272 253 281 378 280 318 243 252 238 382 236 322 2 2
;
255 0 258 116 259 156 258 197 257 252 289 154 228 152 322 126 354 59
189 123 158 69 272 253 281 378 280 319 243 252 238 382 236 322 2 2
;
256 0 258 116 259 156 258 197 257 253 289 155 228 152 326 132 366 68
189 130 147 77 271 253 281 378 280 319 243 253 238 381 236 322 2 2
;
257 0 258 116 259 156 258 197 257 253 289 155 227 153 327 133 370 73
189 133 142 82 271 254 281 378 280 319 243 253 238 382 236 322 2 2
;
258 0 258 116 259 156 258 197 257 254 290 156 227 154 328 135 376 79
188 136 138 93 271 254 281 378 280 319 243 254 238 381 236 322 2 2
;
259 0 258 116 259 156 258 197 257 254 290 156 227 154 328 136 378 81
188 137 137 96 271 254 281 378 280 319 243 254 238 381 236 322 2 2
;
260 0 259 116 259 156 258 198 257 254 290 156 227 154 328 136 377 79
188 138 136 97 271 255 281 378 279 319 243 254 238 382 236 322 2 2
;
261 0 259 116 259 156 258 198 257 254 290 156 228 154 328 136 374 76
187 138 138 95 271 255 281 378 279 319 243 254 238 382 236 322 2 2
;
262 0 259 116 259 156 258 198 257 254 290 156 228 155 326 134 363 66
187 135 145 86 271 255 281 378 279 319 243 254 238 382 236 322 2 2
;
263 0 259 116 259 156 258 198 257 254 290 156 228 155 324 130 356 60
189 133 151 79 271 255 281 378 279 319 243 254 238 382 236 322 2 2
;
264 0 259 116 259 156 258 198 257 254 290 156 228 154 320 125 339 52
191 129 166 69 271 255 281 378 279 319 243 254 238 382 236 322 2 2
;
265 0 259 116 260 156 258 198 257 254 290 156 228 154 318 123 330 48
193 127 174 64 271 254 281 378 279 319 243 254 238 382 236 322 2 2
;
266 0 259 116 260 156 258 198 257 254 289 155 228 154 313 116 312 45
197 120 191 57 271 254 281 378 279 319 243 254 238 382 236 322 0 2
;
267 0 259 116 260 156 258 198 257 254 289 155 228 153 309 112 304 44
201 115 199 52 271 254 281 378 279 318 243 253 238 382 236 322 0 2
;
268 0 259 116 260 156 259 197 257 253 289 154 229 151 305 110 291 48
204 110 215 49 271 253 281 378 279 317 243 252 238 382 236 322 0 2
;
269 0 259 116 260 156 259 197 257 252 289 154 229 151 301 107 284 47
206 110 222 49 272 253 281 378 279 317 243 252 238 382 236 322 2 2
;
270 0 259 116 260 156 259 197 257 251 288 154 230 150 298 106 271 47
210 109 233 51 272 251 281 378 279 318 243 251 238 382 236 321 1 2
;
271 0 259 116 260 156 259 197 257 251 287 154 230 150 295 105 267 48
211 108 238 52 272 251 281 378 279 317 243 250 238 381 236 321 1 1
;
272 0 259 116 259 156 258 196 257 250 287 154 229 151 293 105 264 49
213 107 239 55 272 250 281 378 279 317 243 250 238 381 237 321 1 1
;
273 0 259 116 259 156 258 196 258 250 287 154 229 152 293 105 266 50
213 107 237 54 272 250 281 378 279 317 243 250 238 382 237 321 1 1
;
274 0 259 116 259 156 259 196 258 250 288 154 229 151 297 106 275 47
212 108 228 51 272 250 281 378 279 317 243 250 238 382 237 321 0 1
;
275 0 259 116 259 156 259 196 258 250 288 154 229 152 301 109 282 48
209 108 222 49 272 250 281 378 279 317 243 250 237 382 237 321 0 2
;
276 0 259 116 259 156 259 196 258 251 288 154 229 152 305 112 297 48
204 109 207 47 272 251 281 378 279 317 243 251 238 382 237 321 0 2
;
277 0 259 116 259 156 259 197 258 251 288 154 229 152 307 112 305 44
203 110 199 48 272 252 281 378 279 317 243 251 238 381 237 321 2 2
;
278 0 259 116 259 156 259 197 257 252 288 154 228 152 314 115 321 46
197 115 184 53 272 252 281 378 279 318 243 252 238 381 236 321 2 2
;
279 0 259 116 259 156 259 197 257 252 289 154 228 152 318 116 329 49
196 117 177 57 272 252 281 378 279 318 243 252 238 381 236 321 2 2
;
280 0 259 116 259 156 259 197 257 252 289 154 228 152 320 121 343 54
193 121 165 64 272 253 281 378 280 318 243 252 238 382 236 321 2 2
;
281 0 259 116 259 156 259 197 257 253 289 154 228 152 321 124 350 57
193 124 159 67 272 253 281 378 280 319 243 252 238 382 236 321 2 2
;
282 0 259 116 259 156 259 197 257 253 289 154 228 153 325 128 363 64
192 128 149 75 272 253 281 378 280 319 243 253 238 381 236 322 2 2
;
283 0 259 116 259 156 259 197 257 253 290 155 228 153 326 130 368 69
191 131 144 80 272 254 281 378 280 320 243 253 238 382 236 322 2 2
;
284 0 259 116 259 156 259 197 257 254 290 155 228 154 327 133 375 78
187 133 139 91 272 254 281 378 280 320 243 253 238 381 236 322 2 2
;
285 0 259 116 259 156 259 197 257 254 290 155 228 154 327 133 377 80
188 133 140 95 272 254 281 378 280 320 243 253 237 381 236 322 2 2
;
286 0 259 116 259 156 259 197 257 254 290 155 228 154 327 133 378 78
188 134 141 93 272 254 281 378 280 320 243 254 237 382 236 322 2 2
;
287 0 259 116 259 156 259 197 257 254 290 155 228 154 327 133 375 75
189 133 142 87 272 254 281 378 280 319 243 254 237 382 236 322 2 2
;
288 0 259 116 259 156 259 197 257 254 290 155 228 154 326 131 364 65
191 129 151 74 271 254 281 378 280 320 243 254 238 382 236 323 2 2
;
289 0 259 116 259 156 259 197 257 254 290 155 228 154 324 128 356 59
193 127 159 70 271 254 281 378 279 319 243 254 238 382 236 323 0 2
;
290 0 259 116 259 156 259 197 257 254 290 155 228 154 320 124 337 51
195 121 178 59 271 254 281 378 280 319 243 254 238 382 236 322 0 2
;
291 0 259 116 259 156 258 197 257 254 290 155 228 153 318 122 325 49
198 118 188 55 271 254 281 378 279 319 243 254 238 382 236 322 0 2
;
292 0 259 116 259 156 258 197 257 254 290 154 228 152 314 117 304 55
201 114 211 56 271 254 281 378 279 318 243 253 238 382 236 322 0 2
;
293 0 259 116 259 156 258 197 257 253 289 154 228 151 312 116 293 52
203 113 223 56 271 254 281 378 279 318 243 253 238 382 236 322 0 2
;
294 0 259 116 259 156 258 197 257 253 289 154 229 151 309 115 278 56
206 112 239 60 272 253 281 378 279 318 243 252 238 382 236 322 1 0
;
295 0 259 116 259 156 258 197 257 252 289 154 229 152 305 110 273 54
212 109 245 60 272 252 281 378 279 317 243 252 238 382 236 322 1 1
;
296 0 259 116 259 156 259 197 257 251 288 154 230 151 305 109 276 54
212 109 243 58 272 251 281 378 279 317 243 251 238 382 236 321 1 1
;
297 0 259 116 260 156 259 197 257 251 288 154 230 151 307 112 281 52
212 109 238 54 272 251 281 378 279 317 243 251 238 382 236 321 2 1
;
298 0 259 116 260 156 259 197 257 251 288 154 230 151 310 114 299 55
205 111 219 53 272 252 281 378 279 317 243 251 238 382 236 321 2 2
;
299 0 259 116 260 156 259 197 257 252 288 154 230 151 313 116 307 51
203 112 208 52 272 252 281 378 279 317 243 251 238 382 236 321 2 2
;
300 0 259 116 260 156 259 197 257 252 289 154 230 151 318 120 326 52
198 114 188 52 272 252 281 378 279 318 243 252 238 382 236 321 2 2
;
301 0 260 116 260 156 259 197 257 252 290 154 229 151 320 122 334 55
194 120 179 58 272 253 281 378 279 318 243 252 238 382 236 321 2 2
;
302 0 260 116 260 156 259 197 257 253 290 154 229 151 322 125 350 59
191 122 164 65 271 253 281 378 279 318 243 252 238 382 236 322 2 2
;
303 0 260 116 260 156 259 197 257 253 290 155 229 152 324 127 357 61
191 125 158 69 271 253 281 378 280 319 243 252 238 382 236 322 2 2
;
304 0 260 116 260 156 259 197 257 253 291 155 229 153 328 133 368 70
190 131 146 78 271 254 281 378 280 319 243 253 238 382 236 322 2 2
;
305 0 260 116 260 156 259 197 257 254 291 156 228 154 330 136 377 82
186 137 141 93 271 254 281 378 280 320 243 254 238 382 236 322 2 2
;
306 0 260 116 260 156 259 198 257 254 291 156 228 154 332 138 380 87
187 140 136 97 271 255 281 378 280 320 243 254 238 382 236 322 2 2
;
307 0 260 116 260 156 259 198 257 255 291 156 228 155 333 140 385 92
186 142 132 103 271 255 281 378 279 319 243 254 238 382 236 323 2 2
;
308 0 260 116 260 156 259 198 257 255 291 156 228 155 333 140 385 92
186 142 132 104 271 255 281 378 279 319 243 254 238 382 236 323 2 2
;
309 0 260 116 260 156 259 198 257 255 291 156 228 155 332 139 380 86
187 142 135 97 271 255 281 378 279 319 243 255 238 382 236 323 2 2
;
310 0 260 116 260 156 259 198 257 255 291 156 228 155 331 138 375 78
187 140 141 93 271 255 281 378 279 319 243 255 238 382 236 323 2 2
;
311 0 260 116 260 156 259 198 257 255 291 156 228 155 329 137 367 71
188 138 145 84 271 255 281 378 279 319 243 255 238 382 236 323 2 2
;
312 0 260 116 260 156 259 198 257 255 291 156 228 155 325 130 346 60
189 130 164 71 271 255 281 378 279 319 243 255 238 382 236 323 2 2
;
313 0 259 116 260 156 259 198 257 255 291 156 228 154 320 123 323 53
193 123 185 59 271 255 281 378 279 319 243 255 238 382 236 322 0 2
;
314 0 259 116 260 156 259 198 257 255 290 155 228 154 317 119 312 52
196 117 196 55 271 255 281 378 279 319 243 254 238 382 236 322 0 2
;
315 0 259 116 260 156 259 198 257 254 290 155 228 153 312 116 292 52
200 114 217 54 271 255 281 378 279 319 243 254 238 382 236 322 2 2
;
316 0 259 116 260 156 259 198 257 254 290 155 229 152 310 115 284 53
205 114 226 53 272 254 281 378 279 319 243 254 238 382 236 322 2 2
;
317 0 259 116 260 156 259 198 257 253 289 154 229 152 304 109 273 55
210 111 238 56 272 253 281 378 279 318 243 253 238 382 236 322 0 1
;
318 0 259 116 260 156 259 197 257 252 288 154 230 151 303 108 270 56
210 111 242 57 272 252 281 378 279 317 243 252 238 382 236 321 1 1
;
319 0 259 116 260 156 259 197 258 251 288 154 230 151 303 108 272 55
211 110 238 55 272 252 281 378 279 317 243 251 238 382 236 321 1 1
;
320 0 259 116 260 156 259 197 258 251 288 154 230 151 304 108 276 53
210 112 231 55 272 252 281 378 279 317 243 251 238 382 236 321 1 2
;
321 0 259 116 260 156 259 197 257 252 288 154 230 150 308 113 293 51
205 111 215 52 272 252 281 378 279 317 243 251 238 382 236 321 2 2
;
322 0 259 116 260 156 259 197 257 252 288 154 230 151 311 114 302 51
200 114 205 53 272 252 281 378 279 317 243 252 238 382 236 321 2 2
;
323 0 259 116 260 156 259 197 257 253 288 154 229 151 316 117 321 49
197 116 187 54 272 253 281 378 279 318 243 252 238 382 236 321 2 2
;
324 0 259 116 260 156 259 197 257 253 289 154 229 151 318 119 330 54
194 118 178 57 272 253 281 378 279 318 243 252 238 382 236 321 2 2
;
325 0 259 116 260 156 259 197 257 253 290 154 229 152 321 122 346 56
192 121 164 64 272 253 281 378 280 319 243 253 238 382 236 322 2 2
;
326 0 259 116 260 156 259 197 257 253 290 154 229 152 322 124 354 58
192 123 157 68 272 253 281 378 280 319 243 253 238 382 236 322 2 2
;
327 0 259 116 260 156 259 197 257 253 290 154 228 152 325 127 366 66
191 126 147 74 272 254 281 378 280 319 243 253 238 382 236 322 2 2
;
328 0 259 116 260 156 259 197 257 254 290 154 228 153 326 130 370 70
190 129 144 79 272 254 281 378 280 319 243 253 238 382 236 322 2 2
;
329 0 259 116 260 156 259 198 257 254 290 155 228 153 327 131 377 77
190 132 140 91 272 254 281 378 280 319 243 254 238 382 236 322 2 2
;
330 0 259 116 260 156 259 198 257 254 290 155 228 153 328 132 379 80
189 134 139 95 272 255 281 378 280 320 243 254 238 382 236 322 2 2
;
331 0 259 116 260 156 259 198 257 254 290 156 228 154 329 134 382 83
188 136 136 99 272 255 281 378 280 320 243 254 238 382 236 323 2 2
;
332 0 259 116 260 156 259 198 257 255 290 156 228 154 329 134 382 82
188 136 137 100 272 255 281 378 280 320 243 254 238 382 236 323 2 2
;
333 0 259 116 260 156 259 198 257 255 290 156 228 154 329 134 377 77
188 136 139 94 272 255 281 378 280 320 243 254 238 382 236 323 2 2
;
334 0 259 116 260 156 259 198 257 255 290 156 228 154 328 133 374 71
189 134 140 87 272 255 281 378 280 320 243 254 238 382 236 323 2 2
;
335 0 259 116 260 156 259 198 257 255 290 156 228 154 325 129 360 60
191 127 151 72 271 255 281 378 280 320 243 254 238 382 236 323 2 2
;
336 0 259 116 260 156 259 198 257 255 290 156 228 154 323 126 351 55
193 126 159 67 271 255 281 378 280 320 243 254 238 382 236 322 2 2
;
337 0 259 116 260 156 259 198 257 254 290 155 228 153 319 121 330 47
196 119 178 56 271 255 281 378 280 319 243 254 238 382 236 322 0 2
;
338 0 259 116 260 156 259 198 257 254 290 155 228 152 317 117 319 45
198 117 189 52 271 255 281 378 280 318 243 254 238 382 236 322 2 2
;
339 0 259 116 260 156 259 198 257 254 289 154 228 151 312 113 299 51
203 110 211 48 271 254 281 378 280 318 243 253 238 382 236 321 0 2
;
340 0 259 116 260 156 259 198 257 254 289 153 228 151 310 113 291 53
205 108 222 48 271 254 281 378 279 318 243 253 238 382 236 321 0 2
;
341 0 259 116 260 156 259 197 257 252 288 153 229 151 305 109 275 50
211 108 237 50 272 253 281 378 279 317 243 252 238 382 236 321 2 1
;
342 0 259 116 260 156 259 197 257 251 287 153 229 150 303 107 271 51
212 107 241 52 272 252 281 378 279 317 243 251 238 382 236 321 1 1
;
343 0 259 117 259 156 258 197 257 250 288 153 230 150 302 106 271 50
214 106 241 51 272 251 281 378 279 317 243 250 238 382 236 321 1 1
;
344 0 259 117 259 156 258 197 257 250 288 153 230 150 302 106 274 48
214 106 238 50 272 250 281 378 279 316 243 250 238 382 236 321 1 1
;
345 0 259 116 259 156 258 197 257 251 288 153 230 150 305 109 288 50
212 107 224 47 272 251 281 378 279 316 243 250 238 382 237 321 2 2
;
346 0 259 116 259 156 258 197 257 251 288 153 230 150 307 110 295 48
208 107 216 46 272 251 281 378 279 316 243 251 238 382 237 321 2 2
;
347 0 259 116 259 156 258 197 257 252 288 153 229 150 311 111 312 42
203 108 197 47 272 252 281 378 279 317 243 251 238 382 236 321 2 2
;
348 0 259 116 259 156 258 197 257 252 289 153 229 150 314 114 321 44
199 113 187 51 272 252 281 378 279 317 243 252 238 382 236 321 2 2
;
349 0 259 116 259 156 258 197 257 252 289 153 229 151 318 117 339 47
195 115 170 57 271 253 281 378 279 318 243 252 238 382 236 321 2 2
;
350 0 259 116 259 156 258 197 257 253 290 154 229 151 320 118 347 50
193 117 162 60 271 253 281 378 280 318 243 252 238 382 236 321 2 2
;
351 0 259 116 259 156 258 197 257 253 290 154 229 152 324 123 361 58
190 123 149 69 271 253 281 378 280 318 243 253 238 382 236 321 2 2
;
352 0 259 116 259 156 258 197 257 253 290 154 228 152 325 125 366 62
190 125 144 75 271 253 281 378 280 318 243 253 238 382 236 321 2 2
;
353 0 259 116 259 156 258 197 257 254 290 154 228 153 327 128 375 71
189 130 138 87 271 254 281 378 280 319 243 253 238 381 236 322 2 2
;
354 0 259 116 259 156 258 197 257 254 290 155 228 153 328 130 381 78
188 133 131 95 271 254 281 378 280 319 243 254 238 381 236 322 2 2
;
355 0 259 116 259 156 258 197 257 254 290 155 228 153 328 130 383 80
188 134 134 102 271 254 281 378 280 319 243 254 238 381 236 322 2 2
;
356 0 259 116 259 156 258 198 257 254 290 155 228 154 329 131 385 81
188 135 134 104 271 254 281 378 279 319 243 254 238 381 236 322 2 2
;
357 0 259 116 259 156 258 198 257 254 290 155 228 154 329 131 384 80
188 135 135 102 271 255 281 378 279 319 243 254 238 381 236 322 2 2
;
358 0 259 116 259 156 258 198 257 254 290 155 228 154 328 129 377 73
188 133 139 92 271 255 281 378 280 319 243 254 238 381 236 322 2 2
;
359 0 259 116 259 156 258 198 257 254 290 155 228 154 327 128 373 65
189 129 141 81 271 255 281 378 280 320 243 254 238 381 236 322 2 2
;
360 0 259 116 259 156 258 198 257 254 290 155 228 154 325 124 364 60
191 125 147 72 271 255 281 378 280 319 243 254 238 382 236 322 2 2
;
361 0 259 116 259 156 258 198 257 254 290 155 228 153 320 117 345 47
197 118 168 59 272 254 281 378 280 319 243 254 238 381 236 322 2 2
;
362 0 259 116 259 156 258 198 257 254 290 154 228 152 317 115 334 43
201 115 178 49 271 254 281 378 280 318 243 254 238 382 236 322 2 2
;
363 0 259 116 259 156 258 197 257 253 289 153 228 150 310 109 311 39
207 104 203 40 272 254 281 378 280 317 243 253 238 382 236 322 2 2
;
364 0 259 116 259 156 258 197 257 252 287 151 229 149 306 105 291 43
211 102 227 39 272 252 281 378 279 317 243 252 238 382 236 321 2 2
;
365 0 259 116 259 156 258 196 257 250 287 150 230 147 303 104 284 44
217 101 236 40 272 250 281 378 279 317 243 250 238 382 236 321 2 2
;
366 0 259 116 259 155 258 195 257 247 287 150 231 147 297 100 269 37
221 100 245 43 272 247 281 378 279 316 242 246 238 382 237 321 1 1
;
367 0 259 116 259 155 258 194 257 246 287 150 232 147 296 100 267 35
222 99 249 40 272 247 281 378 279 316 242 245 238 382 237 321 1 1;
368 0 259 116 259 155 258 194 257 246 288 150 231 148 297 100 279 38
222 99 242 42 271 246 281 378 279 316 242 245 238 382 237 321 1 1;
369 0 259 116 259 155 258 194 257 246 288 149 231 148 299 101 287 42
221 100 236 40 272 247 281 378 279 316 242 246 238 382 237 321 1 2
;
370 0 259 116 259 155 258 195 257 249 289 151 231 149 304 103 303 39
213 102 218 39 272 249 281 378 279 316 242 249 238 382 237 321 2 2
;
371 0 260 116 259 155 258 195 257 250 289 151 230 149 309 105 312 39
212 102 207 40 271 250 281 378 279 316 242 250 238 382 237 321 2 2
;
372 0 260 116 259 155 258 196 257 251 289 152 230 149 315 112 331 43
203 107 187 46 271 252 281 378 279 316 242 251 238 382 237 321 2 2
;
373 0 260 116 259 155 258 196 257 252 290 152 230 149 317 114 339 46
199 110 177 49 271 252 281 378 279 317 242 251 238 382 237 321 2 2
;
374 0 260 116 259 155 258 196 257 252 290 153 230 150 322 120 355 53
194 115 160 59 271 253 281 378 279 318 243 252 238 382 237 321 2 2
;
375 0 260 116 260 155 258 196 257 253 290 154 230 150 324 123 363 58
191 119 153 65 271 253 281 378 279 318 243 252 238 382 237 321 2 2
;
376 0 260 116 260 155 259 197 257 253 291 154 229 151 327 128 374 69
191 130 141 79 271 254 281 378 280 319 243 253 238 382 236 322 2 2
;
377 0 260 116 260 155 259 197 257 253 291 155 229 151 328 129 379 75
187 131 140 90 271 254 281 378 280 319 243 253 238 382 236 322 2 2
;
378 0 260 116 260 156 259 197 257 254 291 156 229 153 330 133 388 85
187 137 132 104 271 254 281 378 280 319 243 254 238 381 236 322 2 2
;
379 0 260 116 260 156 259 198 257 254 291 156 229 153 330 136 390 89
187 139 126 108 271 255 281 378 280 319 243 254 238 382 236 322 2 2
;
380 0 260 116 260 156 259 198 257 255 291 156 228 154 330 136 392 91
186 141 125 113 271 255 281 378 280 319 243 254 238 382 236 322 2 2
;
381 0 260 116 260 156 259 198 257 255 291 156 228 154 331 136 391 89
186 141 125 112 271 255 281 378 280 319 243 255 238 382 236 322 2 2
;
382 0 260 115 260 156 259 198 257 255 291 156 228 154 330 134 383 78
186 141 129 101 271 255 281 378 280 319 243 255 238 382 236 322 2 2
;
383 0 260 115 260 156 259 198 257 255 291 156 228 154 329 131 377 72
187 138 133 94 271 255 281 378 280 319 243 255 238 382 236 322 2 2
;
384 0 260 115 260 156 259 198 257 255 291 156 228 154 325 126 361 57
189 130 146 76 272 255 281 378 280 319 243 255 238 382 237 322 2 2
;
385 0 259 115 260 156 259 198 257 255 291 155 228 154 322 124 351 51
192 126 155 68 272 255 281 378 280 319 243 255 238 382 236 322 2 2
;
386 0 259 115 260 156 259 198 257 255 290 155 228 153 318 120 328 44
196 117 176 55 272 255 281 378 280 318 243 255 238 381 236 322 2 2
;
387 0 259 115 259 156 259 198 257 255 290 155 228 152 314 116 317 43
200 112 187 49 271 255 281 378 280 318 243 255 238 381 236 322 2 2
;
388 0 258 115 259 156 258 198 257 254 288 154 228 151 310 111 296 46
206 107 213 43 271 255 281 378 280 318 243 254 238 382 237 322 0 2
;
389 0 258 116 259 156 258 198 257 254 288 154 228 150 308 111 288 50
209 108 224 45 272 254 281 378 280 318 243 254 238 382 237 322 0 2
;
390 0 258 116 259 156 258 197 257 252 287 154 229 150 301 107 274 50
214 105 242 48 272 252 281 378 280 317 243 252 238 382 237 322 2 1
;
391 0 258 116 259 156 258 197 258 251 287 154 229 150 297 105 268 48
215 105 247 49 272 251 281 378 280 317 243 251 238 381 237 322 1 1
;
392 0 258 117 259 156 258 196 258 250 288 154 229 151 296 105 271 47
219 102 244 48 273 251 281 378 280 317 243 250 238 381 237 322 1 1
;
393 0 258 117 259 156 258 196 258 250 288 154 230 150 297 105 275 42
219 102 240 45 273 251 281 378 280 317 243 250 238 381 237 322 1 1
;
394 0 258 117 259 156 258 196 257 250 288 153 230 150 303 105 292 43
212 103 223 40 272 251 281 378 279 317 243 250 238 381 237 321 0 2
;
395 0 258 116 259 156 258 196 257 251 288 153 230 149 304 106 301 39
211 103 212 40 272 251 281 378 279 317 243 251 238 381 237 321 0 2
;
396 0 258 116 259 155 258 196 257 252 288 153 229 149 313 109 322 42
203 107 189 45 272 252 281 378 279 317 243 252 238 382 237 321 2 2
;
397 0 258 116 259 155 258 196 257 252 288 153 229 149 316 115 332 43
199 109 178 48 272 252 281 378 279 317 243 252 238 382 237 321 2 2
;
398 0 259 116 259 155 258 197 257 253 289 154 229 150 320 118 352 50
193 116 158 59 272 253 281 378 280 317 243 252 238 382 237 321 2 2
;
399 0 259 116 259 155 258 197 257 253 290 154 229 151 323 121 361 56
190 119 150 66 272 253 281 378 280 318 243 253 238 382 237 321 2 2
;
400 0 259 116 259 156 258 197 257 254 290 154 228 152 326 127 375 69
189 130 137 82 272 254 281 378 280 319 243 253 238 382 237 322 2 2
;
401 0 259 116 259 156 258 197 257 254 290 154 228 152 327 129 379 76
188 131 136 93 272 254 281 378 280 319 243 254 238 382 236 322 2 2
;
402 0 259 116 259 156 258 198 257 254 290 155 228 153 329 132 388 85
188 137 134 106 272 255 281 378 280 319 243 254 238 382 236 322 2 2
;
403 0 259 116 259 156 259 198 257 255 290 155 228 154 329 135 390 89
187 139 125 108 272 255 281 378 280 319 243 255 238 382 236 322 2 2
;
404 0 259 116 259 156 259 198 257 255 291 155 228 154 329 136 389 87
187 139 125 107 272 255 281 378 280 319 243 255 238 382 236 322 2 2
;
405 0 259 116 259 156 259 198 257 255 291 155 228 155 329 136 387 84
187 139 126 105 272 255 281 378 280 319 243 255 238 382 236 322 2 2
;
406 0 259 116 259 156 259 198 257 255 291 155 228 155 328 134 377 75
187 138 133 95 272 255 281 378 280 319 243 255 238 382 236 322 2 2
;
407 0 259 116 259 156 259 198 257 255 290 155 228 155 327 132 371 67
189 135 138 88 272 255 281 378 280 319 243 255 238 382 236 322 2 2
;
408 0 259 116 259 156 259 198 257 255 291 155 228 154 323 126 352 54
191 127 151 71 272 255 281 378 280 319 243 255 238 382 236 322 2 2
;
409 0 259 116 259 156 259 198 257 255 290 155 228 153 319 122 330 46
193 119 172 58 272 255 281 378 280 319 243 255 238 382 236 322 2 2
;
410 0 259 116 259 156 258 198 257 255 290 155 228 153 316 117 319 44
195 117 183 53 272 255 281 378 280 318 243 254 238 381 236 322 2 2
;
411 0 259 116 259 156 258 198 257 254 289 154 228 152 311 111 299 46
205 112 206 44 272 255 281 378 280 318 243 254 238 382 236 322 0 2
;
412 0 259 116 259 156 258 198 257 254 288 153 229 150 308 110 291 48
206 108 217 45 272 254 281 378 280 318 243 254 238 382 236 322 2 2
;
413 0 259 116 259 156 258 198 257 253 288 153 229 150 304 108 283 50
208 108 227 46 272 253 281 378 280 318 243 253 238 382 236 322 2 2
;
414 0 259 116 259 156 258 197 258 251 288 153 229 150 299 104 271 50
213 106 242 50 273 252 281 378 279 318 243 251 238 382 236 322 1 1
;
415 0 259 117 259 156 258 196 258 250 288 154 230 150 296 104 267 48
217 103 246 50 273 250 281 378 279 317 243 249 238 382 237 321 1 1
;
416 0 259 117 259 156 258 196 258 250 288 154 230 150 297 104 267 41
217 103 242 49 273 250 281 378 279 317 243 249 238 382 237 321 1 1
;
417 0 259 117 259 156 258 196 258 250 288 154 230 150 301 105 284 47
213 104 230 46 273 250 281 378 279 316 243 250 238 382 237 321 2 1
;
418 0 259 117 259 156 258 196 258 251 288 153 230 150 304 107 291 46
211 106 221 46 273 251 281 378 279 316 243 250 238 381 237 321 2 2
;
419 0 259 117 259 156 259 197 258 252 289 153 230 150 309 109 309 42
205 107 202 45 272 252 281 378 279 317 243 251 238 382 237 321 0 2
;
420 0 259 117 259 156 258 197 257 252 289 154 230 150 313 113 319 44
202 110 192 48 272 252 281 378 279 317 243 252 238 381 237 321 0 2
;
421 0 259 116 259 156 259 197 257 253 289 154 229 150 317 119 338 48
196 116 175 56 272 253 281 378 280 318 243 252 238 381 237 321 2 2
;
422 0 259 116 259 156 259 197 257 253 290 154 229 151 319 119 345 53
193 117 166 59 272 253 281 378 280 318 243 253 238 381 236 321 2 2
;
423 0 259 116 260 156 259 197 257 253 290 154 229 152 324 125 361 60
189 123 152 70 272 254 281 378 280 318 243 253 238 381 236 321 2 2
;
424 0 259 116 260 156 259 197 257 254 290 155 229 152 326 129 367 65
189 127 145 75 272 254 281 378 280 319 243 253 238 381 236 322 2 2
;
425 0 259 116 260 156 259 198 257 254 290 155 229 153 327 132 377 75
189 133 139 90 272 255 281 378 280 319 243 254 238 381 236 322 2 2
;
426 0 259 116 260 156 259 198 257 255 290 156 228 153 328 133 380 78
189 134 136 94 272 255 281 378 280 319 243 254 238 381 236 322 2 2
;
427 0 259 116 260 156 259 198 257 255 290 156 228 154 329 133 383 82
188 136 133 97 272 255 281 378 280 319 243 255 238 381 236 322 2 2
;
428 0 259 116 260 156 259 198 257 255 290 156 228 154 330 134 382 81
188 136 133 97 272 255 281 378 280 319 243 255 238 381 236 322 2 2
;
429 0 259 116 260 156 259 198 257 255 290 156 228 154 329 133 377 74
188 136 137 90 272 256 281 378 280 319 243 255 238 382 236 322 2 2
;
430 0 259 116 260 156 259 198 257 255 290 156 228 154 328 133 372 68
189 135 141 83 272 256 281 378 280 319 243 255 238 381 236 322 2 2
;
431 0 259 116 260 156 259 198 257 255 291 156 228 154 324 128 355 57
191 129 155 71 272 256 281 378 280 319 243 255 238 381 236 322 2 2
;
432 0 259 116 260 156 259 198 257 255 291 156 228 154 322 126 345 53
191 126 165 67 272 256 281 378 280 319 243 255 238 381 236 322 2 2
;
433 0 259 116 260 156 259 198 257 255 290 155 228 153 318 120 321 46
195 120 186 56 272 255 281 378 280 319 243 255 238 381 236 322 0 2
;
434 0 259 116 260 156 259 198 257 255 290 155 228 153 315 116 309 46
200 118 198 51 272 255 281 378 280 319 243 255 238 381 236 322 0 2
;
435 0 259 116 260 156 259 198 257 255 288 154 229 152 311 116 288 52
206 116 222 50 272 255 281 378 280 319 243 254 238 381 236 322 0 2
;
436 0 259 116 260 156 259 198 257 254 288 155 229 151 308 116 282 58
208 114 232 52 272 254 281 378 280 319 243 254 238 381 236 321 2 2
;
437 0 259 116 259 156 258 197 258 252 288 155 229 151 302 107 264 50
213 108 243 56 272 252 281 378 280 318 243 252 238 381 236 321 1 1
;
438 0 259 116 259 156 258 197 258 252 287 154 230 151 301 107 265 51
215 106 243 57 272 252 281 378 280 318 243 251 238 381 236 321 1 1
;
439 0 259 116 259 156 258 197 258 251 287 154 230 151 302 109 275 49
214 107 237 52 272 252 281 378 280 318 243 251 238 381 237 321 1 1
;
440 0 259 116 259 156 258 197 258 251 287 154 230 151 305 113 282 49
212 107 230 51 272 252 281 378 279 317 243 251 238 382 236 321 2 1
;
441 0 259 116 259 156 258 197 257 252 287 154 230 150 308 113 300 47
205 109 211 49 272 252 281 378 279 317 243 252 238 382 236 321 2 2
;
442 0 258 116 259 156 258 197 257 253 287 154 230 151 310 113 309 44
203 110 201 49 272 253 281 378 279 317 243 252 238 382 236 321 2 2
;
443 0 258 116 259 156 258 197 257 253 289 154 229 151 319 116 328 50
196 116 180 54 272 253 281 378 280 318 243 253 238 382 236 322 0 2
;
444 0 258 116 259 156 258 197 257 253 289 154 229 151 320 121 338 49
195 117 171 58 272 253 281 378 280 318 243 253 238 382 236 322 2 2
;
445 0 258 116 259 156 258 197 257 254 290 154 229 152 322 125 354 56
189 122 155 68 272 254 281 378 280 319 243 253 238 382 236 322 2 2
;
446 0 259 116 259 156 258 197 257 254 290 155 229 152 324 126 361 59
190 125 148 73 272 254 281 378 280 319 243 253 238 382 236 322 2 2
;
447 0 259 116 259 156 259 198 257 254 290 155 229 153 326 131 371 68
190 131 140 85 272 255 281 378 280 320 243 254 238 382 236 322 2 2
;
448 0 259 116 259 156 259 198 257 254 290 155 229 153 326 131 374 72
189 132 139 92 272 255 281 378 280 320 243 254 238 382 236 322 2 2
;
449 0 259 116 260 156 259 198 257 255 290 155 228 154 327 132 379 77
189 135 135 96 272 255 281 378 280 320 243 254 238 382 236 322 2 2
;
450 0 259 116 260 156 259 198 257 255 290 156 228 154 328 132 379 78
189 136 134 97 272 255 281 378 280 320 243 255 238 382 236 322 2 2
;
451 0 259 116 260 156 259 198 257 255 290 156 228 154 328 133 377 74
189 136 136 93 272 255 281 378 280 320 243 255 238 382 236 322 2 2
;
452 0 259 116 260 156 259 198 257 255 290 156 228 154 327 132 367 66
190 135 143 83 272 256 281 378 280 320 243 255 238 382 236 322 2 2
;
453 0 259 116 260 156 259 198 257 255 290 156 228 154 325 130 360 60
191 132 149 77 272 256 281 378 280 319 243 255 238 382 236 322 2 2
;
454 0 259 116 260 156 259 198 257 255 290 156 228 154 321 126 341 52
192 127 166 67 272 255 281 378 280 319 243 255 238 382 236 322 2 2
;
455 0 259 116 260 156 259 198 257 255 290 155 229 154 319 124 330 51
193 124 175 62 272 255 281 378 280 319 243 255 238 382 236 322 2 2
;
456 0 259 116 260 156 259 198 257 255 290 155 229 153 316 118 320 45
195 121 185 58 272 255 281 378 280 319 243 255 238 382 236 322 0 2
;
457 0 259 116 260 156 259 198 257 255 289 155 229 153 311 113 301 44
201 112 205 49 272 255 281 378 280 318 243 254 238 382 236 322 0 2
;
458 0 259 116 260 156 259 198 257 254 289 154 229 151 310 112 294 48
203 110 214 48 272 255 281 378 280 319 243 254 238 382 236 322 0 2
;
459 0 259 116 260 156 259 198 257 253 288 154 230 150 301 106 279 43
211 109 231 48 272 253 281 378 280 317 243 252 238 382 236 322 2 2
;
460 0 259 116 260 156 259 197 258 250 288 154 231 149 298 104 272 49
216 107 242 51 272 251 281 378 279 317 243 250 238 382 237 322 1 1
;
461 0 259 116 260 156 259 196 258 250 288 154 231 150 296 104 270 51
218 104 245 52 273 250 281 378 279 317 243 249 238 382 237 321 1 1
;
462 0 259 117 260 156 259 196 258 249 288 154 231 150 296 104 269 48
219 103 243 52 273 250 281 378 279 317 243 249 238 382 237 321 1 1
;
463 0 259 117 260 156 259 196 258 249 288 154 231 149 297 104 276 46
219 104 238 48 273 250 281 378 279 316 243 249 238 382 237 321 1 1
;
464 0 259 116 260 156 259 196 258 250 288 153 231 149 305 106 292 47
213 106 221 45 273 250 281 378 279 316 243 249 238 382 237 321 0 0
;
465 0 259 116 260 156 259 196 258 251 288 153 231 149 306 108 302 44
211 107 211 46 272 251 281 378 279 317 243 250 238 382 237 321 2 0
;
466 0 259 116 260 156 259 197 258 252 289 153 231 150 315 114 323 48
203 115 189 53 272 252 281 378 280 317 243 251 238 382 237 321 2 0
;
467 0 259 116 260 156 259 197 258 252 290 153 230 150 318 118 335 48
200 117 179 57 272 253 281 378 280 317 243 252 238 382 237 321 2 2
;
468 0 259 116 260 156 259 197 258 253 291 154 230 151 323 124 355 57
197 123 161 69 272 253 281 378 280 318 243 252 238 382 237 322 0 2
;
469 0 259 116 261 156 259 197 258 253 291 155 230 151 326 127 364 62
194 127 153 75 272 254 281 378 280 319 243 253 238 382 237 322 2 2
;
470 0 260 116 261 156 260 198 258 254 291 156 230 152 328 132 376 73
194 134 145 91 272 255 281 378 280 319 244 253 238 382 237 322 2 2
;
471 0 260 116 261 156 260 198 258 254 291 156 230 152 330 134 380 78
193 138 142 98 272 255 281 378 280 319 244 254 238 382 237 322 2 2
;
472 0 260 116 261 157 260 198 258 255 292 157 230 153 334 140 385 87
191 144 137 108 272 255 281 378 280 320 244 254 238 382 237 323 2 2
;
473 0 260 116 261 157 260 198 258 255 292 157 230 154 337 147 384 93
192 152 137 115 272 256 281 378 280 320 244 255 238 382 237 323 2 2
;
474 0 259 116 262 157 260 199 258 256 291 158 231 155 336 162 377 113
194 166 145 133 272 256 281 378 281 320 244 255 238 382 237 324 2 2
;
475 0 258 116 262 157 261 199 258 257 291 159 231 156 334 169 372 127
194 178 151 143 272 257 281 378 281 320 245 256 238 382 237 324 2 2
;
476 0 256 116 262 157 261 200 259 258 291 161 231 161 332 186 360 162
206 193 163 167 273 259 281 378 281 320 245 258 238 382 237 324 3 0
;
477 0 255 117 262 157 261 201 259 259 291 162 231 162 322 189 354 182
216 199 169 180 273 259 281 378 281 320 246 259 238 383 237 325 0 0
;
478 0 252 118 262 158 261 201 260 260 290 163 232 164 316 193 339 222
230 204 182 207 274 260 281 378 282 320 246 259 238 383 238 327 3 3
;
479 0 250 118 262 158 261 202 260 260 289 164 233 164 316 204 328 236
237 205 190 217 274 260 281 378 282 320 247 260 238 383 238 327 3 2
;
480 0 248 119 262 158 261 202 261 261 288 165 235 165 306 205 302 249
235 207 202 232 274 261 281 379 283 320 248 261 238 384 239 327 0 0
;
481 0 247 120 261 158 261 202 261 261 287 165 236 165 305 203 289 250
235 208 208 236 274 261 281 379 283 320 248 260 238 384 239 327 1 0
;
482 0 243 121 260 159 261 203 261 261 284 166 238 166 302 209 269 250
237 208 217 239 274 262 282 379 284 321 250 260 240 383 240 327 0 1
;
483 0 242 121 260 159 261 203 262 262 283 166 238 167 301 205 262 249
238 209 219 240 274 262 282 378 284 321 250 261 243 383 241 326 0 1
;
484 0 239 122 257 159 260 204 262 263 279 167 239 168 295 205 252 247
238 210 218 242 273 264 282 378 284 323 252 262 247 384 245 327 3 0
;
485 0 237 122 256 159 259 204 262 263 277 167 239 168 290 207 246 247
236 211 217 243 272 264 282 379 284 324 252 262 248 387 247 328 0 0
;
486 0 231 124 252 159 256 205 261 264 272 166 237 169 283 206 234 249
236 212 214 243 270 265 282 380 279 328 252 263 248 388 248 329 0 0
;
487 0 229 125 250 159 254 205 260 265 270 166 236 169 279 206 230 249
235 212 214 242 268 266 282 380 277 329 251 264 248 388 248 330 0 0
;
488 0 225 126 245 160 251 206 258 266 265 166 232 170 274 206 224 249
230 213 205 249 266 267 281 382 274 331 250 265 248 390 247 332 0 0
;
489 0 222 127 242 161 249 207 257 266 263 166 229 171 272 205 222 248
229 214 204 248 265 267 281 382 272 332 249 266 248 391 247 333 3 0
;
490 0 217 129 238 162 246 207 255 267 259 166 225 172 269 205 219 249
228 214 199 252 264 268 282 384 269 335 247 267 249 392 246 334 0 0
;
491 0 215 129 236 162 244 208 254 268 257 167 223 172 267 203 219 249
227 215 197 252 263 268 283 385 268 336 246 267 249 392 246 334 0 0
;
492 0 211 131 232 163 242 208 253 268 253 168 219 173 265 202 220 249
223 216 193 254 261 269 285 388 266 336 246 268 249 392 244 334 3 0
;
493 0 209 131 231 163 241 208 253 268 252 167 217 173 264 202 221 250
222 216 191 255 261 268 285 392 266 337 245 268 249 392 243 334 0 0
;
494 0 206 132 228 164 239 209 252 269 249 166 214 174 264 200 223 251
218 217 189 256 260 269 284 400 266 339 245 268 249 389 240 333 3 4
;
495 0 205 133 227 164 237 209 251 269 248 166 213 174 264 200 223 251
217 218 184 259 259 269 282 402 266 340 244 269 249 389 240 333 3 0
;
496 0 203 133 225 165 236 209 250 270 246 166 211 175 263 199 224 252
215 218 182 262 258 270 280 406 266 340 243 270 250 390 240 333 0 0
;
497 0 203 133 224 165 235 210 249 270 245 166 210 175 262 199 224 252
214 218 182 261 257 270 280 406 266 340 242 271 250 390 240 333 3 0
;
498 0 201 133 222 165 233 210 248 271 244 166 209 175 262 198 224 253
213 219 182 263 256 270 280 406 266 339 241 272 250 390 240 333 0 0
;
499 0 200 133 221 165 233 210 248 271 243 166 208 175 262 197 224 253
212 219 184 262 256 270 280 406 266 339 240 272 250 390 240 333 0 0
;
500 0 198 133 220 165 232 210 248 272 242 167 207 175 261 197 223 253
211 219 184 263 256 271 280 406 266 339 240 273 250 390 240 333 0 0
;
501 0 198 134 220 165 232 211 248 272 242 167 206 175 261 197 223 253
211 219 185 263 256 271 280 406 268 339 240 273 249 390 240 333 0 0
;
502 0 197 134 219 165 231 211 247 272 241 167 205 175 260 197 222 254
210 219 185 264 255 271 280 406 267 340 239 274 249 390 240 334 0 0
;
503 0 196 134 218 165 230 211 247 273 241 167 205 175 259 197 222 254
210 219 185 264 255 271 280 406 268 340 239 274 249 390 240 334 0 0
;
504 0 195 134 218 165 230 211 247 273 240 167 211 181 259 198 222 254
210 224 186 264 255 272 280 406 267 341 239 275 249 391 239 335 0 0
;
505 0 195 134 218 165 230 211 247 274 240 167 211 181 259 198 222 254
210 224 186 263 255 273 280 406 266 341 239 275 249 391 239 335 0 0
;
506 0 195 134 217 166 230 212 247 275 240 167 211 181 259 198 223 254
210 224 185 263 255 273 280 406 267 342 239 276 249 391 239 335 0 0
;
507 0 194 134 217 166 230 212 247 275 240 167 211 181 259 198 223 254
210 224 185 262 255 274 280 406 267 342 239 276 249 391 238 336 0 0
;
508 0 194 134 217 166 230 212 247 275 240 167 211 181 259 197 224 255
210 224 185 262 255 274 284 422 266 343 239 276 249 391 238 336 0 0
;
509 0 194 133 217 166 230 212 247 275 240 167 211 181 260 197 224 255
211 224 185 262 255 274 280 406 265 344 239 276 249 391 237 336 0 0
;
510 0 194 133 217 166 230 212 247 276 240 167 211 181 261 198 226 257
211 224 187 262 255 275 281 407 264 345 239 277 249 390 236 336 0 0
;
511 0 194 133 217 166 230 212 247 276 240 168 212 181 262 199 227 257
212 225 189 260 255 275 281 408 264 346 239 277 249 390 236 336 0 0
;
512 0 195 132 218 165 230 212 246 276 241 167 212 181 262 201 229 259
213 225 192 260 255 275 286 424 263 347 239 278 249 389 235 335 0 4
;
513 0 195 132 218 165 230 213 246 277 241 167 212 181 263 201 230 260
214 225 206 282 255 276 286 431 263 349 239 279 249 389 234 335 0 4
;
514 0 195 132 218 165 230 213 246 279 241 168 213 181 263 202 231 263
215 225 193 259 254 278 282 441 262 353 238 281 248 389 234 335 0 4
;
515 0 196 132 218 166 230 214 245 280 241 168 213 181 262 203 231 264
216 226 195 259 253 278 280 444 262 354 238 281 247 390 233 336 0 0
;
516 0 195 132 218 166 230 215 245 282 240 168 212 182 261 207 228 266
217 227 200 284 253 281 277 457 263 358 238 283 246 392 233 338 0 0
;
517 0 195 132 218 166 230 215 247 282 241 169 212 182 260 210 226 268
217 228 194 277 255 282 277 463 262 360 239 283 245 393 233 338 0 0
;
518 0 193 133 217 167 230 217 247 284 240 169 211 184 257 214 218 271
218 230 196 277 255 286 276 472 262 366 239 284 243 394 233 339 0 4
;
519 0 192 133 216 168 229 218 247 286 239 172 210 185 255 217 214 273
219 230 195 278 255 287 278 479 261 368 239 285 241 391 233 338 0 0
;
520 0 188 135 214 170 228 221 248 288 241 175 208 188 246 222 205 278
220 232 205 298 256 290 288 472 259 373 240 286 240 389 232 338 0 0
;
521 0 187 135 212 172 228 223 249 291 240 177 206 190 243 225 199 282
220 233 203 295 258 292 291 468 258 376 241 291 240 391 233 338 0 0
;
522 0 181 139 209 176 229 229 254 301 238 181 202 193 229 243 188 287
217 236 203 298 264 299 298 439 258 383 244 303 239 398 234 340 0 0
;
523 0 179 141 208 179 230 233 259 304 236 183 199 196 225 244 185 290
215 238 202 299 271 304 299 430 258 388 249 305 241 397 235 341 0 0
;
524 0 173 146 205 183 232 236 265 304 232 188 196 201 217 248 172 298
214 249 162 315 277 306 298 426 253 390 254 303 245 421 239 333 0 1
;
525 0 170 148 205 184 234 236 277 299 230 190 193 203 214 250 174 304
216 249 165 312 288 299 293 450 256 378 267 298 261 409 259 328 1 1
;
526 0 167 152 200 189 229 243 269 311 225 193 190 207 210 248 167 305
216 251 169 307 281 310 286 426 253 396 257 312 244 427 240 345 1 1
;
527 0 164 155 201 189 248 229 312 285 222 196 188 210 203 262 164 310
215 252 165 316 321 281 293 434 257 343 303 288 225 416 247 348 1 1
;
528 0 163 156 201 189 248 228 311 277 220 197 186 212 201 263 164 311
214 253 165 315 319 273 286 441 264 351 303 283 250 414 244 336 1 1
;
529 0 161 158 199 191 247 229 314 280 217 199 184 214 199 265 165 314
211 257 158 305 320 275 282 444 265 351 308 286 250 416 244 337 1 1
;
530 0 160 159 198 192 246 230 311 282 216 200 183 215 199 267 165 314
211 257 158 305 318 277 290 442 265 351 305 288 251 428 245 350 1 1
;
531 0 159 160 197 193 245 230 311 283 215 200 182 216 198 268 165 314
211 258 158 305 318 277 292 442 265 352 305 288 251 428 245 350 1 1
;
532 0 158 161 196 195 244 231 311 283 213 202 181 218 197 269 160 312
209 260 163 309 317 278 289 431 258 345 304 288 251 428 245 350 1 1
;
533 0 157 162 196 195 244 232 311 283 212 202 180 219 196 270 162 310
210 260 163 309 318 278 289 431 257 345 304 288 250 428 245 350 1 1
;
534 0 157 163 195 195 244 231 311 281 211 202 179 219 195 271 163 311
210 260 162 309 318 276 288 431 258 344 305 285 250 413 242 338 1 1
;
535 0 156 164 193 196 240 233 302 284 210 203 179 220 194 271 159 309
214 257 162 308 309 283 300 439 257 359 292 285 252 432 244 368 1 1
;
536 0 156 164 193 197 239 233 302 284 210 203 178 220 193 271 166 315
214 257 163 308 310 283 300 438 256 358 294 285 252 429 244 362 1 1
;
537 0 156 165 192 197 239 232 304 280 210 203 178 220 193 271 162 314
214 257 163 306 313 279 292 441 258 354 296 280 252 426 244 361 1 1
;
538 0 156 165 192 197 239 232 304 280 228 206 178 221 195 268 161 314
215 256 162 308 314 280 291 441 259 353 296 281 252 427 244 361 1 1
;
539 0 156 165 192 197 239 232 305 280 228 206 178 221 195 268 160 315
215 256 163 307 315 280 291 437 259 354 296 281 252 427 244 361 1 1
;
540 0 156 165 192 197 239 232 305 280 228 206 177 221 195 268 166 314
215 256 161 307 315 280 292 436 259 354 296 281 252 427 244 361 1 1
;
541 0 156 165 192 197 239 232 305 281 228 206 177 221 195 268 165 311
215 256 161 308 316 280 289 435 259 354 296 281 252 427 244 361 1 1
;
542 0 156 165 192 197 239 233 305 282 228 206 177 221 195 268 164 313
200 268 159 309 316 281 283 435 261 358 296 282 252 428 244 361 1 1
;
543 0 156 166 192 198 241 234 312 288 228 206 178 221 195 268 164 313
201 268 158 306 321 285 281 432 262 355 305 293 252 426 244 361 1 1
;
544 0 156 166 193 198 242 235 312 288 229 206 178 221 195 268 165 313
201 268 161 309 321 285 282 434 262 355 305 293 252 426 244 361 1 1
;
545 0 156 166 193 199 243 236 312 288 229 207 178 222 195 268 164 313
205 266 161 307 322 285 280 432 262 354 305 293 252 426 244 361 1 1
;
546 0 156 166 193 199 243 236 313 288 229 207 178 222 195 268 164 313
218 257 167 304 322 284 281 431 262 354 305 293 252 426 244 361 1 1
;
547 0 157 167 194 199 243 236 313 288 229 207 179 222 195 268 163 312
221 254 166 305 322 284 282 431 262 353 305 293 252 426 244 361 1 1
;
548 0 157 167 194 199 244 236 313 288 229 207 179 222 195 267 164 313
221 254 166 305 322 284 285 432 262 353 305 292 252 426 244 361 1 1
;
549 0 158 167 195 200 245 236 314 287 229 207 180 223 196 267 166 313
224 253 159 310 323 283 286 432 263 351 306 292 252 426 244 361 1 1
;
550 0 159 168 196 200 245 236 315 287 230 206 180 223 196 267 167 312
170 269 159 320 323 283 282 432 263 351 306 292 252 426 244 361 1 1
;
551 0 160 168 196 201 246 237 315 287 230 206 181 223 196 267 167 312
225 253 159 310 324 283 284 434 264 351 307 292 252 426 244 361 1 1
;
552 0 161 168 197 201 246 237 316 287 231 207 181 224 197 267 164 313
225 253 170 286 324 283 285 434 264 351 307 292 252 426 244 360 1 0
;
553 0 161 169 197 201 247 237 316 287 232 207 182 224 198 267 163 312
226 254 170 287 325 283 284 434 265 351 308 292 252 426 244 360 0 0
;
554 0 161 169 198 202 247 237 317 287 232 207 182 225 198 268 162 311
226 254 174 306 326 283 284 434 265 350 308 292 252 426 244 360 1 0
;
555 0 162 170 198 202 248 237 317 287 233 208 182 225 198 267 160 309
170 270 156 320 326 283 284 435 266 350 309 292 252 426 244 360 1 1
;
556 0 162 170 198 202 248 238 318 287 233 208 182 225 197 267 161 305
169 271 156 321 327 282 285 435 266 349 309 292 252 425 244 360 1 1
;
557 0 162 170 198 203 248 238 318 287 232 207 182 226 196 266 163 300
227 253 155 315 327 282 285 435 266 349 309 292 252 425 244 360 1 1
;
558 0 162 170 198 203 248 238 318 287 232 207 182 226 195 265 163 298
227 253 155 315 327 282 285 435 266 348 309 292 252 425 244 360 1 1
;
559 0 162 170 198 203 248 238 318 287 232 207 182 226 193 263 158 301
224 253 140 334 327 282 284 436 267 350 309 292 252 425 244 360 1 1
;
560 0 162 169 198 202 248 238 318 287 232 207 183 226 193 263 159 300
224 253 172 299 327 282 284 436 267 350 309 292 252 425 244 360 1 1
;
561 0 163 167 199 201 249 237 318 287 232 207 184 224 193 263 157 302
223 254 168 298 327 281 284 436 268 350 309 292 252 425 244 360 1 1
;
562 0 163 165 200 200 249 236 318 287 232 206 185 223 191 261 158 301
223 254 171 298 327 281 284 436 267 349 309 292 252 425 244 360 1 1
;
563 0 164 162 202 197 250 235 318 287 232 205 186 220 192 246 161 296
222 254 170 297 326 281 283 436 267 348 309 293 252 425 244 360 1 1
;
564 0 165 161 202 196 250 235 318 287 232 205 186 219 192 246 160 297
222 253 172 296 326 281 283 436 266 349 309 293 252 425 244 360 1 1
;
565 0 166 158 202 195 250 234 317 286 232 201 187 218 191 246 165 292
220 253 161 300 325 280 282 436 265 348 308 292 252 425 244 360 1 1
;
566 0 166 157 203 194 251 234 317 286 232 201 187 217 191 246 162 294
219 253 160 300 325 280 282 436 265 348 308 292 252 425 244 360 1 1
;
567 0 166 156 203 193 251 233 316 286 232 201 187 217 190 244 161 294
218 252 160 300 325 280 282 435 265 348 308 292 252 425 244 360 1 1
;
568 0 166 156 203 193 251 233 316 286 232 201 187 216 190 244 161 294
218 252 160 300 325 280 282 435 265 348 308 292 252 425 244 360 1 1
;
569 0 168 155 203 193 250 233 312 286 224 204 187 217 186 261 150 306
219 251 160 301 320 281 284 436 263 349 304 291 254 428 246 352 1 1
;
570 0 168 154 203 193 251 233 315 288 221 203 187 217 186 262 150 306
219 251 160 301 322 282 285 438 262 349 308 294 254 428 246 352 1 1
;
571 0 169 154 204 193 251 233 315 288 220 203 188 217 187 264 152 308
220 251 164 302 322 283 286 438 262 349 308 295 254 428 246 352 1 1
;
572 0 169 153 204 192 251 233 315 289 219 203 188 217 189 265 155 308
222 249 160 300 322 283 286 438 262 349 308 295 254 428 246 352 1 1
;
573 0 169 153 204 192 251 233 316 289 220 203 188 217 195 267 176 299
223 249 170 299 323 283 286 439 262 349 308 295 254 428 246 352 1 1
;
574 0 169 153 205 192 251 233 315 290 220 202 189 216 198 267 174 304
223 248 171 296 322 284 287 439 261 350 308 295 255 430 247 355 1 1
;
575 0 170 152 205 191 251 234 313 293 221 201 189 215 203 268 174 304
224 246 185 304 320 288 271 453 262 364 306 299 255 422 247 360 1 1
;
576 0 171 152 205 190 251 234 313 294 221 200 190 214 205 267 178 301
224 245 179 306 320 288 255 439 256 351 305 299 254 422 246 359 1 1
;
577 0 173 151 207 189 250 232 309 292 222 199 192 212 209 266 179 296
225 243 187 291 317 289 246 446 258 362 301 295 253 422 246 354 1 1
;
578 0 175 151 208 189 251 232 309 291 223 199 193 212 210 265 182 296
226 242 186 287 317 288 246 446 258 362 301 295 254 428 246 353 1 1
;
579 0 178 151 210 188 251 230 308 289 225 197 195 210 213 263 191 284
228 241 193 285 316 287 243 446 256 365 301 291 254 424 246 349 1 1
;
580 0 180 150 211 187 251 230 308 289 226 197 197 210 214 261 194 282
228 252 191 301 316 286 243 446 256 365 301 291 254 423 246 349 1 1
;
581 0 183 151 214 187 253 229 308 288 228 197 199 209 215 259 196 283
230 251 192 298 316 286 276 447 255 353 301 289 255 420 248 346 1 1
;
582 0 185 151 215 187 254 229 308 288 229 197 201 209 215 258 197 282
229 251 187 303 315 286 264 454 255 364 301 289 255 420 248 347 1 1
;
583 0 189 152 218 187 256 229 310 286 231 197 203 208 217 255 199 283
228 250 198 293 315 283 262 451 255 363 304 289 258 415 251 344 1 1
;
584 0 190 152 220 188 259 228 313 283 241 193 205 209 220 245 199 272
228 250 196 293 319 280 236 451 265 358 306 285 259 415 252 343 1 1
;
585 0 194 153 222 188 260 226 314 280 241 190 207 209 216 243 200 271
234 247 208 283 321 277 215 445 266 355 306 283 260 412 253 341 1 1
;
586 0 195 153 223 188 261 226 314 278 241 190 208 208 216 242 200 271
235 247 207 284 321 275 217 444 266 351 307 281 260 410 254 340 1 1
;
587 0 198 153 224 187 262 225 314 277 242 188 210 208 217 240 195 268
236 246 201 276 322 274 262 451 268 348 307 281 260 410 254 340 1 1
;
