192 0 243 105 245 153 245 201 245 264 283 156 207 152 333 154 392 129
156 147 95 133 261 265 268 403 269 335 228 264 222 405 221 338 2 2
;
193 0 243 105 245 153 245 201 245 264 283 156 207 152 333 154 395 130
157 148 95 135 261 265 268 403 269 336 228 264 222 405 221 338 2 2
;
194 0 243 105 245 153 245 201 245 265 283 156 207 152 333 155 392 133
157 149 96 137 261 265 268 403 268 336 228 264 222 405 221 338 2 2
;
195 0 243 105 245 153 245 201 245 265 283 156 207 152 333 155 393 133
157 150 92 137 261 265 268 403 268 336 228 265 222 405 221 338 2 2
;
196 0 243 105 245 153 245 201 245 265 283 156 207 152 333 155 393 135
157 150 92 138 261 265 268 403 268 336 228 265 222 405 221 338 2 2
;
197 0 243 105 245 153 245 201 245 265 283 156 207 152 333 156 393 135
158 150 95 139 261 265 268 403 268 336 228 265 222 405 221 338 2 2
;
198 0 243 105 245 153 245 201 245 265 283 156 206 152 333 156 392 136
158 151 95 140 261 265 268 403 268 336 228 265 222 405 221 338 2 2
;
199 0 243 105 245 153 245 201 245 265 283 157 206 152 333 156 392 136
158 151 95 140 261 265 268 403 268 336 228 265 222 405 221 338 2 2
;
200 0 243 105 245 153 245 201 245 265 283 157 206 152 332 156 392 137
158 152 92 139 261 265 268 403 268 336 228 265 222 405 221 338 2 2
;
201 0 243 105 245 153 245 201 245 265 283 157 206 152 332 157 392 138
158 152 95 141 261 265 268 403 268 336 228 265 222 405 221 338 2 2
;
202 0 243 105 245 153 245 201 245 265 283 157 206 152 332 157 392 138
158 152 95 141 261 265 268 404 268 336 228 265 222 405 221 338 2 2
;
203 0 243 105 245 153 245 201 245 265 283 157 206 152 332 157 392 138
158 152 95 141 261 265 268 404 268 336 228 265 222 405 221 338 2 2
;
204 0 243 105 245 153 245 201 245 265 283 157 206 153 332 157 392 139
158 152 95 141 261 265 268 403 268 336 228 265 222 405 221 338 2 2
;
205 0 243 105 245 153 245 201 245 265 283 157 206 153 332 158 391 139
158 152 95 141 261 265 268 403 268 336 228 265 222 405 221 338 2 2
;
206 0 243 105 245 153 245 201 245 265 283 157 206 153 332 158 394 139
158 152 95 141 261 265 268 403 268 336 228 265 222 405 221 338 2 2
;
207 0 243 105 245 153 245 201 245 265 283 157 206 153 331 158 394 139
158 152 95 141 261 265 268 404 268 336 228 265 222 405 221 338 2 2
;
208 0 243 105 245 153 245 201 245 265 283 157 206 153 331 158 395 139
158 152 95 141 261 265 268 404 268 336 228 265 222 405 221 338 2 2
;
209 0 243 105 245 153 245 201 245 265 283 157 206 153 331 158 395 139
158 152 95 141 261 265 268 403 268 336 228 265 222 405 221 338 2 2
;
210 0 243 105 245 153 245 201 245 265 283 157 206 153 331 158 395 139
158 152 95 141 261 265 268 403 268 336 228 265 222 405 221 338 2 2
;
211 0 243 105 245 153 245 201 245 265 283 157 206 153 331 159 391 140
158 153 95 141 261 265 268 403 268 336 228 265 222 405 221 338 2 2
;
212 0 243 105 245 153 245 201 245 265 283 157 206 153 331 159 391 140
158 153 95 141 261 265 268 403 268 336 228 265 222 405 221 338 2 2
;
213 0 243 105 245 153 245 201 245 265 283 157 206 153 331 159 390 138
158 153 96 139 261 265 268 403 268 336 228 265 222 405 221 338 2 2
;
214 0 243 105 245 153 245 201 245 265 283 157 206 153 331 159 389 135
158 153 96 135 261 265 268 403 268 336 228 265 222 405 221 338 2 2
;
215 0 243 105 245 153 245 201 245 265 283 157 206 153 330 160 387 116
159 154 103 119 261 265 268 403 268 336 228 265 222 405 221 338 2 2
;
216 0 243 105 245 153 245 201 245 265 283 157 206 153 330 160 376 107
158 156 109 108 261 265 268 403 268 336 228 265 222 405 221 338 2 2
;
217 0 243 105 245 153 245 201 245 265 283 157 206 153 331 160 348 95
159 159 135 96 261 265 268 403 268 336 228 265 222 405 221 338 2 2
;
218 0 243 105 245 153 245 201 245 265 283 157 206 153 331 159 332 93
159 159 150 93 261 265 268 403 268 336 228 265 222 405 221 338 2 2
;
219 0 243 105 245 153 245 201 245 265 283 157 207 153 331 156 302 96
164 150 179 94 261 265 268 403 268 336 228 265 222 405 221 338 0 2
;
220 0 244 105 245 153 245 201 245 265 283 157 207 153 331 155 292 102
159 152 194 97 261 265 268 403 268 336 228 265 222 405 221 338 0 2
;
221 0 244 105 245 153 245 201 245 265 283 157 208 153 327 153 289 112
168 144 208 108 261 265 268 403 268 336 228 265 222 405 221 338 0 1
;
222 0 244 105 245 153 245 201 245 265 284 157 208 154 323 143 285 107
168 143 209 105 261 265 268 403 268 335 228 265 222 405 221 338 2 1
;
223 0 244 105 245 153 245 201 245 265 283 157 208 153 324 151 305 95
166 149 186 93 261 265 268 403 268 335 228 265 222 405 221 337 2 2
;
224 0 244 105 245 153 245 201 245 265 283 157 208 153 325 155 323 92
158 154 167 89 261 265 268 403 268 336 228 265 222 405 221 338 2 2
;
225 0 244 105 245 153 245 201 245 265 283 157 208 153 331 160 364 100
159 157 126 98 261 265 268 403 268 336 228 265 222 405 221 338 0 2
;
226 0 244 105 245 153 245 201 245 265 283 157 208 153 331 161 380 112
159 158 109 110 261 265 268 403 268 336 228 265 222 405 221 338 2 2
;
227 0 244 105 245 153 245 201 245 265 283 157 207 153 331 162 394 144
159 158 99 143 261 265 268 403 268 336 228 265 222 405 221 338 2 2
;
228 0 243 105 245 153 245 201 245 265 283 157 207 153 329 163 392 156
159 158 98 155 261 265 268 403 268 336 228 265 222 405 221 338 2 2
;
229 0 243 105 244 153 245 201 245 265 282 157 207 154 328 166 391 163
159 160 100 163 261 265 268 403 268 336 228 265 222 405 221 338 0 0
;
230 0 243 105 244 153 245 201 245 265 282 157 207 154 328 166 391 159
160 161 100 159 261 265 268 403 268 336 228 266 222 405 221 338 0 0
;
231 0 243 105 244 153 245 202 245 266 282 158 206 154 327 166 382 140
160 161 103 138 261 266 268 403 268 336 228 266 222 405 221 338 4 0
;
232 0 243 105 244 153 245 202 245 266 282 158 206 154 327 164 378 128
160 160 113 128 261 266 268 403 268 336 228 266 222 405 221 338 4 2
;
233 0 243 105 244 153 245 202 245 266 282 157 206 153 327 161 362 99
161 161 128 97 261 266 268 403 268 336 228 266 222 405 221 338 0 0
;
234 0 243 105 244 153 245 202 245 266 282 157 206 153 328 158 345 91
163 151 145 92 261 265 268 403 268 336 228 266 222 405 221 338 0 0
;
235 0 243 105 244 153 244 201 245 265 283 157 206 153 326 152 309 88
160 150 179 88 261 265 268 403 268 336 228 265 222 405 221 338 2 2
;
236 0 243 105 244 153 244 201 245 265 283 157 207 153 325 150 294 94
165 143 193 93 261 265 268 403 268 336 228 265 222 405 221 338 2 2
;
237 0 243 105 244 153 244 201 244 265 283 156 207 152 322 142 278 102
169 139 214 99 261 265 268 403 268 335 228 264 222 405 221 337 2 0
;
238 0 243 105 244 153 244 201 244 265 283 156 208 152 322 142 284 101
170 139 211 97 261 265 268 403 268 335 228 264 222 405 221 337 2 0
;
239 0 243 105 244 153 244 201 245 265 283 156 208 152 324 149 307 92
165 149 182 90 261 265 268 403 268 335 228 265 222 405 221 337 0 2
;
240 0 243 105 244 153 244 201 245 265 283 156 208 153 325 152 322 90
165 149 166 86 261 265 268 403 268 335 228 265 222 405 221 337 0 2
;
241 0 243 105 244 153 244 201 245 265 283 156 207 153 326 154 353 91
164 151 135 88 261 265 268 403 268 335 228 265 222 405 221 337 2 2
;
242 0 243 105 244 153 244 201 245 265 282 156 207 153 330 156 366 97
163 151 120 93 261 265 268 403 268 335 228 265 222 405 221 337 2 2
;
243 0 243 105 244 153 244 201 245 265 282 156 207 153 331 156 384 112
156 152 102 109 261 265 268 403 268 335 228 265 222 405 221 337 2 2
;
244 0 243 105 244 153 244 201 245 265 282 156 207 153 331 157 387 121
157 152 95 117 261 265 268 403 268 336 228 265 222 405 221 337 2 2
;
245 0 243 105 244 153 244 201 245 265 282 157 207 153 330 158 388 137
157 153 97 134 261 265 269 403 268 336 228 265 222 405 221 338 2 2
;
246 0 243 105 244 153 244 201 245 265 282 157 206 153 330 159 389 142
157 153 97 140 261 265 269 403 268 336 228 265 222 405 221 338 2 2
;
247 0 243 105 244 153 244 201 245 265 282 157 206 153 329 161 392 149
158 155 97 149 261 265 268 403 268 336 228 265 222 405 221 338 2 2
;
248 0 243 105 244 153 244 201 245 265 282 157 206 153 329 162 392 152
158 156 97 152 261 265 268 403 268 336 228 265 222 405 221 338 2 2
;
249 0 243 105 244 153 244 201 245 265 282 157 206 153 328 163 389 154
158 157 94 156 261 265 268 403 268 336 228 265 222 405 221 338 2 2
;
250 0 243 105 244 153 244 201 245 265 282 157 206 153 328 164 390 155
159 158 95 157 261 265 268 403 268 336 228 265 222 405 221 338 2 2
;
251 0 243 105 244 153 244 201 245 265 282 157 206 153 328 164 389 155
159 159 94 157 261 265 268 403 268 336 228 265 222 405 221 338 2 2
;
252 0 243 105 244 153 244 201 245 265 282 157 206 153 328 164 389 155
159 159 94 157 261 265 268 403 268 336 228 265 222 405 221 338 2 2
;
253 0 243 105 244 153 244 201 245 265 282 157 206 153 328 164 389 155
159 160 94 156 261 265 268 403 268 336 228 265 222 405 221 338 2 2
;
254 0 243 105 244 153 244 201 245 265 282 157 206 153 328 164 388 155
159 159 94 155 261 265 268 403 268 336 228 266 222 405 221 338 2 2
;
255 0 243 105 244 153 244 201 245 265 282 157 206 153 327 165 388 155
159 159 95 154 261 265 268 403 268 336 228 266 222 405 221 338 2 2
;
256 0 243 105 244 153 244 202 245 265 282 157 206 153 327 165 389 155
159 159 95 153 261 265 268 403 268 336 228 266 222 405 221 338 2 2
;
257 0 243 105 244 153 244 202 245 265 282 157 206 153 327 165 392 155
159 159 96 153 261 265 268 403 268 336 228 266 222 405 221 338 2 2
;
258 0 243 105 244 153 244 202 245 265 282 157 206 153 327 165 392 155
159 159 96 153 261 265 268 403 268 336 228 266 222 405 221 338 2 2
;
259 0 243 105 244 153 244 202 245 266 282 157 206 153 327 165 390 155
159 159 96 153 261 265 268 403 268 336 228 266 222 405 221 338 2 2
;
260 0 243 105 244 153 244 202 245 266 282 157 206 153 327 165 391 155
159 159 96 154 261 265 268 403 268 336 228 266 222 405 221 338 2 2
;
261 0 243 105 244 153 244 202 245 266 282 157 206 153 327 165 390 155
159 159 96 154 261 265 268 403 268 336 228 266 222 405 221 338 2 2
;
262 0 243 105 244 153 244 202 245 266 282 157 206 153 327 165 391 155
159 159 96 154 261 265 268 403 268 336 228 266 222 405 221 338 2 2
;
263 0 243 105 244 153 244 202 245 266 282 157 206 153 327 165 390 156
159 159 95 154 261 265 268 403 268 336 228 266 222 405 221 338 2 2
;
264 0 243 105 244 153 244 202 245 266 282 157 206 153 327 165 392 156
159 159 95 154 261 266 268 403 268 336 228 266 222 405 221 338 2 0
;
265 0 243 105 244 153 244 202 245 266 282 157 206 154 327 165 390 156
159 159 96 155 261 266 268 403 268 336 228 266 222 405 221 338 2 2
;
266 0 243 105 244 153 244 202 245 266 282 158 206 154 327 165 389 156
159 159 95 155 261 266 268 403 268 336 228 266 222 405 221 338 2 2
;
267 0 243 105 244 153 244 202 245 266 282 158 206 154 327 165 389 156
159 159 95 155 261 266 268 403 268 336 228 266 222 405 221 338 2 2
;
268 0 243 105 244 153 244 202 245 266 282 158 206 154 327 165 389 157
159 159 96 155 261 266 268 403 268 336 228 266 222 405 221 338 2 2
;
269 0 243 105 244 153 244 202 245 266 282 158 206 154 327 165 389 157
159 159 95 155 261 266 268 403 268 336 228 266 222 405 221 338 2 2
;
270 0 243 105 244 153 244 202 245 266 282 158 206 154 327 165 389 156
159 159 96 155 261 266 268 403 268 336 228 266 222 405 221 338 2 0
;
271 0 243 105 244 153 244 202 245 266 282 158 206 154 327 165 389 156
159 159 96 155 261 266 268 403 268 336 228 266 222 405 221 338 2 0
;
272 0 243 105 244 153 244 202 245 266 282 158 206 154 327 165 387 153
159 159 100 151 261 266 268 403 268 336 228 266 222 405 221 338 2 2
;
273 0 243 105 244 153 244 202 245 266 282 158 206 154 327 166 386 149
159 159 100 147 261 266 268 403 268 336 228 266 222 405 221 338 2 2
;
274 0 243 105 244 153 244 202 245 266 281 158 206 154 327 166 384 133
160 159 103 132 261 266 268 403 268 336 228 266 222 405 221 338 2 2
;
275 0 243 105 244 153 244 202 245 266 281 158 206 154 327 165 379 122
160 159 110 124 261 266 268 403 268 336 228 266 222 405 221 338 2 2
;
276 0 243 105 244 153 244 202 245 266 281 158 206 153 327 164 355 102
160 160 125 103 261 266 268 403 268 336 228 266 222 405 221 338 2 0
;
277 0 243 105 244 153 244 202 245 266 281 158 206 153 327 164 338 98
160 160 138 95 261 266 268 403 268 336 228 266 222 405 221 338 2 2
;
278 0 243 105 244 153 244 202 245 266 282 158 206 153 330 156 306 94
162 150 169 91 261 266 268 403 268 336 228 266 222 405 221 338 0 0
;
279 0 243 105 244 153 244 202 245 266 282 157 207 153 325 150 292 99
163 149 184 94 261 266 268 403 268 336 228 266 222 405 221 338 2 0
;
280 0 244 105 244 153 244 201 245 265 282 156 208 153 326 152 281 107
169 139 207 98 261 265 268 403 268 335 228 265 222 405 221 338 0 0
;
281 0 244 105 244 153 244 201 244 265 283 156 208 153 322 143 278 103
169 139 204 104 261 265 268 403 268 335 228 265 222 405 221 338 0 2
;
282 0 243 105 244 153 244 201 244 265 282 156 208 153 329 153 301 95
165 145 190 93 261 265 268 403 268 335 228 265 222 405 221 338 2 2
;
283 0 243 105 244 153 244 201 244 265 283 156 207 153 329 155 316 93
164 147 175 87 261 265 268 403 268 335 228 265 222 405 221 338 2 2
;
284 0 243 105 244 153 244 201 244 265 282 156 207 153 329 158 349 95
162 149 139 89 261 265 268 403 268 335 228 265 222 405 221 338 0 2
;
285 0 243 105 244 153 244 201 244 265 282 156 207 153 330 159 366 101
162 150 122 94 261 265 268 403 268 335 228 265 222 405 221 338 0 2
;
286 0 243 105 244 153 244 201 244 265 282 156 207 153 330 161 386 126
158 154 100 120 261 265 268 403 268 335 228 265 222 405 221 338 2 2
;
287 0 243 105 244 153 244 201 244 265 282 157 207 153 330 161 385 142
158 154 97 135 261 265 268 403 268 335 228 265 222 405 221 338 2 2
;
288 0 243 105 244 153 244 201 244 265 282 157 206 153 328 164 392 162
159 157 98 159 261 265 268 403 268 336 228 265 222 405 221 338 2 2
;
289 0 243 105 244 153 244 201 244 265 282 157 206 153 327 167 391 168
159 159 100 165 261 265 268 403 268 336 228 265 222 405 221 338 2 2
;
290 0 243 105 244 153 244 202 244 265 282 157 206 153 327 168 392 165
160 162 101 163 261 266 268 403 268 336 228 266 222 405 221 338 2 0
;
291 0 243 105 244 153 244 202 244 266 282 158 206 153 327 168 391 158
160 162 101 157 261 266 268 403 268 336 228 266 222 405 221 338 2 0
;
292 0 243 105 244 153 244 202 244 266 282 158 206 153 327 166 383 137
160 159 102 136 261 266 268 403 268 336 228 266 222 405 221 338 0 0
;
293 0 243 105 244 153 244 202 244 266 282 158 206 153 326 164 383 123
160 158 110 126 261 266 268 403 268 336 228 266 222 405 221 338 0 2
;
294 0 243 105 244 153 244 202 244 266 282 158 206 153 327 162 363 101
160 159 125 101 261 266 268 403 268 336 228 266 222 405 221 338 0 0
;
295 0 243 105 244 153 244 202 244 266 282 158 206 153 330 158 349 92
160 159 139 91 261 266 268 403 268 336 228 266 222 405 221 338 0 0
;
296 0 243 105 244 153 244 202 244 266 282 157 206 153 330 155 316 88
163 151 172 89 261 266 268 403 268 336 228 266 222 405 221 338 0 2
;
297 0 243 105 244 153 244 202 244 266 282 157 206 153 327 152 301 93
164 149 186 94 261 265 268 403 268 336 228 266 222 405 221 338 0 0
;
298 0 243 105 244 153 244 201 245 265 283 156 207 153 323 145 286 106
168 141 206 102 261 265 268 403 268 336 228 265 222 405 221 338 2 0
;
299 0 243 105 244 153 244 201 244 265 283 156 208 153 323 145 285 108
169 141 207 102 261 265 268 403 268 335 228 265 222 405 221 338 2 0
;
300 0 243 105 244 153 244 201 245 265 283 156 208 153 324 149 298 96
165 147 190 93 261 265 268 403 268 335 228 265 222 405 221 337 2 2
;
301 0 243 105 244 153 244 201 244 265 283 156 208 153 325 152 313 92
165 148 176 89 261 265 268 403 268 336 228 265 222 405 221 337 2 2
;
302 0 243 105 244 153 244 201 245 265 283 156 207 153 326 156 346 95
164 150 142 88 261 265 268 403 268 336 228 265 222 405 221 337 2 2
;
303 0 243 105 244 153 244 201 245 265 283 157 207 153 330 158 363 98
163 151 125 94 261 265 268 403 268 336 228 265 222 405 221 337 2 2
;
304 0 243 105 244 153 244 201 245 265 283 157 207 153 329 162 384 122
158 154 102 115 261 265 268 403 268 336 228 265 222 405 221 337 2 2
;
305 0 243 105 244 153 244 201 245 265 283 157 207 153 330 162 391 135
158 154 97 129 261 265 268 403 268 336 228 265 222 405 221 338 2 2
;
306 0 243 105 244 153 244 201 245 265 282 157 207 153 329 163 392 156
158 155 95 150 261 265 268 403 268 336 228 265 222 405 221 338 2 2
;
307 0 243 105 244 153 244 201 245 265 282 157 207 153 329 164 392 161
158 157 99 156 261 265 268 403 268 336 228 265 222 405 221 338 2 2
;
308 0 243 105 244 153 244 202 245 265 282 157 207 153 328 166 391 156
159 158 100 151 261 265 268 403 268 336 228 265 222 405 221 338 0 2
;
309 0 243 105 244 153 244 202 245 265 282 157 206 153 328 166 387 148
159 158 100 143 261 265 268 403 268 336 228 265 222 405 221 338 0 2
;
310 0 243 105 244 153 244 202 244 265 282 157 206 153 328 163 383 124
160 157 111 123 261 265 268 403 268 336 228 265 222 405 221 338 2 2
;
311 0 243 105 244 153 244 202 244 265 282 157 206 153 327 161 376 111
160 157 113 107 261 266 268 403 268 336 228 265 222 405 221 338 4 2
;
312 0 243 105 244 153 244 202 244 265 282 157 206 153 330 157 350 91
160 157 141 91 261 265 268 403 268 336 228 265 222 405 221 338 0 0
;
313 0 243 105 244 153 244 202 244 265 282 157 206 153 329 155 335 86
160 157 156 88 261 265 268 403 268 336 228 265 222 405 221 338 0 2
;
314 0 243 105 244 153 244 202 244 265 283 157 206 153 327 149 303 88
164 144 185 91 261 265 268 403 268 336 228 265 222 405 221 338 2 2
;
315 0 243 105 244 153 244 201 244 265 283 157 207 153 325 146 290 95
165 143 197 96 261 265 268 403 268 336 228 265 222 405 221 338 0 2
;
316 0 244 105 244 153 244 201 244 265 283 156 207 153 323 141 273 105
168 139 217 102 261 265 268 403 268 335 228 265 222 405 221 337 1 0
;
317 0 244 105 244 153 244 201 244 265 283 155 207 153 323 140 277 105
168 138 217 102 261 265 268 403 268 335 228 265 222 405 221 337 1 1
;
318 0 243 105 244 153 244 201 244 265 283 155 208 153 324 146 293 97
167 141 197 94 261 265 268 403 268 335 228 265 222 405 221 337 2 2
;
319 0 243 105 244 153 244 201 244 265 283 156 207 153 324 148 303 93
165 145 186 90 261 265 268 403 268 335 228 265 222 405 221 337 2 2
;
