0 0 177 132 207 172 221 221 239 283 236 182 191 191 226 232 180 303
170 175 162 119 250 283 253 450 249 362 229 282 236 429 225 333 0 1
;
1 0 177 132 207 172 222 222 239 283 236 182 193 194 226 231 181 303
171 176 164 121 250 283 253 451 250 362 230 282 238 430 225 333 0 1
;
2 0 178 134 208 172 222 221 240 282 237 182 199 181 227 230 181 302
171 182 187 133 250 283 264 465 245 356 230 281 237 430 226 333 0 1
;
3 0 179 134 208 172 222 221 240 282 237 182 196 195 227 229 181 302
175 178 164 123 250 283 265 464 245 356 231 281 237 430 227 333 0 1
;
4 0 183 132 210 172 224 221 240 282 238 182 199 193 227 228 180 302
175 177 171 123 250 283 247 454 255 360 231 281 237 431 227 332 0 0
;
5 0 185 131 211 171 224 220 240 282 239 181 200 192 228 228 181 302
176 178 171 121 250 282 248 453 255 360 231 281 238 431 227 332 0 0
;
6 0 192 127 216 170 226 219 240 281 241 179 201 186 231 225 184 300
180 180 197 210 250 281 249 450 255 358 231 280 238 430 228 331 0 1
;
7 0 194 126 218 169 227 218 240 280 242 178 201 184 234 225 187 298
181 181 194 215 250 280 266 460 246 351 231 280 237 429 228 331 0 1
;
8 0 202 122 222 168 230 216 240 279 245 176 202 179 243 222 197 292
206 218 180 215 250 279 268 455 245 350 231 278 238 427 226 334 3 0
;
9 0 205 120 224 167 231 216 241 278 247 175 202 178 249 221 204 288
206 213 181 227 251 278 265 449 248 350 232 277 238 425 227 331 3 0
;
10 0 212 118 227 165 234 212 244 272 251 173 202 173 260 220 220 281
204 213 190 244 255 274 265 431 254 347 233 270 238 408 229 345 3 0
;
11 0 219 116 230 164 235 211 243 272 257 171 202 171 270 218 237 279
204 213 197 254 256 273 267 408 265 352 230 272 237 405 230 342 0 0
;
12 0 222 115 231 163 236 211 243 272 260 170 203 170 275 218 248 277
204 213 198 255 256 273 269 407 266 352 229 273 237 405 230 342 0 0
;
13 0 225 114 233 163 236 211 243 272 262 169 203 169 281 216 260 276
203 213 197 257 256 273 270 405 267 347 228 272 237 405 230 342 3 0
;
14 0 231 113 237 162 239 210 242 272 269 169 205 168 289 213 287 270
200 215 193 281 257 272 272 402 269 342 228 272 238 405 231 341 0 1
;
15 0 237 112 242 161 244 209 247 271 275 167 208 167 299 209 312 263
198 214 186 281 262 270 272 401 273 341 232 271 238 404 231 339 0 1
;
16 0 240 111 244 160 246 208 249 270 278 167 210 166 303 208 324 256
198 212 178 270 264 269 273 401 273 340 233 270 238 404 231 339 0 4
;
17 0 245 111 249 159 250 207 252 269 283 167 214 165 316 207 344 235
197 209 167 259 268 268 273 400 275 338 236 269 238 404 232 339 0 4
;
18 0 248 110 250 159 252 206 253 268 285 166 216 164 318 205 353 224
197 206 163 249 269 267 273 400 276 337 237 269 238 404 233 340 0 4
;
19 0 250 111 252 159 253 206 255 268 287 166 218 164 321 202 363 211
199 204 158 238 270 267 273 400 277 336 239 268 238 404 233 340 0 0
;
20 0 253 111 255 159 256 206 256 267 289 166 220 163 323 195 362 181
199 202 154 210 272 267 273 400 278 335 241 267 235 404 233 340 0 3
;
21 0 256 111 258 159 258 206 258 267 292 165 222 163 333 194 353 154
196 198 160 172 274 266 273 399 278 334 242 267 232 404 233 340 2 2
;
22 0 256 111 258 159 258 205 259 266 292 165 222 163 335 190 348 142
193 197 167 156 274 266 273 399 279 334 243 267 231 404 233 340 2 2
;
23 0 257 111 259 158 259 205 259 266 293 165 223 162 337 183 335 124
189 183 182 129 275 266 273 399 279 334 244 267 231 404 234 340 2 2
;
24 0 258 111 259 158 259 205 259 266 293 165 223 162 339 179 329 120
182 178 190 121 275 266 273 399 279 333 244 267 231 404 234 340 2 2
;
25 0 258 110 259 158 259 205 259 266 294 165 223 161 339 175 319 116
181 170 202 114 275 266 273 398 279 333 244 266 231 402 234 340 2 2
;
26 0 258 110 259 158 259 205 259 266 294 164 222 161 339 174 316 116
181 170 206 113 275 265 273 398 278 333 243 266 230 403 234 339 2 2
;
27 0 259 110 259 158 259 204 258 265 294 164 222 161 339 172 311 116
183 164 211 113 274 265 273 398 278 333 242 266 230 403 234 338 2 2
;
28 0 259 110 259 157 259 204 258 265 294 164 222 161 338 171 308 116
182 164 212 113 274 265 273 398 277 333 242 265 230 402 233 337 2 2
;
29 0 259 110 259 157 259 204 257 265 294 164 222 160 338 171 306 117
182 164 214 113 273 265 273 397 277 332 241 265 230 402 233 336 2 2
;
30 0 259 110 259 157 258 203 257 265 294 164 222 160 336 170 305 116
182 164 214 113 273 265 273 397 277 332 241 265 230 402 233 336 2 2
;
31 0 259 110 259 157 258 203 256 265 294 164 222 160 334 170 303 116
182 164 215 114 273 265 273 397 276 332 240 265 230 402 232 335 0 0
;
32 0 259 110 259 157 258 203 256 265 294 164 222 159 334 169 302 117
182 164 215 114 272 265 273 397 276 332 239 264 230 402 232 335 0 2
;
33 0 258 110 259 157 257 203 255 265 293 164 222 159 333 170 300 117
182 164 214 114 272 265 273 397 276 332 239 264 231 402 232 335 2 0
;
34 0 258 110 259 157 257 203 255 264 293 164 222 158 333 170 300 117
182 164 214 114 271 265 273 397 276 332 239 264 231 402 232 335 2 0
;
35 0 258 110 258 157 257 203 255 264 293 163 221 158 333 170 299 117
181 164 213 114 271 265 273 397 276 331 238 264 231 402 232 335 2 2
;
36 0 257 110 258 157 257 203 254 264 293 163 221 158 332 170 298 117
181 164 213 114 271 265 273 397 276 331 238 264 231 402 231 335 2 2
;
37 0 257 110 258 157 256 203 254 264 293 163 221 158 332 171 297 117
181 164 212 115 271 265 273 397 275 331 237 264 231 402 231 335 2 2
;
38 0 257 110 257 157 256 203 254 264 291 162 221 158 330 171 296 117
181 165 212 115 270 265 273 397 275 331 237 264 231 402 231 335 2 2
;
39 0 257 110 257 156 255 202 254 264 290 161 221 158 330 170 295 117
180 165 211 116 270 264 273 397 275 331 237 264 231 402 231 335 2 2
;
40 0 256 110 257 156 255 202 253 264 290 161 220 158 329 170 294 117
180 166 211 116 270 264 273 397 275 331 237 264 231 402 231 335 2 0
;
41 0 256 110 256 156 255 202 253 264 290 161 220 157 329 170 294 117
180 166 211 116 270 264 272 397 275 331 236 263 231 402 230 334 2 2
;
42 0 256 110 256 156 255 202 253 264 290 161 220 157 329 170 293 117
180 166 211 116 270 264 272 397 275 331 236 263 231 401 230 334 2 2
;
43 0 255 110 255 156 254 202 253 264 289 161 220 157 329 170 293 117
180 165 211 117 269 264 272 397 275 331 236 263 231 401 230 334 2 2
;
44 0 255 110 255 156 254 202 253 264 289 161 220 157 328 170 292 117
180 166 211 117 269 264 272 397 275 331 236 263 231 401 230 334 2 1
;
45 0 255 110 255 156 254 202 252 264 289 161 219 157 328 169 292 117
179 166 211 117 269 264 272 397 275 331 236 263 231 401 230 334 2 1
;
46 0 255 110 255 156 254 202 252 263 289 161 219 157 328 170 292 117
180 165 211 117 269 264 272 397 274 331 236 263 231 401 230 334 2 1
;
47 0 254 110 255 156 254 202 252 263 289 161 219 157 328 169 291 117
180 166 211 117 269 264 272 396 274 331 236 263 231 401 230 334 2 1
;
48 0 254 110 255 156 254 202 252 263 289 161 219 157 328 169 291 117
180 166 211 117 269 264 272 396 274 331 236 263 231 401 230 334 2 1
;
49 0 254 110 255 156 253 202 252 263 289 161 219 157 328 169 291 117
179 166 211 117 269 264 272 396 274 331 235 263 231 401 230 334 0 1
;
50 0 254 110 254 156 253 202 252 263 288 161 219 157 328 169 291 117
179 166 211 117 269 264 272 396 274 331 235 263 231 401 230 334 2 1
;
51 0 254 110 254 156 253 202 252 263 288 161 219 157 328 169 291 117
179 166 211 117 269 264 272 396 274 331 235 263 231 402 229 334 2 1
;
52 0 254 110 254 156 253 201 252 263 288 161 219 157 328 169 291 117
179 166 211 117 268 264 272 396 274 331 235 263 231 401 229 334 2 1
;
53 0 254 110 254 156 253 201 252 263 288 161 219 157 328 169 291 117
179 166 211 118 268 264 272 397 274 331 235 263 231 401 229 334 2 1
;
54 0 254 110 254 156 253 201 252 263 288 161 219 157 327 169 290 119
180 165 211 117 268 264 272 397 274 331 235 262 231 401 229 334 2 1
;
55 0 254 110 254 156 253 202 252 263 288 161 218 157 330 174 293 127
179 165 211 118 268 264 272 397 274 331 235 263 231 401 229 334 3 1
;
56 0 253 110 254 156 253 202 251 263 288 161 218 157 330 174 293 127
179 165 211 118 268 264 272 397 274 331 235 263 231 401 229 334 3 2
;
57 0 253 110 254 156 253 202 251 263 288 161 218 157 331 174 293 128
179 165 211 118 268 264 272 397 274 331 235 263 231 401 229 334 3 2
;
58 0 253 110 254 156 253 202 251 263 288 161 218 157 331 174 294 128
179 165 211 118 268 264 272 397 274 331 235 263 231 401 229 334 3 2
;
59 0 253 110 254 156 253 202 251 263 288 161 217 157 331 174 294 128
179 165 211 117 268 264 272 396 274 331 235 263 231 401 229 334 3 2
;
60 0 253 110 254 156 252 202 251 263 288 161 217 157 331 174 294 128
179 165 211 117 267 264 272 396 274 331 235 263 231 401 229 334 3 2
;
61 0 253 110 253 156 252 202 251 263 287 161 217 157 331 174 293 128
179 165 211 117 267 264 272 396 274 331 235 263 231 400 229 334 3 2
;
62 0 253 110 253 156 252 202 251 263 287 161 217 157 331 174 293 128
179 165 211 117 267 264 272 396 274 331 235 263 231 400 229 334 3 2
;
63 0 253 110 253 156 252 202 251 263 287 161 217 157 331 174 292 127
179 165 211 117 267 264 272 396 274 331 235 263 231 400 229 334 3 2
;
64 0 253 110 253 156 252 202 251 263 287 161 217 157 330 174 293 125
179 165 211 117 267 264 272 396 274 331 235 263 231 400 229 334 3 2
;
65 0 253 110 253 156 252 202 251 263 287 161 218 157 326 172 291 120
179 165 210 117 267 264 272 396 274 331 235 263 231 400 229 334 2 2
;
66 0 253 110 253 156 252 202 251 263 287 161 218 157 326 171 291 120
179 166 211 117 267 264 272 396 274 331 235 263 231 400 229 334 2 2
;
67 0 253 110 254 156 252 202 251 263 287 161 218 157 326 171 290 119
179 165 210 117 267 264 272 396 274 331 235 263 231 400 229 334 2 2
;
68 0 253 110 254 156 252 202 251 263 287 161 218 157 326 171 290 119
179 165 210 117 267 264 272 396 274 331 235 263 231 400 229 334 2 2
;
69 0 254 110 254 156 252 202 251 263 288 161 218 157 326 171 290 119
179 165 210 117 268 264 272 396 274 331 235 263 231 400 229 334 2 2
;
70 0 254 110 254 156 253 202 251 263 288 161 218 157 326 170 290 119
180 165 210 117 268 264 272 396 274 331 235 263 231 400 229 334 2 2
;
71 0 254 110 253 156 252 202 251 263 288 161 218 157 328 172 292 124
180 165 210 117 268 264 272 396 274 331 235 263 230 400 229 334 2 2
;
72 0 253 110 253 156 252 202 251 263 288 161 218 157 329 173 292 126
180 165 210 117 267 264 272 396 274 331 235 263 231 400 229 334 2 2
;
73 0 253 110 253 156 252 202 251 263 287 161 218 157 330 173 293 127
179 165 210 117 267 264 272 396 274 331 235 263 231 401 229 334 3 2
;
74 0 253 110 253 156 252 202 251 263 287 161 218 157 330 174 293 128
179 165 210 117 267 264 272 396 274 331 235 263 231 401 229 334 3 2
;
75 0 253 110 253 156 252 202 251 263 287 161 217 157 330 174 293 128
179 166 210 117 267 264 272 396 274 331 235 263 231 401 229 334 3 2
;
76 0 253 110 253 156 252 202 251 263 287 161 217 157 330 174 293 128
179 165 210 117 267 264 272 396 274 331 235 263 231 401 229 334 3 2
;
77 0 253 110 253 156 252 202 251 263 287 161 217 157 331 174 293 128
179 165 210 117 267 264 272 396 274 331 234 263 231 401 229 334 3 2
;
78 0 253 110 253 156 252 202 251 263 287 161 217 157 331 174 293 128
179 166 210 117 267 264 272 396 274 331 234 263 231 401 229 334 3 2
;
79 0 253 110 253 156 252 202 251 263 287 161 217 157 331 174 293 128
179 166 210 117 267 264 272 396 274 331 234 263 231 401 229 334 3 2
;
80 0 253 110 253 156 252 202 251 263 287 161 217 157 331 174 293 128
179 166 210 117 267 264 272 396 274 331 234 263 231 401 229 334 3 2
;
81 0 253 110 253 156 252 202 251 263 287 161 217 157 331 174 292 127
179 165 210 117 267 264 272 396 274 331 234 263 231 401 229 334 3 2
;
82 0 253 110 253 156 252 202 251 263 287 161 218 157 328 172 289 123
179 166 210 117 267 264 272 396 274 331 234 263 231 401 229 334 2 2
;
83 0 253 110 253 156 252 202 251 263 287 161 218 157 326 171 289 121
180 166 210 117 267 264 272 396 274 331 235 263 231 401 229 334 2 2
;
84 0 253 110 253 156 252 202 251 263 287 161 218 157 326 171 289 120
180 166 210 117 267 264 272 396 274 331 235 263 231 401 229 334 2 2
;
85 0 253 110 253 156 252 202 251 263 287 161 218 157 326 170 289 119
180 166 209 117 267 264 272 396 274 331 235 263 231 402 229 334 2 0
;
86 0 253 110 253 156 252 202 251 263 287 161 218 157 326 170 289 119
180 166 209 117 267 264 272 396 274 331 235 263 231 402 229 334 2 0
;
87 0 253 110 253 156 252 202 251 263 287 161 218 157 326 170 289 118
179 167 209 117 267 264 272 396 274 331 235 263 231 401 229 334 2 0
;
88 0 253 110 253 156 252 202 251 263 287 161 218 157 326 170 289 118
179 167 209 117 267 264 272 396 274 331 235 263 231 402 229 334 2 2
;
89 0 253 110 253 156 252 202 251 263 287 161 218 157 326 170 289 119
179 167 209 117 267 264 272 396 274 331 235 263 231 401 229 334 2 2
;
90 0 253 110 253 156 252 202 251 263 287 161 218 157 327 172 290 123
180 166 209 117 267 264 272 396 274 331 235 263 230 402 229 334 2 2
;
91 0 253 110 253 156 252 202 251 263 287 161 218 157 328 172 291 125
179 166 209 117 267 264 272 396 274 331 235 263 231 401 229 334 0 2
;
92 0 253 110 253 156 252 202 251 263 287 161 218 157 328 173 292 126
179 166 209 117 267 264 272 396 274 331 235 263 231 401 229 334 0 2
;
93 0 253 110 253 156 252 202 251 263 287 161 218 157 329 174 292 127
179 166 209 117 267 264 272 396 274 331 235 263 231 401 229 334 3 2
;
94 0 253 110 253 156 252 202 251 263 287 161 217 157 330 174 292 128
179 166 209 117 267 264 272 396 274 331 235 263 231 401 229 334 3 2
;
95 0 253 110 253 156 252 202 251 263 287 161 217 157 330 174 293 128
179 166 209 117 267 264 272 396 274 331 235 263 231 401 229 334 3 2
;
96 0 253 110 253 156 252 202 251 263 287 161 217 157 330 174 292 128
179 166 209 117 267 264 272 396 274 331 235 263 231 401 229 334 3 2
;
97 0 253 110 253 156 252 202 251 263 287 161 217 157 330 174 292 128
179 166 209 117 267 264 272 396 274 331 235 263 231 401 229 334 3 2
;
98 0 253 110 253 156 252 202 251 263 287 162 217 157 330 174 292 128
179 166 209 117 267 264 272 396 274 331 235 263 231 401 229 334 3 2
;
99 0 253 110 253 156 252 202 251 263 287 162 217 157 330 174 292 128
179 166 209 117 267 264 272 396 274 331 234 263 231 401 229 335 3 2
;
100 0 253 110 253 156 252 202 251 263 287 162 217 157 330 174 292 127
178 167 209 117 267 264 272 396 274 331 234 263 231 401 229 335 3 2
;
101 0 253 110 253 156 252 202 251 263 287 162 217 157 330 174 291 126
178 167 209 117 267 264 272 396 274 331 234 263 231 401 229 334 3 2
;
102 0 253 110 253 156 252 202 251 263 287 162 217 157 326 170 288 121
178 167 209 117 267 264 272 396 274 331 234 263 231 401 229 334 2 2
;
103 0 253 110 253 156 252 202 251 263 287 161 217 157 326 169 288 119
178 167 209 117 267 264 272 396 274 331 234 263 231 401 229 334 2 2
;
104 0 253 110 253 156 252 202 251 263 287 161 218 157 327 168 288 118
178 167 208 117 267 264 272 396 274 331 235 263 231 401 229 334 2 2
;
105 0 253 110 253 156 252 202 251 263 287 161 218 157 327 168 288 118
179 167 208 117 267 264 272 396 274 331 234 263 230 401 229 334 2 2
;
106 0 253 110 253 156 252 202 251 263 287 161 218 157 326 168 288 118
179 168 208 117 267 264 272 396 274 331 235 263 230 401 229 334 2 2
;
107 0 253 110 253 156 252 202 251 263 287 161 218 157 326 169 289 117
179 168 208 118 267 264 272 396 274 331 235 263 230 402 229 334 2 2
;
108 0 253 110 253 156 252 202 251 263 287 161 218 157 326 169 288 118
179 168 208 117 267 264 272 396 274 331 235 263 231 402 229 334 2 2
;
109 0 253 110 253 156 252 202 251 263 287 161 218 157 326 169 288 119
179 168 208 117 267 264 272 396 274 331 235 263 231 402 229 334 2 2
;
110 0 253 110 253 156 252 202 251 263 287 161 218 157 327 172 290 124
179 166 208 117 267 264 272 396 274 331 235 263 231 401 229 334 2 2
;
111 0 253 110 253 156 252 202 251 263 287 161 218 157 328 173 291 125
180 166 208 117 267 264 272 396 274 331 234 263 231 401 229 334 3 2
;
112 0 253 110 253 156 252 202 251 263 287 161 218 157 329 173 292 126
179 167 209 118 267 264 272 396 274 331 234 263 231 401 229 334 3 2
;
113 0 253 110 253 156 252 202 251 263 287 161 217 157 329 173 292 126
179 166 208 118 267 264 272 396 274 331 234 263 231 401 229 334 3 0
;
114 0 253 110 253 156 252 202 251 263 287 161 217 157 329 174 292 127
179 166 209 118 267 264 272 396 274 331 234 263 231 401 229 334 3 0
;
115 0 253 110 253 156 252 202 251 263 287 161 217 157 329 174 293 127
179 167 209 118 267 264 272 396 274 331 234 263 231 401 229 334 3 0
;
116 0 253 110 253 156 252 202 251 263 287 161 217 157 330 174 293 127
179 167 209 118 267 264 272 396 274 331 234 263 231 401 228 334 3 2
;
117 0 253 110 253 156 252 202 251 263 287 161 217 157 330 174 292 127
179 167 209 118 267 264 272 396 274 331 234 263 231 401 229 334 3 2
;
118 0 253 110 253 156 252 202 251 263 287 162 217 157 330 174 292 126
179 166 209 118 267 264 272 396 274 331 234 263 231 401 229 334 3 2
;
119 0 253 110 253 156 252 202 251 263 287 162 217 157 330 174 292 125
179 167 209 118 267 264 272 396 274 331 234 263 231 401 229 334 2 2
;
120 0 253 110 253 156 252 202 251 263 287 162 217 157 326 171 289 120
179 167 209 118 267 264 272 396 274 331 234 263 231 401 229 334 2 2
;
121 0 253 110 253 156 252 202 251 263 287 161 218 157 326 171 289 119
179 167 208 117 267 264 272 396 274 331 234 263 231 401 229 334 2 2
;
122 0 253 110 253 156 252 202 251 263 287 161 218 157 326 171 289 119
179 166 208 117 267 264 272 396 274 331 234 263 231 401 229 334 2 2
;
123 0 253 110 253 156 252 202 251 263 287 161 218 157 326 171 289 119
179 167 208 117 267 264 272 396 274 331 234 263 231 401 229 334 2 2
;
124 0 253 111 253 156 252 202 251 263 287 161 218 157 326 171 289 118
180 166 208 118 267 264 272 397 274 331 234 263 231 401 229 334 2 2
;
125 0 253 110 253 156 252 202 251 263 287 161 218 157 326 171 289 118
179 167 208 118 267 264 272 397 274 331 234 263 230 401 229 334 2 2
;
126 0 253 110 253 156 252 202 251 263 287 161 218 157 326 170 289 118
179 167 208 118 267 264 272 397 274 331 234 263 230 401 229 334 2 2
;
127 0 254 110 253 156 252 202 251 263 287 161 218 157 326 170 289 118
179 167 208 118 267 264 272 397 274 331 234 263 230 401 229 334 2 2
;
128 0 254 111 253 156 252 202 251 263 287 161 218 157 326 170 289 119
179 168 208 118 267 264 272 397 274 331 235 263 231 401 229 334 2 0
;
129 0 254 111 253 156 252 202 251 263 287 161 218 157 326 170 289 119
179 168 208 118 267 264 272 396 274 331 235 263 231 401 229 334 2 2
;
130 0 253 110 253 156 252 202 251 263 287 161 218 157 328 173 291 124
178 168 208 118 267 264 272 396 274 331 235 263 231 401 229 334 2 2
;
131 0 253 110 253 156 252 202 251 263 287 161 218 157 328 173 292 126
179 167 208 118 267 264 272 396 274 331 234 263 231 401 229 334 3 2
;
132 0 253 110 253 156 252 202 251 263 287 161 217 157 329 174 292 127
179 167 208 118 267 264 272 397 274 331 234 263 231 401 229 334 3 2
;
133 0 253 110 253 156 252 202 251 263 287 161 217 157 330 174 292 128
179 167 208 118 267 264 272 397 274 331 234 263 231 401 229 334 3 2
;
134 0 253 110 253 156 252 202 251 263 287 161 217 157 330 174 292 128
178 167 208 118 267 264 272 396 274 331 234 263 231 401 229 334 3 2
;
135 0 253 110 253 156 252 202 251 263 287 161 217 157 330 174 292 128
178 167 208 118 267 264 272 396 274 331 234 263 231 401 229 334 3 2
;
136 0 253 110 253 156 252 202 251 263 287 161 217 157 330 174 292 128
179 167 208 118 267 264 272 396 274 331 234 263 231 401 229 334 3 2
;
137 0 253 110 253 156 252 202 251 263 287 161 217 157 330 174 292 128
178 167 208 118 267 264 272 396 274 331 234 263 231 401 229 334 3 2
;
138 0 253 110 253 156 252 202 251 263 287 161 217 157 330 174 292 128
178 167 208 118 267 264 272 396 274 331 234 263 231 401 229 334 3 2
;
139 0 253 110 253 156 252 202 251 263 287 161 217 157 330 174 292 127
178 167 208 118 267 264 272 396 274 331 234 263 231 401 229 334 0 2
;
140 0 253 110 253 156 252 202 251 263 287 161 217 157 328 174 289 124
179 167 208 118 267 264 272 396 274 331 234 263 231 401 229 334 2 2
;
141 0 253 110 253 156 252 202 251 263 287 161 217 157 326 170 288 120
179 166 208 118 267 264 272 396 274 331 234 263 231 401 229 334 2 2
;
142 0 253 110 253 156 252 202 251 263 287 161 218 157 326 170 288 119
179 166 208 118 267 264 272 396 273 331 234 263 231 401 229 334 2 2
;
143 0 253 110 253 156 252 202 251 263 287 161 218 157 326 170 289 119
179 167 208 118 267 264 272 396 273 331 234 263 231 401 229 334 2 2
;
144 0 253 110 253 156 252 202 251 263 287 161 218 157 326 170 289 119
180 166 208 118 267 264 272 396 273 331 234 263 231 401 229 334 2 0
;
145 0 253 110 253 156 252 202 251 263 287 161 218 157 326 170 289 119
180 166 208 118 267 264 272 396 273 331 234 263 231 401 229 334 2 2
;
146 0 253 110 253 156 252 202 251 263 287 161 218 157 326 170 289 119
179 167 208 118 267 264 272 396 273 331 234 263 231 401 229 334 2 2
;
147 0 254 110 253 156 252 202 251 263 287 161 218 157 326 170 288 119
180 166 208 118 267 264 272 396 273 331 234 263 231 401 229 334 2 2
;
148 0 254 111 253 156 252 202 251 263 287 161 218 157 326 170 288 119
179 167 208 118 267 264 272 396 273 331 234 263 231 401 229 334 2 2
;
149 0 254 111 253 156 252 202 251 263 287 161 218 157 326 170 288 119
179 167 208 118 267 264 272 396 273 331 234 263 231 401 229 334 2 2
;
150 0 254 111 253 156 252 202 250 263 287 161 218 157 327 173 290 124
179 167 208 118 267 264 272 396 273 331 234 263 231 401 229 334 2 2
;
151 0 253 111 253 156 252 202 250 263 287 162 218 157 329 174 292 126
180 166 208 119 267 264 272 396 273 331 234 263 231 401 229 334 0 2
;
152 0 253 111 253 156 252 202 250 263 287 162 218 157 329 174 292 127
179 167 208 118 267 264 272 396 273 331 234 263 231 401 229 334 3 2
;
153 0 253 111 253 156 252 202 250 263 287 162 218 157 329 175 292 127
179 167 208 118 267 264 272 396 273 331 234 263 231 401 229 334 3 2
;
154 0 253 110 253 156 252 202 250 263 287 162 217 157 330 175 293 127
179 167 208 119 267 264 272 396 273 331 234 263 231 401 229 334 3 2
;
155 0 253 110 253 156 252 202 250 263 287 162 217 157 330 175 293 127
179 167 208 119 267 264 272 396 273 331 234 263 231 401 229 334 3 0
;
156 0 253 110 253 156 252 202 250 263 287 162 217 157 330 175 293 127
179 167 208 119 267 264 272 396 273 331 234 263 231 401 229 334 3 0
;
157 0 253 110 253 156 252 202 250 263 287 162 217 157 330 175 293 127
178 167 208 119 267 264 272 396 273 331 234 263 231 401 229 334 3 2
;
158 0 253 110 253 156 252 202 250 263 287 162 217 157 330 175 293 127
178 167 209 119 267 264 272 396 273 331 234 263 231 401 229 334 3 2
;
159 0 253 110 253 156 252 202 250 263 287 162 217 157 330 175 293 127
178 168 209 119 267 264 272 396 274 331 234 263 231 401 229 334 3 0
;
160 0 253 110 253 156 252 202 250 263 287 162 217 157 330 175 293 127
179 167 209 119 267 264 272 396 274 331 234 263 231 401 229 334 3 0
;
161 0 253 110 253 156 252 202 250 264 287 162 217 157 330 175 293 126
179 167 209 119 267 264 272 396 274 331 234 263 231 401 229 334 2 2
;
162 0 253 110 253 156 252 202 250 264 287 162 218 158 330 175 292 125
179 167 209 119 267 264 272 396 274 331 234 263 231 401 229 334 2 2
;
163 0 254 110 253 156 252 202 251 264 287 162 218 158 326 172 290 121
179 167 209 119 267 264 272 396 274 331 234 263 230 401 229 334 2 2
;
164 0 254 111 253 156 252 202 251 264 287 162 219 158 326 171 290 120
179 167 209 119 267 264 272 396 274 331 234 263 230 401 229 334 2 2
;
165 0 254 111 254 156 252 202 251 264 288 162 219 158 327 171 290 119
179 168 209 119 267 264 272 396 274 331 234 263 230 401 229 334 2 2
;
166 0 254 111 254 156 252 202 251 264 288 162 219 158 327 170 289 119
179 168 209 119 267 264 272 397 274 331 234 263 230 401 229 334 2 0
;
167 0 255 111 254 156 252 202 251 264 288 162 219 158 327 170 289 119
179 168 209 118 267 264 272 397 274 331 234 263 231 401 229 334 2 2
;
168 0 255 111 254 156 253 202 251 264 288 162 219 158 327 171 289 120
179 168 209 118 267 264 272 397 274 331 234 263 231 401 229 334 2 2
;
169 0 255 111 254 156 253 202 251 264 288 162 220 158 328 173 291 123
179 168 209 118 267 264 272 396 274 331 235 263 230 401 229 334 2 2
;
170 0 255 111 254 156 253 202 251 264 288 162 220 158 328 173 292 124
179 168 209 118 267 264 272 396 274 331 235 263 230 401 229 334 2 2
;
171 0 255 111 254 156 253 202 251 264 288 162 219 158 329 174 293 125
179 168 209 118 267 264 272 396 274 331 235 263 231 401 229 334 0 2
;
172 0 255 111 254 156 253 202 251 264 288 162 219 158 329 174 293 125
179 168 209 118 267 264 272 396 274 331 235 263 231 401 229 334 3 2
;
173 0 255 111 254 156 253 202 251 264 288 162 219 158 330 175 294 126
179 168 209 118 267 264 272 397 274 331 235 263 230 401 229 334 3 2
;
174 0 255 110 254 156 253 202 251 264 288 162 219 158 331 175 294 127
179 168 209 118 267 264 272 397 274 331 235 263 230 401 229 334 3 2
;
175 0 255 110 254 156 253 202 251 264 288 162 219 157 331 175 294 127
179 168 209 118 267 264 272 397 274 331 235 263 230 401 229 334 3 2
;
176 0 255 110 254 156 253 202 251 264 288 162 219 157 331 175 294 127
179 168 209 118 267 264 272 397 274 331 235 263 230 401 229 334 3 2
;
177 0 255 110 254 156 253 202 251 264 288 162 219 157 331 175 294 127
179 168 209 118 267 264 272 397 274 331 235 263 231 401 229 334 3 2
;
178 0 254 110 254 156 253 202 251 264 288 162 219 157 331 175 294 127
179 168 209 118 267 264 272 397 274 331 235 263 231 401 229 334 3 2
;
179 0 254 110 254 156 253 202 251 264 288 162 219 157 331 175 294 126
179 168 209 118 267 264 272 397 274 331 235 263 231 401 229 334 3 2
;
180 0 254 110 254 156 253 202 251 264 288 162 219 157 331 175 293 126
179 168 209 118 267 264 272 397 274 331 235 263 231 401 229 334 0 2
;
181 0 255 110 254 156 253 202 251 264 289 162 219 157 331 175 293 124
179 168 209 118 267 264 272 397 274 331 235 263 231 401 229 334 2 2
;
182 0 255 110 254 156 253 202 251 264 289 162 219 157 328 173 291 122
179 168 209 118 267 264 272 397 274 331 235 263 231 402 229 334 2 2
;
183 0 255 110 254 156 253 202 251 264 289 162 219 157 328 172 291 120
179 168 209 118 267 264 272 396 274 331 235 263 231 401 229 334 2 2
;
184 0 255 110 254 156 253 202 251 264 289 162 220 157 328 172 291 120
179 168 209 118 267 264 272 396 274 331 235 263 231 401 229 334 2 2
;
185 0 255 111 254 156 253 202 251 264 289 162 220 157 328 172 291 119
181 167 209 118 268 264 272 397 274 331 235 263 231 401 229 334 2 2
;
186 0 255 111 254 156 253 202 251 264 289 162 220 157 328 172 291 119
181 167 209 118 268 264 272 396 274 331 235 263 231 401 229 334 2 2
;
187 0 255 111 255 156 253 202 251 264 290 162 220 157 328 172 291 119
181 167 209 118 268 264 272 396 274 331 235 263 231 402 229 333 2 2
;
188 0 255 111 255 156 253 202 251 264 290 162 220 157 328 172 291 119
181 167 209 118 268 264 272 396 274 331 235 263 231 401 229 333 2 2
;
189 0 255 111 255 156 253 202 251 264 289 162 220 157 328 173 293 123
180 168 209 118 268 264 272 396 274 331 235 263 230 402 229 334 2 2
;
190 0 255 110 255 156 253 202 251 264 289 162 220 157 329 173 293 124
180 168 209 118 268 264 272 397 274 331 235 263 231 401 229 334 2 2
;
191 0 255 110 255 156 253 202 251 264 289 162 220 157 330 175 294 125
181 167 209 118 268 264 272 397 274 331 235 263 231 401 229 334 0 2
;
192 0 255 110 255 156 253 202 251 264 289 162 219 157 330 175 294 126
181 167 209 118 268 264 272 397 274 331 235 263 230 401 229 334 3 2
;
193 0 255 110 255 156 253 202 251 264 289 162 219 158 331 175 295 127
179 167 209 118 268 264 272 397 274 331 235 263 231 402 229 334 3 2
;
194 0 255 110 255 156 253 202 251 264 289 162 219 158 331 175 295 127
179 168 209 119 268 264 272 396 274 331 235 263 231 401 229 334 3 2
;
195 0 255 110 255 156 253 202 251 264 289 162 219 158 331 176 295 127
180 167 209 119 268 264 272 396 274 331 235 263 231 401 229 334 3 2
;
196 0 255 110 255 156 253 202 251 264 289 162 219 158 331 176 295 127
180 167 209 119 268 265 272 396 274 331 235 263 231 401 229 334 3 2
;
197 0 255 110 255 156 253 202 251 264 289 162 219 158 331 176 295 127
179 168 209 119 268 265 272 397 274 331 235 263 231 402 229 334 3 2
;
198 0 255 110 255 156 253 202 251 264 289 162 219 158 331 176 295 127
179 168 209 119 268 265 272 396 274 331 235 264 231 401 229 334 3 2
;
199 0 255 110 255 156 253 202 251 264 289 162 219 158 331 176 295 127
179 168 209 119 268 265 272 397 274 331 235 264 231 401 229 334 3 2
;
200 0 255 110 255 156 253 202 251 264 289 162 219 158 331 176 294 126
179 168 209 119 268 265 272 397 274 331 235 264 231 401 229 334 0 2
;
201 0 255 110 255 156 253 202 251 264 289 162 219 158 331 175 293 124
179 168 209 119 268 265 272 396 274 331 235 264 231 401 229 334 2 0
;
202 0 255 110 255 156 253 202 251 264 289 162 219 158 329 175 292 123
179 168 209 119 268 265 272 396 274 331 235 264 231 401 229 334 2 2
;
203 0 255 110 255 156 253 202 251 264 289 162 219 158 327 172 291 120
179 168 209 119 268 265 272 396 274 331 235 264 231 402 229 334 2 2
;
204 0 255 110 255 156 253 202 251 264 290 162 220 158 328 172 291 120
179 168 209 118 268 265 272 396 274 331 235 264 230 402 229 334 2 2
;
205 0 255 110 255 156 253 202 251 264 290 162 220 158 329 172 291 119
179 168 209 119 268 265 272 397 274 331 235 264 230 402 229 334 2 0
;
206 0 255 111 255 156 253 202 251 264 290 162 220 158 329 172 291 119
179 169 209 118 268 265 272 397 274 331 235 264 230 402 229 334 2 2
;
207 0 256 111 255 156 253 202 251 264 290 162 220 158 328 172 291 119
179 169 209 118 268 265 272 397 274 331 235 263 231 402 229 334 2 2
;
208 0 256 111 255 156 253 202 251 264 289 162 220 158 328 172 291 119
179 169 209 118 268 265 272 396 274 331 235 263 231 401 229 334 2 2
;
209 0 256 111 255 156 253 202 251 264 289 162 220 158 328 172 291 119
179 169 209 118 268 265 272 396 274 331 235 263 231 402 229 334 2 2
;
210 0 256 110 255 156 253 202 251 264 289 162 220 158 328 172 291 119
179 169 209 118 268 265 272 396 274 331 235 263 231 402 229 334 2 2
;
211 0 256 110 255 156 253 202 251 264 289 162 220 158 328 172 291 119
179 169 209 118 268 265 272 396 274 331 235 263 231 401 229 334 2 2
;
212 0 256 110 255 156 253 202 251 264 289 162 220 158 328 171 291 119
179 169 209 118 268 265 272 396 274 331 235 263 231 401 229 334 2 2
;
213 0 256 110 255 156 253 202 251 264 289 162 220 157 328 171 291 119
179 169 209 118 268 265 272 397 274 331 235 263 231 401 229 333 2 2
;
214 0 256 110 255 156 253 202 251 264 289 162 220 157 328 171 291 119
179 169 209 118 268 265 272 396 274 331 235 263 231 401 229 334 2 0
;
215 0 256 110 255 156 253 202 251 264 289 162 220 157 328 171 291 119
179 169 209 118 268 265 272 396 274 331 235 263 231 401 229 334 2 2
;
216 0 256 110 255 156 253 202 251 264 289 162 220 157 328 171 291 119
179 169 209 118 268 265 272 396 274 331 235 263 231 401 229 334 2 2
;
217 0 256 110 255 156 253 202 251 264 289 162 220 157 328 171 291 119
180 167 209 118 268 265 272 396 274 331 235 263 231 401 229 333 2 2
;
218 0 256 111 255 156 253 202 251 264 289 162 220 157 328 171 291 119
180 168 209 118 268 265 272 397 274 331 235 263 231 401 229 333 2 2
;
219 0 256 111 255 156 253 202 251 264 289 162 220 157 328 171 291 119
180 168 209 118 268 265 272 396 274 331 235 263 231 401 229 333 2 1
;
220 0 256 111 255 156 253 202 251 264 289 162 220 157 328 171 291 119
180 168 209 118 268 265 272 396 274 331 235 263 231 401 229 333 2 1
;
221 0 256 111 255 156 253 202 251 264 289 162 220 157 328 171 291 119
180 168 209 118 268 265 272 396 274 331 235 263 231 401 229 333 2 1
;
222 0 256 111 255 156 253 202 251 264 289 162 220 158 328 171 291 119
181 167 209 118 268 265 272 396 274 331 235 263 231 401 229 333 2 1
;
223 0 256 111 255 156 253 202 251 264 289 162 220 157 328 171 291 119
180 167 209 118 268 265 272 396 274 331 235 263 231 401 229 333 2 1
;
224 0 256 111 255 156 253 202 251 264 289 162 220 157 328 171 291 119
180 168 209 118 268 265 272 396 274 331 235 263 231 401 229 334 2 1
;
225 0 256 111 255 156 253 202 251 264 289 162 220 157 328 171 291 119
180 168 209 118 268 265 272 396 274 331 235 263 231 402 229 333 2 1
;
226 0 256 111 255 156 253 202 251 264 289 162 220 158 328 171 291 119
180 168 209 118 268 265 272 396 274 331 235 263 231 401 229 333 2 1
;
227 0 256 111 255 156 253 202 251 264 289 162 220 157 328 171 291 119
180 168 209 118 268 265 272 396 274 331 235 263 231 401 229 333 2 1
;
228 0 256 111 255 156 253 202 251 264 289 162 220 157 328 171 291 119
180 168 209 118 268 265 272 396 274 331 235 263 231 401 229 333 2 1
;
229 0 256 111 255 156 253 202 251 264 289 162 220 157 328 171 291 118
180 168 209 118 268 265 272 396 274 331 235 263 231 401 229 333 2 1
;
230 0 256 111 255 156 253 202 251 264 289 162 220 157 328 171 291 119
179 168 209 118 268 265 272 396 274 331 235 263 231 402 229 333 2 1
;
231 0 256 111 255 156 253 202 251 264 289 162 220 157 328 171 291 119
179 168 209 118 268 265 272 396 274 331 235 263 231 402 229 334 2 1
;
232 0 256 111 255 156 253 202 251 264 289 162 220 157 328 171 291 118
180 167 209 118 268 265 272 396 274 331 235 263 230 401 229 334 2 2
;
233 0 256 111 255 156 253 202 251 264 289 162 220 157 328 171 291 119
180 167 209 118 268 265 272 396 274 331 235 263 231 401 229 333 2 2
;
234 0 256 111 255 156 253 202 251 264 289 162 220 157 328 171 291 119
180 168 209 118 268 265 272 396 274 331 235 263 231 402 229 333 2 0
;
235 0 256 111 255 156 253 202 251 264 289 162 220 157 328 171 290 119
180 168 209 118 268 265 272 396 274 331 235 263 231 402 229 334 2 2
;
236 0 256 111 255 156 253 202 251 264 289 162 220 157 328 171 291 119
180 168 209 118 268 265 272 396 274 331 235 263 231 402 229 334 2 1
;
237 0 256 111 255 156 253 202 251 264 289 162 220 157 328 171 291 119
180 167 209 118 268 265 272 396 274 331 235 263 231 402 229 334 2 1
;
238 0 256 111 255 156 253 202 251 264 289 162 220 157 328 171 291 119
180 167 209 118 268 265 272 396 274 331 235 263 231 401 229 334 2 2
;
239 0 256 111 255 156 253 202 251 264 289 162 220 157 328 171 291 119
180 167 209 118 268 265 272 396 274 331 235 263 231 401 229 334 2 0
;
240 0 256 110 255 156 253 202 251 264 289 162 220 157 328 171 291 119
179 168 209 118 268 265 272 396 274 331 235 263 231 401 229 334 2 2
;
241 0 256 110 255 156 253 202 251 264 289 162 220 157 328 171 291 119
179 168 209 118 268 265 272 396 274 331 235 263 231 401 229 334 2 2
;
242 0 255 110 255 156 253 202 251 264 289 162 220 157 328 171 291 119
179 168 209 118 268 265 272 396 274 331 235 263 231 402 229 334 2 2
;
243 0 256 110 255 156 253 202 251 264 289 162 220 157 328 171 291 119
179 168 209 118 268 265 272 396 274 331 235 263 231 402 229 333 2 2
;
244 0 256 110 255 156 253 202 251 264 289 162 220 157 328 171 291 119
179 168 209 118 268 265 272 396 274 331 235 263 231 401 229 333 2 2
;
245 0 256 110 255 156 253 202 251 264 289 162 220 157 328 171 291 119
179 168 209 118 268 265 272 396 274 331 235 263 231 402 229 333 2 2
;
246 0 255 110 255 156 253 202 251 264 289 162 220 157 328 171 291 119
179 168 209 118 268 265 272 396 274 331 235 263 231 402 229 334 2 2
;
247 0 255 110 255 156 253 202 251 264 289 162 220 157 328 171 291 119
179 168 209 118 268 265 272 396 274 331 235 263 231 402 229 334 2 2
;
248 0 256 110 255 156 253 202 251 264 289 162 220 157 328 171 291 119
179 168 209 118 268 265 272 396 274 331 235 263 231 401 229 334 2 2
;
249 0 256 110 255 156 253 202 251 264 289 162 220 157 328 172 291 119
179 168 209 118 268 265 272 396 274 331 235 263 231 401 229 334 2 2
;
250 0 256 110 255 156 253 202 251 264 289 162 220 157 328 171 291 119
180 166 209 118 268 265 272 397 274 331 235 263 231 401 229 333 2 2
;
251 0 256 110 255 156 253 202 251 264 289 162 220 157 328 171 291 119
181 166 209 118 268 265 272 396 274 331 235 263 231 401 229 333 2 2
;
252 0 256 110 255 156 253 202 251 264 289 162 220 157 328 172 292 119
181 165 209 118 268 265 272 396 274 331 235 263 231 401 229 333 2 0
;
253 0 256 110 255 156 253 202 251 264 289 162 220 157 328 172 292 119
180 166 209 118 268 265 272 396 274 331 235 263 231 401 229 333 2 0
;
254 0 256 110 255 156 253 202 251 264 289 162 220 157 328 172 292 119
180 167 209 118 268 265 272 397 274 331 235 263 231 401 229 333 2 0
;
255 0 256 110 255 156 253 202 251 264 289 162 220 157 328 172 292 119
180 167 209 118 268 265 272 397 274 331 235 264 231 401 229 333 2 2
;
256 0 256 110 255 156 253 202 251 264 289 162 220 157 328 172 292 119
180 167 209 118 268 265 272 397 274 331 235 264 231 401 229 333 2 0
;
257 0 256 110 255 156 253 202 251 264 289 162 220 157 328 172 292 119
180 168 209 118 268 265 272 397 274 331 235 263 231 401 229 333 2 0
;
258 0 256 110 255 156 253 202 251 264 289 162 220 157 328 172 292 119
180 168 209 118 268 265 272 397 274 331 235 263 231 401 229 333 2 2
;
259 0 256 110 255 156 253 202 251 264 289 162 220 157 328 172 292 119
180 168 209 118 268 265 272 397 274 331 235 263 231 401 229 333 2 2
;
260 0 256 110 255 156 253 202 251 264 289 162 220 157 328 172 292 119
180 167 210 118 268 265 272 397 274 331 235 264 231 402 229 333 2 0
;
261 0 256 110 255 156 253 202 251 264 289 162 220 157 328 172 292 119
181 166 210 118 268 265 272 397 274 331 235 263 231 402 229 334 2 0
;
262 0 257 110 255 156 253 202 251 264 289 162 220 157 328 172 292 119
180 167 210 118 268 265 272 397 274 331 235 264 231 403 229 334 2 2
;
263 0 257 110 255 156 253 202 251 264 289 162 220 157 328 172 292 119
180 167 210 118 268 265 272 397 274 331 235 264 231 403 229 334 2 2
;
264 0 257 110 255 156 254 202 251 264 289 162 220 157 328 172 292 119
180 167 209 117 268 265 272 397 274 331 235 264 231 402 229 334 2 2
;
265 0 257 110 255 156 254 202 251 264 289 162 220 157 328 172 292 119
180 167 210 117 268 265 272 397 274 331 235 264 231 402 229 334 2 2
;
266 0 257 110 255 156 254 202 251 264 289 162 220 157 328 172 292 119
180 167 210 117 268 265 272 397 274 331 235 264 231 402 229 334 0 2
;
267 0 257 110 255 156 254 202 251 264 289 162 220 157 328 172 292 119
180 167 210 117 268 265 272 397 274 331 235 264 231 401 229 333 0 2
;
268 0 257 110 255 156 254 202 251 264 289 162 220 157 328 172 292 119
180 167 210 117 268 265 272 397 274 331 235 264 231 401 229 333 2 2
;
269 0 257 110 255 156 254 202 251 264 289 162 220 157 328 172 292 119
181 166 210 117 268 265 272 397 274 331 235 264 231 402 229 333 2 2
;
270 0 257 110 255 156 254 202 251 264 289 162 220 157 328 172 292 119
180 167 210 117 268 265 272 397 274 331 235 264 231 401 229 333 2 2
;
271 0 257 110 255 156 254 202 251 264 289 162 220 157 328 172 292 119
180 167 210 117 268 265 272 397 274 331 235 264 231 401 229 333 2 0
;
272 0 257 110 255 156 254 202 251 264 289 162 220 157 328 172 292 119
180 167 210 117 268 265 272 397 274 331 235 264 231 401 229 333 2 2
;
273 0 257 110 255 156 254 202 251 264 289 162 220 157 329 172 292 119
180 167 210 117 268 265 272 396 274 331 235 264 231 401 229 333 2 2
;
274 0 257 110 255 156 254 202 251 264 289 162 220 157 329 172 292 119
180 167 210 117 268 265 272 396 274 331 235 264 231 402 229 333 2 2
;
275 0 257 110 255 156 254 202 251 264 289 162 220 157 329 172 292 119
180 167 210 117 268 265 272 396 274 331 235 264 231 402 229 333 2 0
;
276 0 257 110 255 156 254 202 251 264 289 162 220 157 329 172 293 119
180 167 210 117 268 265 272 396 274 331 235 264 231 401 229 333 2 2
;
277 0 257 110 255 156 254 202 251 264 289 162 220 157 328 172 292 119
181 166 210 117 268 265 272 396 274 331 235 264 231 402 229 334 2 2
;
278 0 257 110 255 156 254 202 251 264 289 162 220 157 328 172 292 119
180 167 210 117 268 265 272 396 274 331 235 264 231 402 229 334 2 2
;
279 0 257 110 255 156 254 202 251 264 289 162 220 157 328 172 292 119
180 167 210 117 268 265 272 396 274 331 235 264 231 402 229 334 2 2
;
280 0 257 110 255 156 254 202 251 264 289 162 220 157 328 172 292 119
180 167 210 117 268 265 272 396 274 331 235 264 231 402 229 334 2 2
;
281 0 257 110 255 156 254 202 251 264 289 162 220 157 328 172 292 119
180 167 210 117 268 265 272 396 274 331 235 264 231 401 229 334 2 2
;
282 0 257 110 255 156 254 202 251 264 289 162 220 157 328 172 292 119
180 167 210 117 268 265 272 396 274 331 235 264 231 401 229 334 2 2
;
283 0 257 110 255 156 254 202 251 264 289 162 220 157 328 172 292 119
180 167 210 117 268 265 272 396 274 331 235 264 231 401 229 334 2 2
;
284 0 257 110 255 156 254 202 251 264 289 162 220 157 328 172 292 119
180 167 210 117 268 265 272 396 274 331 235 264 231 402 229 334 2 2
;
285 0 257 110 255 156 254 202 251 264 289 162 220 157 328 172 292 119
180 168 210 117 268 265 272 396 274 331 235 264 231 401 229 334 2 2
;
286 0 257 110 255 156 254 202 251 264 289 162 220 157 328 172 292 119
180 168 210 118 268 265 272 396 274 331 235 264 231 402 229 334 2 2
;
287 0 257 110 255 156 254 202 251 264 289 162 220 157 328 172 292 119
180 168 209 118 268 265 272 396 274 331 235 264 231 402 229 334 2 2
;
288 0 257 110 255 156 254 202 251 264 289 162 220 157 328 172 292 120
180 167 209 118 268 265 272 396 274 331 235 264 231 402 229 333 2 2
;
289 0 257 110 255 156 254 202 251 264 289 162 220 157 329 175 294 124
180 167 209 118 268 265 272 396 274 331 235 264 231 401 229 334 2 1
;
290 0 257 110 255 156 253 202 251 264 289 162 220 157 329 176 295 125
180 167 209 118 268 265 272 396 274 331 235 264 231 401 229 334 2 1
;
291 0 256 110 255 156 253 202 251 264 289 162 220 157 331 176 296 127
179 167 209 118 268 265 272 396 274 331 235 264 231 401 229 334 3 0
;
292 0 256 110 255 156 253 202 251 264 289 163 219 157 331 177 296 128
179 167 209 118 268 265 272 396 274 331 235 264 231 401 229 334 3 2
;
293 0 256 110 255 156 253 202 251 264 289 163 219 158 331 177 296 128
179 167 209 118 268 265 272 396 274 331 235 264 231 401 229 334 3 2
;
294 0 256 110 255 156 253 202 251 264 289 163 219 158 331 177 296 128
179 168 209 118 268 265 272 396 274 331 235 264 231 401 229 334 3 2
;
295 0 256 110 255 156 253 202 251 264 289 163 219 158 332 177 296 128
179 168 209 118 268 265 272 396 274 331 234 264 230 402 229 334 3 2
;
296 0 256 110 255 156 253 202 251 264 289 163 219 158 332 177 296 128
179 168 209 118 268 265 272 397 274 331 234 264 230 402 229 334 3 2
;
297 0 256 110 255 156 253 203 251 264 289 163 219 158 332 177 296 128
179 167 209 118 267 265 272 397 274 331 234 264 231 402 229 334 3 2
;
298 0 256 110 255 156 253 203 251 264 289 163 219 158 332 177 296 128
179 167 209 118 267 265 272 397 274 331 234 264 231 401 229 334 3 2
;
299 0 255 110 255 156 253 203 251 265 289 163 219 158 332 177 296 127
179 167 209 118 267 265 272 397 274 331 234 264 230 402 229 334 3 2
;
300 0 255 110 255 156 253 203 251 265 289 163 219 158 332 177 296 127
180 167 209 118 267 265 272 397 274 331 234 264 231 402 229 334 3 2
;
301 0 255 110 255 156 253 203 251 265 289 163 219 158 331 177 295 125
180 166 209 118 267 265 272 397 274 331 234 264 231 402 229 334 2 2
;
302 0 255 110 255 156 253 203 251 265 289 163 219 157 328 174 292 123
180 166 209 118 267 265 272 397 274 331 234 264 231 401 229 334 2 2
;
303 0 255 110 255 156 253 203 251 265 289 163 219 157 328 172 292 120
180 167 209 118 267 265 272 397 274 331 234 264 231 401 229 334 2 2
;
304 0 256 110 255 156 253 203 251 265 289 163 219 157 328 172 292 120
180 167 209 118 267 265 272 397 274 331 234 264 231 401 229 334 2 2
;
305 0 256 110 255 156 253 202 251 265 289 163 219 157 328 171 292 120
179 168 209 118 267 265 272 397 274 331 234 264 231 402 229 334 2 2
;
306 0 256 110 255 156 253 202 251 265 289 163 219 157 328 172 291 119
179 168 209 118 268 265 272 397 274 331 234 264 231 401 229 334 2 2
;
307 0 256 110 255 156 253 202 251 265 289 163 220 157 328 171 291 119
179 168 209 118 268 265 272 396 274 331 234 264 231 401 229 334 2 2
;
308 0 256 110 255 156 253 202 251 265 289 163 220 157 328 171 292 119
180 167 209 118 268 265 272 396 274 331 234 264 231 401 229 334 2 2
;
309 0 256 110 255 156 253 202 251 265 289 163 220 157 328 172 291 120
180 167 209 118 268 265 272 396 274 331 234 264 231 401 229 334 2 0
;
310 0 256 110 255 156 253 202 251 265 289 163 220 157 329 175 293 123
180 167 209 118 268 265 272 396 274 331 234 264 231 401 229 334 2 0
;
311 0 256 110 255 156 253 202 251 265 289 163 219 157 330 175 295 126
179 167 209 118 268 265 272 397 274 331 234 264 231 401 229 334 3 2
;
312 0 255 110 255 156 253 202 251 265 289 163 219 157 330 175 295 126
179 168 209 118 268 265 272 397 274 331 234 264 231 401 229 334 3 2
;
313 0 255 110 255 156 253 203 251 265 289 163 219 158 331 176 295 127
179 168 209 118 267 265 272 397 274 331 234 264 230 401 229 334 3 2
;
314 0 255 110 255 156 253 203 251 265 289 163 219 158 331 176 295 127
180 167 208 118 267 265 272 396 274 331 234 264 230 401 229 334 3 2
;
315 0 255 110 254 156 253 203 251 265 288 163 219 158 331 176 296 127
179 167 208 118 267 265 272 396 274 331 234 264 230 402 229 334 3 2
;
316 0 255 110 254 156 253 203 251 265 288 163 219 158 331 176 296 127
179 167 209 118 267 265 272 396 274 331 234 264 230 402 229 334 3 2
;
317 0 255 110 254 156 253 203 251 265 288 163 219 158 331 177 296 127
180 167 209 118 267 265 272 396 274 331 234 264 230 402 229 334 3 2
;
318 0 255 110 254 156 253 203 251 265 288 163 218 158 331 177 295 127
180 167 209 118 267 265 272 396 274 331 234 264 230 402 229 334 3 2
;
319 0 255 110 254 156 253 203 251 265 288 163 218 158 331 177 295 127
180 167 209 118 267 265 272 396 274 331 234 264 231 402 229 334 3 2
;
320 0 255 110 254 156 253 203 251 265 288 163 218 158 331 176 295 126
179 167 209 118 267 265 272 396 274 331 234 264 231 402 229 334 3 2
;
321 0 255 110 254 156 253 203 251 265 288 163 218 158 331 177 295 125
179 168 209 118 267 265 272 396 274 331 234 264 231 401 229 334 2 2
;
322 0 255 110 254 156 253 203 251 265 288 163 219 158 331 176 294 124
180 167 209 118 267 265 272 396 274 331 234 264 231 401 229 334 2 2
;
323 0 255 110 254 156 253 203 251 265 288 163 219 158 327 173 292 120
180 167 209 118 267 265 272 397 274 331 234 264 231 401 229 334 2 2
;
324 0 255 110 254 156 253 203 251 265 288 163 219 158 328 172 292 120
180 168 208 118 267 265 272 397 274 331 234 264 231 401 229 334 2 2
;
325 0 255 110 254 156 253 202 251 265 288 162 219 158 328 172 292 119
180 167 209 119 267 265 272 397 274 331 234 264 231 401 229 334 2 0
;
326 0 255 110 254 156 253 202 251 265 288 162 219 158 328 171 292 119
180 168 209 119 267 265 272 397 274 331 234 264 231 401 229 334 2 0
;
327 0 255 110 254 156 253 202 251 265 289 162 219 158 328 171 292 119
179 168 209 119 267 265 272 397 274 331 234 264 231 401 229 334 2 2
;
328 0 255 110 254 156 253 202 251 265 289 162 219 158 328 171 292 119
179 168 209 119 267 265 272 397 274 331 234 264 231 401 229 334 2 2
;
329 0 256 110 254 156 253 202 251 265 289 162 219 158 328 171 291 119
179 168 209 119 267 265 272 397 274 331 234 264 231 401 229 334 2 2
;
330 0 256 110 254 156 253 202 251 265 289 162 219 158 328 171 292 120
179 169 208 119 267 265 272 397 274 331 234 264 231 401 229 334 2 2
;
331 0 255 110 254 156 253 202 251 265 289 162 219 158 328 174 293 123
179 169 208 119 267 265 272 397 274 331 234 264 231 401 229 334 2 2
;
332 0 255 110 254 156 253 202 251 265 288 162 219 158 330 175 294 126
179 169 208 119 267 265 272 396 274 331 234 264 231 401 229 334 3 2
;
333 0 255 110 254 156 253 202 251 265 288 162 219 158 330 175 295 127
179 169 208 119 267 265 272 396 274 331 234 264 231 401 229 334 3 2
;
334 0 255 110 254 156 253 202 251 265 288 162 219 158 330 175 294 127
179 169 208 119 267 265 272 397 274 331 234 264 231 401 229 334 3 2
;
335 0 255 110 254 156 253 202 251 265 288 162 218 158 330 176 294 127
180 168 208 119 267 265 272 397 274 331 234 264 231 402 229 334 3 0
;
336 0 255 110 254 156 253 202 251 265 288 162 218 158 330 176 294 127
179 168 208 119 267 265 272 397 274 331 234 264 231 402 229 334 3 2
;
337 0 255 110 254 156 253 202 251 265 288 162 218 158 331 176 294 127
179 168 208 119 267 265 272 397 274 331 234 264 231 402 229 334 3 0
;
338 0 255 110 254 156 253 202 251 265 288 163 218 158 331 176 295 127
179 168 208 119 267 265 272 396 274 331 234 264 231 402 229 334 3 2
;
339 0 255 110 254 156 253 202 251 265 288 163 218 158 331 176 295 127
179 168 208 119 267 265 272 396 274 331 234 264 231 402 229 334 3 2
;
340 0 255 110 254 156 253 203 251 265 288 163 218 158 331 176 294 127
179 168 208 119 267 265 272 396 274 331 234 264 231 401 229 334 0 2
;
341 0 255 110 254 156 253 203 251 265 288 163 218 158 331 176 294 126
179 169 208 119 267 265 272 396 274 331 234 264 231 402 229 334 0 0
;
342 0 255 110 254 156 253 203 251 265 288 163 218 158 330 176 293 123
179 169 208 119 267 265 272 396 274 331 234 264 231 401 229 334 2 2
;
343 0 255 110 254 156 253 203 251 265 288 163 219 158 327 173 292 121
179 169 208 119 267 265 272 396 274 331 234 264 231 401 229 334 2 2
;
344 0 255 110 254 156 253 202 251 265 288 163 219 158 327 172 291 120
178 169 208 119 267 265 272 396 274 331 234 264 231 401 229 334 2 0
;
345 0 255 110 254 156 253 202 251 265 288 162 219 158 327 172 291 120
179 169 208 119 267 265 272 396 274 331 234 264 231 401 229 334 2 2
;
346 0 255 110 254 156 253 202 251 265 288 162 219 158 327 172 291 119
179 169 208 119 267 265 272 397 274 331 234 264 231 401 229 334 2 0
;
347 0 255 110 254 156 253 202 251 265 288 162 219 158 327 172 291 119
179 169 208 119 267 265 272 397 274 331 234 264 231 401 229 334 2 0
;
348 0 255 110 254 156 253 202 251 265 288 162 219 158 327 173 292 121
179 169 208 119 267 265 272 397 274 331 235 264 231 401 229 334 2 0
;
349 0 255 110 254 156 253 202 251 265 288 162 219 158 329 174 293 123
179 169 208 119 267 265 272 397 274 331 234 264 231 401 229 334 2 2
;
350 0 255 110 254 156 253 202 251 265 288 162 219 158 330 175 294 125
179 169 208 119 267 265 272 397 274 331 234 264 231 401 229 334 2 2
;
351 0 255 110 254 156 253 202 251 265 288 162 219 158 330 175 294 125
179 169 208 119 267 265 272 397 274 331 234 264 231 401 229 334 3 2
;
352 0 255 110 254 156 253 202 251 265 288 163 219 158 330 176 295 126
178 169 208 119 267 265 272 397 274 331 234 264 231 401 229 334 3 2
;
353 0 255 110 254 156 253 203 251 265 288 163 219 158 330 176 295 126
178 169 208 119 267 265 272 397 274 331 234 264 231 401 229 334 3 2
;
354 0 255 110 254 156 253 203 251 265 288 163 219 158 331 176 295 127
178 169 208 119 267 265 272 396 274 331 234 264 231 401 229 334 3 2
;
355 0 255 110 254 156 253 203 251 265 288 163 218 158 331 176 295 127
178 169 208 119 267 265 272 396 274 331 234 264 231 401 229 334 3 2
;
356 0 255 110 254 156 253 203 251 265 288 163 218 158 331 176 295 127
179 168 208 119 267 265 272 396 274 331 234 264 231 401 229 334 3 2
;
357 0 255 110 254 156 253 203 251 265 288 163 218 158 331 176 295 127
179 169 208 119 267 265 272 396 274 331 234 264 231 401 229 334 3 2
;
358 0 255 110 254 156 253 203 251 265 288 163 218 158 331 176 296 127
179 169 208 119 267 265 272 396 274 331 234 264 231 401 229 334 3 2
;
359 0 255 110 254 156 253 203 251 265 288 163 218 158 331 176 295 127
179 169 208 119 267 265 272 396 274 331 234 264 231 401 229 334 3 2
;
360 0 255 110 254 156 253 203 251 265 288 163 218 158 331 176 295 127
179 169 208 119 267 265 272 397 274 332 234 264 231 401 229 334 3 2
;
361 0 255 110 254 156 253 203 251 265 288 163 218 158 331 176 295 126
179 169 208 119 267 265 272 397 274 331 234 264 231 401 229 334 3 2
;
362 0 255 110 254 156 253 203 251 265 288 163 218 158 331 176 294 124
179 169 208 119 267 265 272 397 274 331 234 264 231 401 229 334 0 2
;
363 0 255 110 254 156 253 203 251 265 288 163 219 158 328 174 292 122
179 169 208 119 267 265 272 397 274 331 234 264 231 402 229 334 2 2
;
364 0 255 110 254 156 253 203 251 265 288 163 219 158 327 173 292 119
179 169 208 119 267 265 272 397 274 331 234 264 231 401 229 334 2 2
;
365 0 255 110 254 156 253 203 251 265 288 163 219 158 327 172 292 119
179 169 208 119 267 265 272 397 274 331 234 264 231 401 229 334 2 2
;
366 0 255 110 254 156 253 203 251 265 288 162 219 158 327 172 292 119
179 169 208 119 267 265 272 397 274 331 234 264 231 401 229 334 2 2
;
367 0 255 110 254 156 253 203 251 265 288 162 219 158 327 172 292 119
179 169 208 119 267 265 272 397 274 331 234 264 231 401 229 334 2 2
;
368 0 255 110 254 156 253 202 251 265 288 162 219 158 327 172 292 118
179 169 208 119 267 265 272 397 274 331 234 264 231 401 229 334 2 2
;
369 0 255 110 255 156 253 202 251 265 288 162 219 158 327 172 292 118
179 169 208 119 267 265 272 397 274 331 235 264 231 401 229 334 2 2
;
370 0 255 110 255 156 253 202 251 265 288 162 220 158 327 172 292 118
179 169 208 119 267 265 272 396 274 331 234 264 231 401 229 334 2 2
;
371 0 256 110 255 156 253 202 251 265 288 162 220 158 327 172 292 118
179 169 208 119 267 265 272 396 274 331 235 264 231 401 229 334 2 2
;
372 0 256 110 255 156 253 202 251 265 288 162 220 158 327 172 292 118
180 168 208 119 268 265 272 397 274 331 235 264 231 401 229 334 2 2
;
373 0 256 110 255 156 253 202 251 265 288 162 220 158 327 172 292 118
180 168 208 119 268 265 272 396 274 331 235 264 231 401 229 334 2 2
;
374 0 256 110 255 156 253 202 251 265 288 162 220 158 327 172 292 118
180 169 208 119 268 265 272 397 274 331 235 264 231 401 229 334 2 2
;
375 0 256 110 255 156 253 202 251 265 288 162 220 158 328 171 292 118
180 169 208 119 268 265 272 396 274 331 235 264 231 401 229 334 2 2
;
376 0 256 110 255 156 253 202 251 265 288 162 220 158 328 171 292 118
179 169 208 119 268 265 272 397 274 331 235 264 231 401 229 334 2 2
;
377 0 256 110 255 156 253 202 251 265 288 162 220 158 328 172 292 118
179 169 208 119 268 265 272 396 274 331 235 264 231 401 229 334 2 2
;
378 0 256 110 255 156 253 202 251 265 288 162 220 158 328 172 292 118
180 168 208 119 268 265 272 396 274 331 235 264 231 401 229 334 2 0
;
379 0 256 110 255 156 253 202 251 265 288 162 220 158 327 172 292 118
181 168 208 119 268 265 272 396 274 331 235 264 231 401 229 334 2 0
;
380 0 256 110 255 156 253 202 251 265 288 162 220 158 327 172 292 118
180 168 208 119 268 265 272 396 274 331 235 264 231 401 229 334 2 2
;
381 0 256 110 255 156 253 202 251 265 288 162 220 158 327 172 292 118
180 169 208 119 268 265 272 396 274 331 235 264 231 401 229 334 2 2
;
382 0 256 110 255 156 253 202 251 265 288 162 220 158 327 172 292 118
180 169 208 119 268 265 272 397 274 331 235 264 231 401 229 334 2 2
;
383 0 256 110 255 156 253 202 251 265 290 162 220 158 328 173 292 118
181 168 208 119 268 265 272 397 274 331 235 264 231 401 229 334 2 2
;
384 0 256 110 255 156 253 202 251 265 289 162 220 158 328 173 292 118
180 169 208 119 268 265 272 397 274 331 235 264 231 402 229 334 2 2
;
385 0 256 110 255 156 253 202 251 265 289 162 220 158 328 173 292 119
181 168 208 119 268 265 272 397 274 331 235 264 231 401 229 334 2 2
;
386 0 256 110 255 156 253 202 251 265 290 162 220 158 328 173 292 118
181 168 208 119 268 265 272 397 274 331 235 264 231 401 229 334 2 2
;
387 0 256 110 255 156 253 202 251 265 289 162 220 158 328 173 292 118
181 168 208 119 268 265 272 397 274 331 235 264 231 401 229 334 2 2
;
388 0 256 110 255 156 253 202 251 265 290 163 220 158 329 173 292 119
180 168 208 119 268 265 272 397 274 331 235 264 231 401 229 334 2 2
;
389 0 256 110 255 156 254 202 251 265 290 163 220 158 329 173 292 119
180 169 208 119 268 265 272 397 274 331 235 264 231 401 229 334 2 2
;
390 0 256 110 256 156 254 202 251 265 290 163 220 158 329 173 292 119
180 169 208 119 268 265 272 397 274 331 235 264 231 401 229 334 2 2
;
391 0 256 110 256 156 254 202 251 265 290 163 220 158 329 173 292 119
180 169 208 119 268 265 272 397 274 331 235 264 231 401 229 334 2 2
;
392 0 256 110 256 156 254 202 251 265 290 163 220 158 329 173 292 118
180 169 208 119 268 265 272 397 274 331 235 264 231 401 229 334 2 2
;
393 0 256 110 256 156 254 202 251 265 290 163 220 158 329 173 292 119
180 169 208 119 268 265 272 396 274 331 235 264 231 402 229 334 2 0
;
394 0 256 110 256 156 254 202 251 265 290 163 220 158 329 173 292 119
180 169 208 119 268 265 272 396 274 331 235 264 231 402 229 334 2 2
;
395 0 256 110 256 156 254 202 251 265 291 163 220 158 329 173 292 119
180 169 208 119 268 265 272 396 274 331 235 264 231 401 229 334 2 2
;
396 0 256 110 256 156 254 203 251 265 291 163 220 159 329 173 292 119
180 170 208 119 268 265 272 396 274 331 235 264 231 402 229 334 2 2
;
397 0 256 110 256 156 254 203 251 265 291 163 220 158 329 173 292 119
180 170 208 119 268 265 272 397 274 331 235 264 231 402 229 334 2 2
;
398 0 256 110 256 156 254 203 251 265 291 163 220 158 329 173 292 119
180 170 208 119 268 265 272 397 274 331 235 264 231 401 229 334 2 2
;
399 0 256 110 256 156 254 203 251 265 291 163 220 159 329 173 292 119
180 170 208 119 268 265 272 397 274 331 235 264 231 402 229 334 2 0
;
400 0 256 110 256 156 254 203 251 265 291 163 220 159 329 173 292 119
180 170 208 119 268 265 272 397 274 332 235 264 231 402 229 334 2 0
;
401 0 256 110 256 156 254 203 251 265 291 163 220 159 330 173 292 119
180 170 208 119 268 266 272 397 274 331 235 264 231 402 229 334 2 2
;
402 0 256 110 256 156 254 203 251 265 291 163 220 159 330 173 292 119
180 170 208 119 268 266 272 397 274 331 235 264 231 402 229 334 2 2
;
403 0 256 110 256 156 254 203 251 265 291 163 220 159 330 173 292 119
180 170 208 119 268 266 272 397 274 331 235 264 231 402 229 334 2 2
;
404 0 256 110 256 156 254 203 251 265 291 163 220 158 330 173 292 119
180 170 208 119 268 266 272 397 274 332 235 264 231 401 229 334 2 2
;
405 0 256 110 256 156 254 202 251 265 290 163 220 158 329 173 293 119
180 170 208 119 268 265 272 397 274 332 235 264 231 402 229 334 2 0
;
406 0 256 110 256 156 254 202 251 265 291 163 220 158 329 173 292 119
180 170 208 119 268 265 272 396 274 331 235 264 231 401 229 334 2 0
;
407 0 256 110 256 156 254 202 251 265 290 163 220 158 329 173 293 119
180 170 208 119 268 265 272 396 274 331 235 264 231 402 229 334 2 2
;
408 0 256 110 256 156 254 203 251 265 291 163 220 159 329 173 292 119
180 170 208 119 268 266 272 397 274 332 235 264 231 402 229 334 2 2
;
409 0 256 110 256 156 254 203 251 265 291 163 220 158 329 173 293 119
181 169 208 119 268 266 272 397 274 332 235 264 231 401 229 334 2 0
;
410 0 256 110 256 156 254 203 251 265 291 163 220 158 329 173 293 119
180 169 208 119 268 266 272 396 274 332 235 264 231 402 229 334 2 2
;
411 0 256 110 256 156 254 203 251 265 290 163 220 158 329 173 293 119
180 169 208 119 268 266 272 396 274 332 235 264 231 402 229 334 2 2
;
412 0 256 110 256 156 254 203 251 265 290 163 220 159 329 173 293 119
180 169 208 119 268 266 272 396 274 331 235 264 231 401 229 334 2 2
;
413 0 256 110 256 156 254 203 251 265 290 163 220 159 329 173 293 119
180 170 208 119 268 266 272 397 274 331 235 264 231 402 229 334 2 2
;
414 0 256 110 256 156 254 203 251 265 290 163 220 158 329 173 293 119
181 168 208 119 268 266 272 397 274 331 235 264 231 402 229 334 2 2
;
415 0 256 110 256 156 254 203 251 265 290 163 220 159 329 173 293 119
181 168 208 119 268 266 272 397 274 331 235 264 231 401 229 334 2 2
;
416 0 256 110 256 156 254 203 251 265 290 163 220 159 329 173 293 119
181 168 208 119 268 266 272 397 274 331 235 264 231 401 229 334 2 2
;
417 0 256 110 256 156 254 203 251 265 291 163 220 159 329 173 293 119
180 169 208 119 268 266 272 397 274 331 235 264 231 401 229 334 2 2
;
418 0 256 110 256 156 254 203 251 265 291 163 220 159 329 173 293 119
180 169 208 119 268 266 272 397 274 331 235 264 231 402 229 334 2 2
;
419 0 256 110 256 156 254 203 251 265 291 163 220 159 330 173 293 119
180 169 208 119 268 266 272 397 274 331 235 264 231 402 229 334 2 0
;
420 0 256 110 256 156 254 203 251 265 290 163 220 159 329 173 293 119
180 169 208 119 268 266 272 396 274 331 235 264 231 402 229 334 2 0
;
421 0 256 110 256 156 254 203 251 265 291 163 220 159 329 173 293 119
181 168 208 119 268 266 272 397 274 331 235 264 231 401 229 334 2 2
;
422 0 256 110 256 156 254 203 251 265 291 163 220 159 329 173 293 119
180 169 208 119 268 266 272 397 274 331 235 264 231 401 229 334 2 2
;
423 0 256 110 256 156 254 203 251 265 291 163 220 158 329 173 293 119
181 169 208 119 268 266 272 397 274 331 235 264 231 401 229 334 2 2
;
424 0 256 110 256 156 254 202 251 265 291 163 220 158 330 173 293 119
180 169 208 119 268 266 272 397 274 331 235 264 231 401 229 334 2 2
;
425 0 256 110 256 156 254 202 251 265 291 163 220 159 330 173 293 119
180 169 208 119 268 266 272 397 274 331 235 264 231 401 229 334 2 2
;
426 0 256 110 256 156 254 202 251 265 291 163 220 159 330 173 293 119
180 169 208 119 268 266 272 397 274 331 235 264 231 401 229 334 2 2
;
427 0 256 110 256 156 254 202 251 265 290 163 220 158 329 173 293 119
180 169 208 119 268 266 272 397 274 331 235 264 231 402 229 334 2 2
;
428 0 256 110 255 156 254 202 251 265 290 162 220 158 329 173 293 119
180 169 208 119 268 265 272 397 274 331 235 264 231 402 229 334 2 2
;
429 0 256 110 256 156 254 202 251 265 290 162 220 158 329 173 293 119
180 170 208 119 268 265 272 397 274 331 235 264 231 402 229 334 2 2
;
430 0 256 110 256 156 254 202 251 265 290 162 220 158 329 173 293 119
180 170 208 119 268 265 272 397 274 331 235 264 231 402 229 334 2 2
;
431 0 256 110 255 156 254 202 251 265 290 162 220 158 328 173 293 119
180 170 208 119 268 265 272 397 274 331 235 264 231 402 229 334 2 2
;
432 0 256 110 255 156 254 202 251 265 290 162 220 158 328 173 293 119
180 170 208 119 268 265 272 397 274 331 235 264 231 402 229 334 2 2
;
433 0 256 110 255 156 254 202 251 265 290 162 220 158 328 173 293 119
180 169 208 119 268 265 272 397 274 331 235 264 231 401 229 334 2 2
;
434 0 256 110 255 156 254 202 251 265 290 162 220 158 328 173 293 119
180 169 208 119 268 265 272 397 274 331 235 264 231 401 229 334 2 2
;
435 0 256 110 255 156 254 202 251 265 290 162 220 158 328 173 293 119
180 169 208 119 268 265 272 397 274 331 235 264 231 401 229 334 2 2
;
436 0 256 110 255 156 254 202 251 265 290 162 220 158 328 173 293 119
180 169 208 119 268 265 272 397 274 331 235 264 231 401 229 334 2 2
;
437 0 256 110 256 156 254 202 251 265 290 163 220 158 329 173 293 119
180 169 208 119 268 265 272 397 274 331 235 264 231 401 229 334 2 2
;
438 0 256 110 256 156 254 202 251 265 291 163 220 158 329 173 293 119
180 169 208 119 268 265 272 397 274 331 235 264 231 401 229 334 2 2
;
439 0 256 110 256 156 254 202 251 265 291 163 220 158 329 173 293 119
180 170 208 119 268 265 272 397 274 331 235 264 231 401 229 334 2 2
;
440 0 256 110 256 156 254 202 251 265 291 163 220 158 329 173 293 119
180 170 208 119 268 265 272 397 274 331 235 264 231 401 229 334 2 2
;
441 0 256 110 256 156 254 202 251 265 291 163 220 159 330 173 293 119
180 170 208 119 268 265 272 397 274 331 235 264 231 401 229 334 2 2
;
442 0 256 110 256 156 254 202 251 265 291 163 220 159 330 173 293 119
181 168 208 119 268 265 272 397 274 331 235 264 231 401 229 334 2 2
;
443 0 256 110 256 156 254 202 251 265 291 163 220 158 330 173 293 119
181 169 208 119 268 265 272 397 274 331 235 264 231 401 229 334 2 2
;
444 0 256 110 256 156 254 202 251 265 291 163 220 158 330 173 293 119
180 170 208 119 268 265 272 397 274 331 235 264 231 402 229 334 2 2
;
445 0 256 110 256 156 254 202 251 265 291 163 220 158 330 173 293 119
180 170 208 119 268 265 272 397 274 331 235 264 231 401 229 334 2 2
;
446 0 256 110 256 156 254 202 251 265 291 163 220 158 330 173 293 120
180 170 208 119 268 265 272 397 274 331 235 264 231 402 229 334 2 2
;
447 0 256 110 256 156 254 203 251 265 290 163 220 158 328 177 294 125
180 171 207 120 268 265 272 397 274 331 235 264 231 401 229 334 2 2
;
448 0 256 110 256 156 254 202 251 265 290 163 220 158 328 177 294 128
179 172 208 121 268 265 272 397 274 331 235 264 231 402 229 334 2 2
;
449 0 255 110 256 156 254 202 251 265 290 162 219 158 329 181 294 136
177 180 207 133 268 265 272 397 274 332 235 264 231 402 229 334 3 2
;
450 0 255 110 255 156 254 203 251 265 289 162 219 159 329 183 293 142
178 183 207 140 268 265 272 397 274 332 235 264 231 402 229 334 3 2
;
451 0 255 110 255 157 253 204 252 268 287 168 221 162 327 189 292 157
183 190 210 157 268 268 272 397 274 333 235 267 231 402 229 335 3 3
;
452 0 255 110 255 157 253 204 251 268 286 168 221 162 324 191 290 167
187 194 216 168 268 268 272 397 274 334 235 267 231 401 229 335 3 3
;
453 0 254 110 254 157 253 204 252 268 286 162 220 161 319 195 287 195
198 194 217 197 268 268 272 397 274 334 235 267 231 401 229 336 0 0
;
454 0 254 110 254 157 253 204 252 268 287 164 220 162 315 200 288 225
205 199 220 230 268 268 272 398 274 335 236 267 231 402 229 336 0 0
;
455 0 254 110 254 157 253 204 252 268 287 164 220 162 308 203 287 238
207 203 221 244 268 268 272 398 274 335 236 267 231 402 229 336 0 0
;
456 0 254 110 254 157 253 204 252 268 287 165 219 163 303 208 286 256
211 210 220 258 268 268 272 398 274 335 236 268 231 402 229 337 0 0
;
457 0 254 110 254 157 253 205 252 268 287 166 219 163 301 210 286 265
212 211 219 264 268 268 272 398 274 335 236 268 231 402 229 337 1 0
;
458 0 254 110 254 157 253 205 252 268 288 166 219 163 299 213 289 269
212 213 216 266 268 268 272 398 274 335 236 268 231 402 229 337 1 1
;
459 0 254 110 254 157 253 205 251 268 288 167 219 164 297 216 292 274
212 215 213 268 267 268 273 398 275 336 236 268 231 403 229 337 1 1
;
460 0 254 110 254 158 253 205 252 268 288 167 219 164 297 216 293 274
212 215 211 271 267 269 273 398 275 336 236 268 231 403 229 337 1 1
;
461 0 254 110 254 158 253 205 252 268 288 167 219 164 297 217 294 274
211 214 208 269 268 269 273 398 275 335 236 268 231 403 229 337 1 1
;
462 0 254 110 254 158 253 205 252 268 288 167 219 164 298 216 295 273
210 213 205 268 268 269 273 398 275 335 236 268 231 403 229 337 1 1
;
463 0 254 110 255 158 254 205 252 268 289 167 219 163 299 216 297 273
209 212 202 267 268 269 273 398 275 335 237 268 231 403 230 337 1 1
;
464 0 254 110 255 158 254 205 253 268 289 167 220 163 300 215 299 275
209 212 200 267 269 268 273 398 275 335 237 268 231 403 230 337 1 1
;
465 0 254 110 255 158 255 205 253 268 289 167 220 163 301 215 300 276
209 212 199 267 269 268 273 398 275 335 238 268 231 403 230 337 1 1
;
466 0 254 110 256 158 255 205 254 268 289 166 220 163 301 215 300 276
209 212 200 267 269 268 273 398 275 334 238 268 231 404 231 337 1 1
;
467 0 254 110 256 158 255 205 254 268 290 167 221 163 301 215 299 277
210 212 202 266 269 268 273 398 275 334 238 267 231 404 231 338 1 0
;
468 0 252 110 257 158 255 205 254 268 290 167 222 162 302 215 297 277
212 212 206 264 269 268 273 398 275 334 238 267 231 404 231 338 1 4
;
469 0 251 110 257 158 255 205 254 268 289 167 222 162 302 215 295 277
213 212 208 263 269 268 273 398 275 334 238 267 231 404 231 338 0 4
;
470 0 248 110 257 158 255 205 253 267 287 167 222 163 302 215 292 278
216 212 214 263 268 268 273 398 275 334 238 267 232 404 232 338 3 0
;
471 0 246 111 256 158 255 205 252 268 286 167 222 163 302 214 290 279
217 212 217 262 267 268 273 398 275 334 238 267 235 404 232 338 3 0
;
472 0 242 112 255 158 253 206 251 268 283 167 222 163 300 213 285 282
219 213 218 262 265 269 273 398 275 335 237 267 237 405 234 338 3 0
;
473 0 240 112 253 158 252 206 250 268 281 168 222 163 299 213 282 283
219 213 218 263 264 270 273 398 275 336 236 267 237 405 234 338 3 0
;
474 0 235 113 250 158 249 206 248 269 278 167 221 163 295 213 277 283
218 213 214 263 261 271 273 399 273 338 235 268 237 405 235 338 3 0
;
475 0 232 114 248 158 248 207 247 270 275 167 220 164 293 213 273 283
217 214 211 266 260 272 273 399 272 338 234 268 237 405 235 338 3 0
;
476 0 226 114 244 158 245 207 246 271 271 167 218 165 289 212 267 282
216 214 206 267 259 273 273 400 270 342 233 269 238 405 235 339 3 0
;
477 0 223 115 241 159 243 207 245 271 271 167 217 166 287 212 263 281
215 215 204 268 258 273 272 400 269 343 233 270 237 405 234 340 3 0
;
478 0 218 116 238 159 241 208 244 272 264 168 214 167 282 213 256 280
212 216 199 272 256 273 272 402 267 345 232 271 238 405 234 341 3 0
;
479 0 216 117 236 160 240 209 244 272 262 168 212 169 280 213 252 280
211 217 197 276 256 273 272 404 267 348 232 271 238 405 233 342 3 4
;
480 0 211 117 232 161 237 210 243 273 258 168 210 170 274 214 243 281
209 219 194 278 255 274 273 408 266 349 231 272 238 405 232 343 0 0
;
481 0 210 117 232 161 237 210 243 274 258 168 208 172 271 215 238 281
208 220 192 280 255 274 272 409 265 349 231 274 238 406 232 344 0 0
;
482 0 207 118 229 162 236 211 243 274 255 169 206 172 264 217 227 282
206 221 188 282 255 274 267 425 264 355 231 275 240 422 231 346 0 0
;
483 0 205 118 227 164 235 212 243 275 254 169 204 173 261 218 220 286
204 222 184 283 255 275 266 434 262 353 231 276 241 423 231 347 0 0
;
484 0 203 119 224 165 233 214 243 276 250 171 202 175 256 220 210 288
202 224 180 282 254 276 267 448 256 351 231 277 240 425 230 347 0 0
;
485 0 202 119 223 166 232 215 242 277 249 172 201 175 255 222 204 291
201 225 177 283 253 277 270 454 252 351 231 277 239 425 230 347 0 0
;
486 0 201 120 222 168 231 217 242 278 247 174 200 176 249 224 197 294
199 226 175 283 253 278 270 456 251 351 231 278 239 425 228 340 0 0
;
487 0 201 121 222 169 231 217 242 279 247 176 199 177 246 225 193 297
198 227 174 283 253 279 268 456 251 353 231 278 239 426 228 340 0 0
;
488 0 200 122 220 170 230 219 242 280 245 177 198 178 237 234 189 300
197 228 173 288 252 280 266 458 251 354 231 279 239 426 228 340 0 0
;
489 0 199 122 219 171 229 220 241 280 245 178 197 178 236 235 188 301
196 228 173 288 252 281 266 460 250 355 231 280 239 427 227 341 0 0
;
490 0 198 123 218 172 228 221 241 281 243 180 195 178 234 237 186 303
195 229 174 289 252 282 255 448 257 360 231 280 240 427 227 336 0 0
;
491 0 197 124 217 173 228 222 241 281 242 181 194 179 234 238 185 304
195 229 174 289 252 282 255 449 257 361 231 281 239 427 227 336 0 0
;
492 0 195 124 216 174 227 223 241 282 241 182 193 179 232 240 184 306
194 230 174 291 251 283 255 450 257 362 230 282 239 428 227 336 0 0
;
493 0 194 125 215 174 227 223 241 283 240 182 192 180 232 241 185 306
193 231 174 291 251 284 255 450 257 362 230 282 240 428 227 337 0 0
;
494 0 192 125 214 174 226 224 240 284 239 183 190 181 231 243 184 307
193 232 174 291 251 284 255 450 257 363 230 283 240 428 227 337 0 0
;
495 0 191 125 213 175 225 224 240 284 238 183 190 181 231 243 184 307
192 232 172 290 251 285 255 450 257 364 230 283 240 428 227 338 0 0
;
496 0 190 125 212 175 225 224 240 284 237 183 188 181 231 242 183 307
193 233 173 290 251 285 255 450 257 364 230 284 240 428 227 338 0 0
;
497 0 189 125 211 175 224 224 240 285 237 183 188 181 231 242 183 307
193 232 173 290 251 285 255 450 257 364 229 284 240 428 227 338 0 0
;
498 0 188 125 210 175 224 225 240 285 236 184 187 181 230 244 183 307
192 232 176 290 251 286 255 451 257 365 229 284 235 401 228 365 0 0
;
499 0 187 125 210 175 223 225 240 285 236 184 186 182 230 244 183 307
192 232 173 290 251 286 255 451 257 365 229 284 240 427 228 365 0 0
;
500 0 186 125 209 175 223 225 239 285 235 184 186 182 230 244 183 308
192 232 173 290 251 286 255 451 256 365 229 284 235 401 228 365 0 0
;
501 0 186 125 209 175 223 225 239 285 235 184 186 182 229 244 183 308
192 232 173 290 251 286 255 451 256 365 229 284 240 428 227 350 0 0
;
502 0 185 125 208 175 222 225 239 285 234 184 185 182 229 245 183 307
192 232 173 290 250 286 256 451 256 365 229 285 240 426 227 365 0 0
;
503 0 184 125 208 175 222 225 239 285 234 184 185 181 229 245 183 308
192 232 173 290 250 286 256 451 256 366 229 285 240 426 227 365 0 0
;
504 0 184 125 207 175 222 225 239 286 234 184 185 181 229 245 183 307
191 232 173 290 250 287 256 451 256 366 228 285 240 429 226 354 0 0
;
505 0 184 125 207 175 222 225 239 286 233 184 184 181 229 245 183 307
191 232 173 290 250 287 256 451 256 366 228 285 240 429 226 354 0 0
;
506 0 183 125 207 175 221 225 239 286 233 184 184 181 229 245 183 307
191 232 177 290 250 287 257 451 255 366 228 285 240 429 226 354 0 0
;
507 0 183 125 207 175 221 225 239 286 233 184 184 182 229 245 183 307
191 232 174 291 250 287 257 452 255 366 228 285 238 429 226 354 0 0
;
