953 0 267 49 263 95 265 146 267 218 305 101 224 98 344 69 379 14 187
60 158 11 285 218 302 387 299 310 249 218 224 391 234 314 0 1;
954 0 267 49 263 95 265 145 267 217 305 99 225 96 335 59 350 9 198
49 167 -29 285 217 302 387 298 309 249 216 224 391 233 314 0 1;
955 0 267 49 263 95 265 145 267 216 304 99 226 93 329 53 339 6 201
47 189 -37 285 216 302 387 298 309 249 215 224 391 233 314 1 1;
956 0 267 49 263 95 265 144 267 213 298 91 228 91 321 48 319 3 210
45 217 -41 285 214 302 387 298 309 248 213 224 391 233 313 1 1;
957 0 267 49 263 94 265 143 267 211 298 90 229 90 318 46 305 -32 214
43 234 -39 285 212 302 387 298 309 248 211 224 391 233 313 1 1;
958 0 267 49 264 94 265 141 266 208 298 87 230 89 310 38 292 -40 220
38 239 -43 285 208 302 387 298 308 248 208 224 391 233 311 1 1;
959 0 267 49 264 94 265 141 266 208 298 87 230 89 308 37 288 0 221
37 244 -42 285 208 302 387 298 308 248 207 224 391 234 310 1 1;
960 0 268 48 264 94 265 141 266 207 298 87 230 89 307 36 296 -24 222
37 248 -41 285 208 302 387 298 308 248 207 224 391 234 310 1 1;
961 0 268 48 265 94 265 141 266 207 298 87 230 89 307 36 298 -24 222
37 247 -41 285 208 302 387 298 307 248 207 224 391 234 310 1 1;
962 0 267 49 264 93 265 140 267 207 298 86 229 89 310 37 294 -42 219
39 241 -41 285 207 302 387 298 307 248 207 224 391 234 310 1 1;
963 0 267 49 264 93 265 141 267 207 298 86 229 89 313 40 294 -40 216
41 228 -44 285 207 302 387 298 307 248 207 224 391 234 310 1 1;
964 0 267 49 264 94 265 141 267 209 298 87 229 89 320 44 320 -37 209
45 217 -42 285 209 302 387 298 307 248 209 224 391 234 311 1 1;
965 0 267 49 264 94 265 141 267 209 298 87 229 90 323 47 338 -35 206
46 200 -42 285 210 302 387 298 307 248 209 224 391 233 311 1 1;
966 0 266 49 264 94 265 142 267 211 298 88 228 91 331 53 351 7 200
49 175 -36 285 211 302 387 298 308 249 211 224 391 233 312 1 1;
967 0 266 49 263 94 265 142 267 212 298 88 227 92 334 57 359 10 196
53 165 -31 285 212 302 387 298 308 249 212 224 391 233 312 1 1;
968 0 266 49 263 94 265 143 267 212 299 89 226 93 342 65 380 12 190
58 161 10 285 212 302 387 298 308 249 212 223 391 233 313 0 1;
969 0 266 49 263 94 265 143 267 213 300 89 226 94 344 68 390 18 187
61 153 13 285 213 302 387 298 308 249 213 223 391 233 313 0 1;
970 0 266 49 263 94 264 143 267 214 304 96 225 95 346 80 402 36 181
66 133 13 285 214 302 387 298 309 249 214 223 391 233 313 2 1;
971 0 266 48 263 94 264 144 267 215 304 97 225 96 349 88 411 55 176
71 118 24 285 216 302 387 298 309 249 215 223 391 233 313 2 0;
972 0 266 48 263 94 264 144 267 216 304 98 225 97 350 94 408 67 175
75 109 29 284 216 302 387 298 309 249 216 223 391 233 314 2 0;
973 0 266 48 263 94 264 144 267 216 305 99 225 97 350 98 409 75 173
81 107 39 285 217 302 387 298 309 249 216 223 391 233 314 2 0;
974 0 266 48 263 95 264 145 267 217 305 101 225 98 350 105 411 90 171
86 100 55 285 217 302 387 298 309 249 217 223 391 233 314 2 2;
975 0 267 48 263 95 264 145 267 218 305 102 225 99 350 107 411 97 171
90 98 63 285 218 302 387 298 309 248 217 223 391 233 314 2 2;
976 0 267 48 263 95 264 145 267 218 304 103 226 99 350 112 419 108
170 97 96 78 285 219 302 387 298 310 248 218 223 391 233 314 2 2;
977 0 267 48 263 95 265 146 267 219 304 104 226 100 350 117 416 118
172 101 95 91 285 219 302 387 298 310 249 218 223 391 233 314 2 2;
978 0 267 48 263 95 265 146 267 219 304 104 226 100 349 119 415 122
171 105 95 96 285 219 302 387 298 310 249 219 223 391 233 314 2 2;
979 0 267 48 263 95 265 146 267 219 304 104 226 101 349 121 414 125
171 105 96 100 285 220 302 387 298 310 249 219 223 391 233 314 2 2
;
980 0 268 48 263 95 265 146 267 220 304 105 226 102 348 124 414 130
171 109 95 107 285 220 302 387 298 310 249 219 223 391 233 314 2 2
;
981 0 268 48 263 95 265 147 267 220 304 106 225 102 348 126 414 133
171 112 95 112 285 221 302 387 298 310 249 220 223 391 233 314 2 2
;
982 0 268 48 263 95 265 147 267 220 304 106 225 103 348 126 414 134
171 112 94 113 285 221 302 387 298 310 249 220 223 391 233 314 2 2
;
983 0 268 48 263 95 265 147 267 221 303 107 225 103 348 127 414 134
171 114 95 114 285 221 302 387 298 310 249 221 223 391 233 314 2 2
;
984 0 267 48 263 95 265 147 267 221 303 107 225 103 348 127 414 134
171 115 95 114 285 221 302 387 298 310 249 221 223 391 233 314 2 2
;
985 0 267 48 263 96 265 147 267 221 303 107 225 104 347 128 414 134
171 115 95 114 285 221 302 387 298 310 249 221 223 391 233 314 2 2
;
986 0 267 48 262 96 264 147 267 221 303 107 225 104 347 128 414 134
171 115 95 115 285 221 302 387 298 310 249 221 223 391 233 314 2 2
;
987 0 267 48 262 96 264 147 267 221 303 107 225 104 347 128 415 134
172 116 95 115 286 222 302 387 298 310 249 221 223 391 233 314 2 2
;
988 0 267 48 262 96 264 148 267 221 303 107 225 104 347 128 414 134
172 116 95 115 286 222 302 387 298 310 249 221 223 391 233 314 2 2
;
989 0 267 48 262 96 264 148 267 222 303 107 225 104 347 128 415 134
172 116 95 115 286 222 302 387 298 310 249 221 223 391 233 314 2 2
;
990 0 267 48 262 96 264 148 267 222 303 107 225 104 347 128 415 134
172 116 95 116 285 222 302 387 298 310 249 221 223 391 233 314 2 2
;
991 0 267 48 262 96 264 148 267 222 303 108 225 104 347 129 415 134
172 117 95 116 285 222 302 387 298 310 249 222 223 391 233 314 2 2
;
992 0 267 48 262 96 264 148 267 222 302 108 225 104 347 129 414 134
172 117 95 116 285 222 302 387 298 310 249 222 223 391 233 314 2 2
;
993 0 267 48 262 96 264 148 267 222 302 108 224 105 347 129 415 135
172 117 95 116 285 222 302 387 298 310 249 222 223 391 233 314 2 2
;
