510 0 268 48 263 98 265 151 268 226 302 113 226 109 337 136 326 67
191 136 193 63 287 226 302 387 298 310 250 226 224 391 234 315 1 2
;
511 0 268 48 263 98 265 151 268 226 302 113 226 109 337 136 326 68
192 134 193 63 287 226 302 387 298 310 250 226 224 391 234 315 1 2
;
512 0 268 48 263 98 265 151 268 226 302 113 226 109 338 135 326 68
191 135 193 62 287 226 302 387 298 310 250 226 224 391 234 315 1 2
;
513 0 268 48 263 98 265 151 268 226 302 113 226 109 337 136 326 68
191 135 194 62 287 226 302 387 298 310 250 226 224 391 234 315 1 2
;
514 0 268 49 263 98 265 151 268 226 302 113 226 109 337 136 326 68
191 135 194 62 287 226 302 387 299 310 250 226 224 391 234 315 1 2
;
515 0 268 49 263 98 265 151 268 226 302 113 226 109 337 136 326 67
191 135 194 62 287 226 302 387 299 310 250 226 224 391 234 315 1 2
;
516 0 268 49 263 98 265 151 268 226 302 113 226 109 337 136 326 68
191 136 194 62 287 226 302 387 299 310 250 226 224 391 234 315 1 2
;
517 0 268 49 263 98 265 151 268 226 302 113 226 109 337 136 326 68
191 136 194 62 287 226 302 387 298 310 250 226 224 391 234 315 1 2
;
518 0 268 49 263 98 265 151 268 226 302 113 226 109 337 136 326 67
191 136 194 62 287 226 302 387 298 310 250 226 224 391 234 315 1 2
;
519 0 268 49 263 98 265 151 268 226 302 113 226 109 337 136 326 67
191 134 194 62 287 226 302 387 298 310 250 226 224 391 234 315 1 2
;
520 0 268 49 263 98 265 151 268 226 302 113 226 109 337 136 326 68
191 135 194 62 287 226 302 387 298 310 250 226 224 391 234 315 1 2
;
521 0 268 49 263 98 265 151 268 226 302 113 226 109 337 136 326 68
191 135 194 62 287 226 302 387 298 310 250 226 224 391 234 315 1 2
;
522 0 268 49 263 98 265 151 268 226 302 113 226 109 337 136 326 68
191 135 193 62 287 226 302 387 298 310 250 226 224 391 234 315 1 2
;
523 0 268 49 263 98 265 151 268 226 302 113 226 109 337 136 326 68
191 135 194 62 287 226 302 387 298 310 250 226 224 391 234 315 1 2
;
524 0 268 49 263 98 265 151 268 226 302 113 226 109 337 136 326 68
191 135 194 62 287 226 302 387 298 310 250 226 224 391 234 315 1 2
;
525 0 268 49 263 98 265 151 268 226 302 113 226 109 337 136 326 68
191 135 193 62 287 226 302 387 298 310 250 226 224 391 234 315 1 2
;
526 0 268 49 263 98 265 151 268 226 302 113 226 109 337 136 326 68
191 136 194 62 287 226 302 387 299 310 250 226 224 391 234 315 1 2
;
527 0 268 49 263 98 265 151 268 226 302 113 226 109 338 135 326 68
191 136 193 62 287 226 302 387 299 310 250 226 224 391 234 315 1 2
;
528 0 268 49 263 98 265 151 268 226 302 113 226 109 337 136 326 68
191 134 194 62 287 226 302 387 299 311 250 226 224 391 234 315 1 2
;
529 0 268 49 263 98 265 151 268 226 302 113 226 109 337 136 326 68
191 135 194 62 287 226 302 387 299 311 250 226 224 391 234 315 2 2
;
530 0 268 49 263 98 265 151 268 226 302 113 226 109 337 136 326 68
191 135 194 62 287 226 302 387 299 311 250 226 224 391 234 315 2 2
;
531 0 268 49 263 98 265 151 268 226 302 113 226 109 337 136 326 68
191 135 194 62 287 226 302 387 299 311 250 226 224 391 234 315 2 2
;
532 0 268 49 263 98 265 151 268 226 302 113 226 109 337 136 326 68
191 136 194 62 287 226 302 387 299 311 250 226 224 391 234 315 1 2
;
533 0 268 49 263 98 265 151 268 226 302 113 226 109 337 136 326 68
191 136 194 62 287 226 302 387 299 311 250 226 224 391 234 315 1 2
;
534 0 268 49 263 98 265 151 268 226 302 113 226 109 337 136 326 68
191 136 194 62 287 226 302 387 299 311 250 226 224 391 234 315 1 2
;
535 0 268 49 263 98 265 151 268 226 302 113 226 109 337 136 326 68
191 136 194 62 287 226 302 387 299 311 250 226 224 391 234 315 1 2
;
536 0 268 49 263 98 265 151 268 226 302 113 226 109 337 136 326 68
192 134 194 62 287 226 302 387 299 311 250 226 224 391 234 315 1 2
;
537 0 268 49 263 98 265 151 268 226 302 113 226 109 337 136 326 68
191 135 193 62 287 226 302 387 299 311 250 226 224 391 234 315 1 2
;
538 0 268 49 263 98 265 151 268 226 302 113 226 109 337 136 326 68
191 135 194 62 287 226 302 387 299 311 250 226 224 391 234 315 1 2
;
539 0 268 49 263 98 265 151 268 226 302 113 226 109 337 136 326 68
191 136 194 62 287 226 302 387 299 311 250 226 224 391 234 315 1 2
;
540 0 268 49 263 98 265 151 268 226 302 113 226 109 337 136 326 68
191 136 194 62 287 226 302 387 299 311 250 226 224 391 234 315 1 2
;
541 0 268 49 263 98 265 151 268 226 302 113 226 109 337 136 326 68
191 136 194 62 287 226 302 387 299 311 250 226 224 391 234 315 1 2
;
542 0 268 49 263 98 265 151 268 226 302 113 226 109 337 136 326 68
191 136 194 62 287 226 302 387 299 311 250 226 224 391 234 315 1 2
;
543 0 268 49 263 98 265 151 268 226 302 113 226 109 337 136 326 68
191 136 194 62 287 226 302 387 299 311 250 226 224 391 234 315 1 2
;
544 0 268 49 263 98 265 151 268 226 302 113 226 109 337 136 326 68
191 136 194 62 287 226 302 387 299 311 250 226 224 391 234 315 1 2
;
545 0 268 49 263 98 265 151 268 226 302 113 226 109 337 136 326 68
191 136 194 62 287 226 302 387 299 311 250 226 224 391 234 315 1 2
;
546 0 268 49 263 98 265 151 269 226 302 113 226 109 337 136 326 68
191 136 194 62 287 226 302 387 299 311 250 226 224 391 234 315 1 2
;
547 0 268 49 263 98 265 151 269 226 302 113 226 109 337 136 326 68
191 136 194 62 287 226 302 387 299 311 250 226 224 391 234 315 1 2
;
548 0 268 49 263 98 265 151 269 226 302 113 226 109 337 136 326 68
191 136 194 62 287 226 302 387 299 310 250 226 224 391 234 315 1 2
;
549 0 268 49 263 98 265 151 269 226 302 113 226 109 337 136 326 68
191 136 194 62 287 226 302 387 299 310 250 226 224 391 234 315 1 2
;
550 0 268 49 263 98 265 151 269 226 302 113 226 109 337 136 326 68
191 135 194 62 287 226 302 387 299 311 250 226 224 391 234 315 2 2
;
