439 0 267 48 262 98 265 151 268 226 302 113 226 109 337 136 326 67
189 145 193 71 287 226 302 387 299 310 250 226 224 391 234 315 2 3
;
440 0 267 48 262 98 265 151 269 226 302 113 226 109 337 136 326 67
189 144 194 70 287 226 302 387 299 310 250 226 224 391 234 315 2 3
;
441 0 267 48 263 98 265 151 269 226 302 112 226 109 337 136 326 67
190 141 194 66 287 226 302 387 299 310 250 226 224 391 234 315 2 2
;
442 0 267 48 263 98 265 151 269 226 302 112 226 109 337 136 326 67
190 140 193 65 287 226 302 387 299 310 250 226 224 391 234 315 2 2
;
443 0 267 48 263 98 265 151 269 226 302 112 226 109 338 134 326 67
191 139 193 64 287 226 302 387 299 310 250 226 224 391 234 315 2 2
;
444 0 267 48 263 98 265 151 269 226 302 112 226 109 337 135 326 67
191 138 193 64 287 226 302 387 299 310 250 226 224 391 234 315 2 2
;
445 0 268 48 263 98 265 151 269 226 302 112 226 109 337 135 326 67
191 138 193 64 287 226 302 387 299 310 250 226 224 391 234 315 2 2
;
446 0 268 48 263 98 265 151 269 226 302 112 226 109 337 135 326 67
191 138 193 64 287 226 302 387 299 310 250 226 224 391 234 315 2 2
;
447 0 268 48 263 98 265 151 269 226 302 112 226 109 337 135 326 67
191 138 193 64 287 226 302 387 299 310 250 226 224 391 234 315 2 2
;
448 0 268 48 263 98 265 151 269 226 302 112 226 109 337 135 326 67
191 138 193 64 287 226 302 387 299 310 250 226 224 391 234 315 2 2
;
449 0 268 48 263 98 265 151 269 226 302 112 226 109 337 135 326 67
191 138 193 63 287 226 302 387 299 310 250 226 224 391 234 315 2 2
;
450 0 268 48 263 98 265 151 269 226 302 112 226 109 337 135 327 67
191 138 193 63 287 226 302 387 299 310 250 226 224 391 234 315 2 2
;
451 0 268 48 263 98 265 151 269 226 302 112 226 109 337 135 326 67
191 138 193 63 287 226 302 387 299 310 250 226 224 391 234 315 2 2
;
452 0 268 48 263 98 265 151 269 226 302 112 226 109 337 135 326 67
191 138 193 63 287 226 302 387 299 310 250 226 224 391 234 315 2 2
;
453 0 268 48 263 98 265 151 269 226 302 112 226 109 337 136 326 67
191 138 193 63 287 226 302 387 299 310 250 226 224 391 234 315 2 2
;
454 0 268 48 263 98 265 151 269 226 302 112 226 109 337 136 326 67
191 137 193 63 287 226 302 387 299 310 250 226 224 391 234 315 2 2
;
455 0 268 48 263 98 265 151 269 226 302 112 226 109 337 136 326 67
191 137 193 63 287 226 302 387 299 310 250 226 224 391 234 315 2 2
;
456 0 268 48 263 98 265 151 269 226 302 112 226 109 337 136 326 67
191 137 193 63 287 226 302 387 299 310 250 226 224 391 234 315 2 2
;
457 0 268 48 263 98 265 151 269 226 302 112 226 109 337 136 326 67
191 137 193 63 287 226 302 387 299 310 250 226 224 391 234 315 2 2
;
458 0 268 48 263 98 265 151 269 226 302 112 226 109 337 136 326 67
191 137 193 64 287 226 302 387 299 310 250 226 224 391 234 315 2 2
;
459 0 268 48 263 98 265 151 269 226 302 112 226 109 337 136 326 67
191 137 193 64 287 226 302 387 299 310 250 226 224 391 234 315 2 2
;
460 0 268 48 263 98 265 151 269 226 302 112 226 109 337 136 326 67
191 137 193 63 287 226 302 387 299 310 250 226 224 391 234 315 2 2
;
