178 0 302 112 301 159 297 204 292 266 331 172 265 165 342 222 340 288
256 210 240 258 307 268 293 404 301 339 277 263 251 372 249 308 0 1
;
179 0 302 111 301 159 297 204 292 266 331 172 265 164 343 221 341 288
256 210 240 266 307 268 294 404 302 340 277 263 249 384 253 322 0 1
;
180 0 302 111 301 158 297 204 292 266 331 172 265 164 343 221 341 288
256 210 239 267 307 269 294 404 302 340 277 263 249 391 255 325 0 1
;
181 0 302 111 301 158 297 204 291 266 332 171 265 164 342 221 343 287
256 210 239 269 307 268 294 405 303 340 276 263 250 399 258 336 0 1
;
182 0 302 111 301 158 296 204 291 266 332 171 265 164 342 221 343 287
256 210 239 269 306 269 294 405 303 340 276 264 250 399 259 339 0 1
;
183 0 302 111 300 158 296 204 291 266 331 172 263 164 342 221 343 286
254 210 238 270 306 269 294 404 304 340 275 264 252 404 259 343 0 1
;
184 0 301 111 299 158 295 204 290 267 331 172 262 164 341 221 344 285
253 210 237 271 305 268 294 404 304 340 274 265 254 406 260 342 0 1
;
185 0 300 111 297 158 294 204 289 267 330 171 261 164 340 220 344 285
251 210 236 271 304 268 294 404 304 340 274 265 255 406 261 341 4 1
;
186 0 299 111 296 158 293 204 288 267 330 170 259 164 340 219 343 284
250 210 235 272 304 268 294 404 304 340 273 265 256 405 261 340 4 1
;
187 0 296 110 293 158 290 204 287 267 328 170 257 164 338 219 342 284
248 211 234 273 302 268 294 404 304 340 271 266 258 405 261 339 0 1
;
188 0 292 110 290 157 288 204 285 267 325 169 254 164 336 218 341 283
246 211 232 273 300 268 293 404 304 340 270 266 258 405 260 338 4 1
;
189 0 291 110 288 157 286 204 284 267 323 169 253 164 335 217 339 282
244 212 231 273 299 268 294 404 304 340 269 266 258 405 260 338 4 1
;
190 0 287 109 286 157 284 204 283 267 321 168 250 164 332 217 337 282
242 212 230 273 298 268 294 404 303 339 268 266 258 405 260 338 0 0
;
191 0 286 109 284 157 284 204 282 267 319 168 249 164 331 216 336 282
241 212 229 274 298 268 294 404 303 339 267 266 258 405 260 338 0 0
;
192 0 283 109 282 157 282 204 281 267 317 168 247 165 329 216 334 281
239 213 228 274 297 268 294 404 303 339 266 267 258 405 259 338 0 4
;
193 0 282 109 281 157 281 204 281 267 316 168 246 165 328 216 333 281
238 213 228 274 296 268 294 404 302 339 266 267 258 405 259 338 0 4
;
194 0 279 109 279 157 280 204 280 267 314 168 243 165 326 216 332 281
237 213 227 276 295 268 294 404 302 340 265 267 258 405 258 338 0 0
;
195 0 278 109 278 157 279 204 279 267 313 167 243 165 325 216 331 281
236 214 226 277 295 268 294 404 301 340 264 267 258 405 258 338 0 0
;
196 0 276 109 277 157 278 205 278 268 312 167 241 166 324 215 331 280
234 214 226 278 294 268 294 404 300 340 263 267 258 405 257 339 0 1
;
197 0 275 109 276 157 277 205 278 268 311 167 240 166 324 215 330 280
234 214 226 278 293 268 294 404 300 340 263 268 258 405 257 339 0 1
;
198 0 274 109 275 157 276 205 277 268 309 167 239 166 322 215 330 280
233 215 225 278 292 268 294 404 300 340 262 268 258 405 256 339 0 1
;
