2000 0 301 45 298 99 300 155 302 232 339 112 259 109 371 151 374 88
236 164 220 120 320 233 335 369 331 307 283 232 272 391 271 315 2 2
;
2001 0 300 45 296 98 298 155 300 233 338 112 258 108 369 151 372 87
229 158 217 114 319 233 335 370 330 307 281 232 272 391 270 315 2 2
;
2002 0 297 44 293 98 295 155 297 233 335 111 254 108 363 160 370 87
221 155 212 100 316 234 335 370 329 309 278 233 272 391 267 315 2 2
;
2003 0 296 44 292 98 294 155 296 233 334 111 252 108 362 160 369 87
217 143 209 90 315 234 335 371 329 311 277 233 271 391 266 315 2 2
;
2004 0 294 43 289 97 291 155 294 234 331 112 250 107 360 161 367 86
211 144 206 73 313 235 337 373 329 313 275 234 271 391 264 315 2 2
;
2005 0 292 43 288 97 290 155 292 235 329 112 247 107 358 161 366 86
206 131 204 64 311 235 338 372 328 312 273 234 271 392 263 315 2 2
;
2006 0 291 43 286 97 287 155 290 235 326 112 245 106 356 161 364 86
201 125 201 48 309 235 339 373 327 313 271 235 270 393 262 316 2 2
;
2007 0 290 43 284 97 286 155 289 235 325 113 244 106 355 161 363 85
199 121 199 41 308 236 340 373 327 314 270 235 270 393 262 316 2 2
;
2008 0 288 43 283 97 285 155 287 236 323 113 242 106 353 161 362 84
196 114 197 32 307 236 340 374 326 315 268 236 270 394 261 317 2 0
;
2009 0 288 43 282 96 284 155 287 236 322 113 241 106 352 161 361 84
195 112 196 29 306 236 341 374 326 315 267 236 270 394 261 317 2 0
;
2010 0 287 43 281 96 283 155 285 236 321 113 240 105 351 161 360 84
194 108 196 26 305 237 342 375 325 315 266 236 270 394 260 318 2 0
;
2011 0 287 43 281 96 283 155 285 237 321 113 239 105 351 161 360 83
193 107 196 25 304 237 343 375 324 315 265 236 270 394 260 318 2 0
;
2012 0 286 43 280 96 282 155 284 237 321 113 239 105 350 161 360 83
193 106 196 24 304 237 343 376 323 316 265 236 270 394 260 318 2 0
;
2013 0 286 43 280 96 281 155 284 237 320 113 239 104 350 161 360 83
193 106 196 24 303 237 343 376 323 316 264 236 270 394 260 319 2 0
;
2014 0 286 43 280 96 281 155 283 237 320 113 239 104 350 160 361 82
193 105 196 25 303 237 343 376 323 317 264 237 270 394 259 319 2 0
;
2015 0 285 43 279 96 281 155 283 237 320 113 238 104 350 160 361 82
192 105 195 25 303 237 343 376 323 317 264 237 270 394 259 319 2 0
;
2016 0 285 43 279 96 281 155 283 237 320 113 239 105 350 160 362 82
193 106 193 26 303 237 342 376 323 317 264 237 270 394 259 319 2 0
;
2017 0 285 43 279 96 281 155 283 237 320 113 239 105 350 160 362 81
192 106 192 27 303 237 342 376 324 317 264 237 270 394 259 319 2 0
;
2018 0 285 43 279 96 281 155 283 237 320 113 239 105 350 160 363 81
193 109 189 29 303 237 341 375 324 317 264 236 270 394 259 319 2 0
;
2019 0 286 43 280 96 282 154 284 236 321 113 240 105 351 160 364 81
192 115 184 33 303 237 340 375 324 316 265 236 270 394 259 319 2 0
;
2020 0 286 43 280 96 282 154 285 236 321 113 240 105 351 160 364 81
192 116 181 35 304 237 338 374 325 315 266 236 270 394 259 319 2 0
;
2021 0 287 43 281 96 283 154 286 236 321 113 241 105 352 160 365 82
193 119 177 39 305 236 333 372 325 314 266 236 270 394 260 318 2 2
;
2022 0 289 43 283 96 285 154 287 235 323 113 244 105 354 160 367 82
196 123 166 50 306 236 330 372 325 313 268 235 270 394 261 318 2 2
;
2023 0 290 44 285 97 286 154 288 235 325 113 246 106 355 160 368 82
198 124 160 57 307 236 327 370 324 312 269 235 270 394 261 318 2 2
;
2024 0 293 45 288 98 289 155 290 235 327 113 247 106 359 160 370 83
201 131 150 69 309 235 325 369 324 311 272 235 270 394 263 317 2 2
;
2025 0 294 45 289 98 290 155 292 235 329 113 251 108 361 160 372 82
205 131 146 76 311 235 325 369 324 311 273 234 270 394 264 317 2 2
;
2026 0 297 47 293 99 294 156 295 234 333 114 254 110 364 159 374 83
209 133 142 87 314 235 325 370 326 310 277 234 271 394 266 317 2 2
;
2027 0 300 48 297 100 298 156 299 234 337 113 257 112 367 159 376 84
214 143 140 99 318 234 324 369 327 309 281 233 271 393 268 316 2 2
;
2028 0 302 49 299 101 300 156 301 233 339 114 259 112 369 159 377 85
215 143 141 104 319 234 324 369 328 309 283 233 272 393 270 315 2 2
;
2029 0 305 51 302 102 303 157 304 233 342 114 263 114 372 160 378 87
219 146 144 116 323 234 323 370 329 309 286 232 272 392 274 315 2 0
;
2030 0 306 52 304 103 305 157 306 232 344 114 265 115 373 160 379 88
222 147 147 122 325 233 323 371 330 309 288 232 273 392 277 315 2 4
;
2031 0 310 53 307 105 308 158 310 232 347 116 269 116 376 161 380 90
227 149 154 134 328 233 322 369 332 308 292 232 274 392 281 314 2 4
;
2032 0 311 54 309 105 310 159 312 232 349 116 271 117 377 161 381 91
230 150 157 140 331 232 323 370 333 307 294 231 274 393 283 314 2 4
;
2033 0 314 56 312 107 314 160 317 232 352 117 274 118 380 160 383 92
235 152 163 152 335 232 323 370 335 307 299 231 275 393 287 314 2 4
;
2034 0 316 57 314 108 316 160 319 232 353 117 276 119 382 161 384 93
238 154 167 157 337 232 323 370 337 307 301 231 275 394 290 314 2 0
;
2035 0 318 59 316 109 319 161 322 231 356 118 279 121 385 162 385 95
242 159 172 164 340 232 323 370 339 306 304 231 275 394 294 313 2 4
;
2036 0 319 59 318 110 320 161 323 231 357 118 280 121 385 162 386 96
243 160 174 167 341 232 324 370 340 305 305 231 276 395 296 313 2 4
;
2037 0 321 61 320 111 322 162 325 231 358 119 283 122 386 162 388 98
248 163 180 170 342 232 324 369 342 304 307 231 276 394 297 313 2 0
;
2038 0 322 61 320 111 322 162 325 231 359 119 284 123 389 154 389 99
250 164 182 171 343 231 324 369 343 304 308 231 276 393 297 313 2 0
;
2039 0 323 62 321 112 323 162 326 231 360 120 285 123 390 155 390 101
253 166 186 174 344 231 325 369 343 304 309 231 276 393 297 313 2 2
;
2040 0 324 63 322 112 324 163 327 231 360 120 286 123 390 155 391 103
254 166 188 175 344 231 325 370 343 304 309 231 276 393 297 312 2 2
;
2041 0 325 63 323 113 325 163 327 231 360 120 287 124 389 156 393 106
258 166 192 177 345 231 325 370 343 304 310 231 276 393 297 312 2 0
;
2042 0 325 64 323 113 325 163 328 231 361 121 288 124 388 158 394 108
259 167 193 178 345 231 325 371 343 304 310 231 276 394 297 312 2 0
;
2043 0 326 65 324 113 326 164 328 231 362 122 289 124 387 159 395 112
259 167 197 179 345 232 326 369 344 303 311 231 276 393 298 312 2 2
;
2044 0 327 65 324 114 326 164 329 232 362 122 289 124 385 160 396 115
260 167 198 179 346 232 326 369 344 303 312 231 276 394 298 312 2 2
;
2045 0 328 65 325 114 327 164 329 232 362 122 290 124 384 162 397 121
261 167 202 178 346 232 325 369 344 304 312 232 276 393 298 312 2 2
;
2046 0 328 65 325 114 327 164 329 232 362 123 290 124 383 162 397 124
262 168 205 178 346 232 325 370 345 304 312 232 275 394 298 312 2 2
;
2047 0 329 66 326 114 327 165 329 232 363 123 291 124 381 163 397 128
264 167 213 178 346 232 325 369 345 304 313 232 275 394 298 312 2 2
;
2048 0 329 66 326 115 327 165 330 232 363 123 291 124 381 164 397 130
265 167 219 179 347 232 325 369 345 304 313 232 275 393 298 312 2 2
;
2049 0 330 66 326 115 328 165 330 232 363 124 291 124 380 164 397 131
268 167 234 181 347 232 325 370 345 304 313 232 275 393 298 312 2 2
;
2050 0 330 66 326 115 328 165 330 232 363 124 292 124 380 165 397 131
270 166 243 182 347 232 325 371 345 304 313 232 275 392 298 312 2 2
;
2051 0 331 66 327 115 328 165 330 232 363 124 292 124 380 165 397 130
272 162 264 183 347 232 325 371 345 304 313 232 275 392 298 312 2 0
;
2052 0 331 66 327 115 328 165 330 232 363 124 292 124 380 165 396 130
273 162 275 183 347 232 325 370 345 304 313 232 275 392 298 312 2 0
;
2053 0 331 66 327 115 328 165 330 232 363 124 293 124 380 165 396 128
273 162 295 181 347 232 326 369 345 304 313 232 275 392 298 312 2 0
;
2054 0 331 66 327 115 328 165 330 232 363 124 293 123 380 165 395 128
273 164 303 180 347 232 325 370 345 304 314 232 275 392 298 312 2 0
;
2055 0 331 66 327 115 328 165 330 232 363 124 293 123 380 165 395 126
276 166 314 179 347 232 325 371 345 304 314 232 275 392 298 312 2 0
;
2056 0 332 66 327 114 328 164 330 232 363 124 293 123 380 165 394 126
277 166 317 178 347 232 325 371 345 304 314 232 275 392 298 312 2 0
;
2057 0 332 66 327 114 328 164 330 231 363 124 293 123 380 165 394 125
276 167 318 177 346 232 325 371 345 304 314 231 275 393 298 313 2 0
;
2058 0 332 65 327 114 328 164 330 231 363 124 293 123 381 165 394 124
276 167 317 177 346 232 325 371 345 304 314 231 275 392 298 313 2 0
;
2059 0 332 64 327 113 328 163 330 231 363 123 292 122 381 164 394 124
275 167 316 177 346 231 325 371 345 304 314 231 275 392 298 313 2 0
;
2060 0 331 64 327 113 328 163 330 231 363 123 292 122 381 164 395 124
274 166 314 177 346 231 325 371 345 305 313 231 275 393 298 313 2 0
;
2061 0 331 63 326 112 327 163 329 231 363 122 292 121 381 163 394 123
272 165 307 177 346 231 325 370 345 305 312 231 275 393 298 313 2 0
;
2062 0 331 63 326 111 327 162 329 231 363 121 291 120 381 163 394 123
271 165 302 178 346 232 325 370 344 305 312 231 275 393 297 313 2 0
;
2063 0 330 61 325 111 326 162 328 231 362 120 291 120 380 162 394 121
268 162 289 179 345 232 325 370 343 305 311 231 275 393 296 314 2 0
;
2064 0 330 61 325 110 326 162 327 231 362 120 290 119 380 162 394 121
267 160 282 179 344 232 325 370 343 305 310 231 275 393 296 314 2 0
;
2065 0 329 59 324 109 325 161 326 232 361 119 288 118 379 161 393 119
266 158 258 179 343 232 324 370 342 306 309 231 275 393 295 314 2 0
;
2066 0 328 59 323 109 324 161 325 232 361 118 287 118 379 161 392 118
265 158 247 179 342 232 324 370 342 306 308 231 275 393 293 314 2 0
;
2067 0 326 57 322 107 322 160 323 232 359 117 285 117 378 161 390 117
261 160 227 178 341 232 324 370 340 307 305 231 274 393 290 315 2 2
;
2068 0 325 56 321 107 321 160 322 231 358 117 283 116 377 160 389 117
259 160 219 178 339 232 324 371 339 307 304 231 274 394 289 315 2 2
;
2069 0 323 54 319 105 319 159 319 231 356 116 281 115 375 159 386 116
254 160 209 177 337 232 324 371 337 307 302 230 274 394 287 314 2 0
;
2070 0 322 53 317 105 317 158 318 231 355 115 279 114 374 159 385 115
252 160 205 177 336 232 324 371 336 306 300 230 273 394 285 314 2 2
;
2071 0 319 52 314 103 314 157 315 231 352 113 275 113 371 158 381 113
249 159 200 176 333 231 324 370 334 305 297 230 273 393 283 313 2 2
;
2072 0 317 51 313 102 313 157 313 231 350 113 274 112 370 158 379 112
247 159 198 176 331 231 324 370 334 305 295 230 273 393 282 313 2 2
;
2073 0 314 49 309 101 309 156 310 231 347 112 270 111 367 157 375 110
243 158 193 175 328 231 324 369 332 305 292 230 273 391 279 313 2 0
;
2074 0 312 48 308 101 308 156 308 231 345 111 268 111 366 157 373 109
241 158 191 173 327 232 324 369 331 305 290 230 273 390 278 313 2 2
;
2075 0 308 47 304 100 304 155 305 231 343 111 264 110 363 156 369 108
236 157 186 170 323 232 324 369 329 304 286 230 272 388 274 314 2 2
;
2076 0 306 46 302 99 302 155 303 231 339 110 263 109 362 155 367 107
233 155 183 168 322 232 324 369 328 304 285 230 272 388 273 314 2 2
;
2077 0 302 45 298 98 299 155 300 231 336 110 258 108 358 155 364 106
229 153 179 162 319 232 324 368 326 304 281 231 271 387 270 313 2 2
;
2078 0 300 44 296 98 297 154 298 232 335 109 257 108 357 155 363 105
226 151 176 158 317 232 324 367 325 304 280 231 271 387 268 313 2 2
;
2079 0 296 43 292 97 294 154 296 232 332 109 253 107 354 155 360 103
223 150 171 150 314 233 323 368 323 305 277 232 271 389 265 313 2 2
;
2080 0 295 43 291 97 292 154 294 232 330 109 251 107 353 155 359 102
220 148 169 147 313 233 323 367 323 306 275 232 270 389 264 313 2 2
;
2081 0 292 42 287 96 289 154 291 233 328 109 248 107 351 155 357 99
217 147 167 143 310 233 324 368 322 307 272 233 270 391 262 313 2 2
;
2082 0 291 42 286 96 288 154 290 233 327 109 247 106 351 155 356 95
216 147 167 143 309 234 325 369 322 308 271 233 270 391 262 314 2 2
;
2083 0 288 42 283 96 285 154 288 234 326 110 244 106 353 153 354 83
213 146 167 145 307 234 326 369 322 309 269 234 270 392 260 315 2 2
;
2084 0 288 42 282 96 284 154 287 234 324 111 243 106 354 153 353 75
211 146 165 147 306 235 328 371 321 310 268 234 270 392 260 315 2 2
;
2085 0 286 42 281 96 282 154 285 235 323 111 242 106 364 141 349 61
210 146 164 151 304 235 328 371 320 311 266 235 270 393 259 316 2 2
;
2086 0 286 42 280 96 282 154 284 235 322 111 241 106 361 147 348 56
209 146 163 152 303 235 328 371 320 311 265 235 270 393 259 316 2 2
;
2087 0 285 42 279 96 281 154 283 235 322 111 240 106 362 145 346 52
208 147 163 154 302 236 329 372 319 312 263 235 270 393 258 317 2 2
;
2088 0 284 42 278 96 280 155 282 236 321 111 239 106 363 143 344 51
208 147 162 154 301 236 330 372 318 312 262 235 269 393 258 317 2 2
;
2089 0 284 42 278 96 279 155 281 236 321 111 239 106 363 143 345 52
208 147 162 154 301 236 330 373 317 313 262 235 269 394 258 317 2 2
;
2090 0 283 42 278 96 279 155 281 236 321 111 239 106 362 142 346 56
208 147 163 153 300 236 331 373 317 313 261 236 269 394 257 318 2 2
;
2091 0 283 42 278 96 279 155 281 236 321 112 238 106 361 144 347 59
208 147 163 152 300 236 331 373 317 313 261 236 269 394 257 318 2 2
;
2092 0 283 42 278 96 279 155 281 236 321 112 238 106 358 148 348 64
208 148 164 148 300 237 331 373 317 313 261 236 269 394 257 318 2 2
;
2093 0 283 42 278 96 279 155 281 236 321 112 239 106 353 153 350 69
208 148 164 146 300 236 331 373 317 313 261 236 269 394 256 318 2 2
;
2094 0 284 42 278 96 279 155 281 236 322 112 239 106 350 159 354 81
209 148 166 142 301 236 331 373 318 313 262 235 269 394 257 318 2 2
;
2095 0 284 42 279 97 280 155 282 236 322 112 240 107 350 155 358 90
210 149 168 140 301 236 331 373 319 313 263 235 269 394 257 318 2 2
;
2096 0 286 43 281 97 282 155 283 236 323 112 242 107 347 158 365 113
212 149 172 135 302 236 331 373 320 313 264 235 269 394 257 318 2 2
;
2097 0 287 43 282 97 283 155 285 235 323 112 243 107 345 159 368 127
214 149 174 133 304 236 331 373 321 313 266 235 269 394 257 317 2 2
;
2098 0 290 44 284 98 285 155 287 235 325 112 246 108 344 169 375 155
217 151 180 129 306 235 330 372 323 312 268 234 269 393 258 315 2 2
;
2099 0 291 45 286 98 287 155 288 235 327 113 247 108 344 168 378 168
218 152 183 127 307 235 329 372 323 311 270 234 269 393 259 314 2 2
;
2100 0 294 46 289 99 290 155 292 234 330 113 251 109 346 167 381 190
220 149 189 121 310 234 328 370 325 310 273 233 269 392 261 313 2 2
;
2101 0 296 47 291 99 292 156 294 234 332 114 253 110 348 166 382 197
224 151 193 119 312 234 328 371 326 309 275 233 270 392 263 313 2 2
;
2102 0 300 48 295 100 296 156 297 233 336 114 257 110 352 162 381 209
227 151 201 114 316 234 328 371 328 308 279 233 270 390 266 313 2 2
;
2103 0 302 49 297 101 298 156 299 233 337 114 259 111 353 162 381 213
228 151 205 111 318 233 327 369 329 308 281 232 271 390 267 313 2 2
;
2104 0 305 50 301 102 302 157 303 233 341 115 263 112 356 162 382 219
235 153 213 107 322 233 327 369 331 306 285 232 271 389 271 314 2 2
;
2105 0 307 51 303 103 304 157 305 233 343 115 265 113 359 162 382 220
237 153 218 105 323 233 327 370 332 306 287 232 272 391 273 315 2 2
;
2106 0 311 52 307 104 308 158 309 232 347 116 270 114 362 162 383 222
240 151 226 103 327 233 326 371 335 306 291 232 273 392 278 315 0 2
;
2107 0 313 53 309 104 310 158 311 232 349 116 272 115 364 163 384 222
242 150 230 102 329 233 326 371 336 306 293 232 273 392 279 314 0 2
;
2108 0 316 55 313 106 314 159 315 233 352 117 276 116 367 163 385 222
247 154 237 102 334 233 325 371 338 306 297 232 274 393 283 315 2 2
;
2109 0 318 56 315 107 316 160 317 233 353 118 277 117 369 163 386 222
249 152 240 103 335 233 325 370 339 305 299 232 274 393 285 315 2 2
;
2110 0 321 58 318 108 319 160 321 233 356 119 281 118 371 164 387 222
252 151 246 105 339 233 325 370 341 306 303 232 274 394 289 316 2 2
;
2111 0 322 59 319 109 320 161 322 233 357 119 282 119 373 164 388 222
254 152 248 105 340 233 325 370 342 307 305 233 275 395 291 317 2 2
;
2112 0 324 60 321 109 322 161 325 233 359 120 285 119 374 165 390 221
256 153 251 107 342 233 325 370 343 307 307 233 275 395 294 316 2 2
;
2113 0 325 60 322 110 323 162 325 233 359 120 286 120 375 165 390 221
258 153 252 108 343 233 326 370 344 307 308 233 275 395 294 316 0 2
;
2114 0 326 61 323 110 325 162 327 233 360 121 287 120 376 165 391 220
259 154 253 110 344 233 326 370 344 307 309 233 275 394 295 315 2 2
;
2115 0 327 61 324 110 325 162 327 233 361 121 288 120 376 165 391 220
260 154 253 111 345 233 326 369 345 307 310 232 275 394 296 315 2 2
;
2116 0 327 62 324 111 326 162 328 232 362 121 288 121 377 165 390 216
261 154 251 114 345 233 326 369 345 306 310 232 275 394 296 315 2 2
;
2117 0 328 62 324 111 326 162 328 232 362 121 289 121 378 165 389 213
261 154 250 115 345 232 327 368 345 306 310 232 275 393 296 315 2 2
;
2118 0 328 62 325 111 326 162 328 232 362 122 289 121 378 165 390 206
261 155 247 119 345 232 327 368 345 306 311 232 275 393 296 315 0 2
;
2119 0 328 62 325 111 326 162 328 232 362 122 289 121 379 165 391 201
261 159 245 121 345 232 327 368 345 306 311 232 275 393 296 314 0 2
;
2120 0 328 62 325 111 326 162 328 232 362 122 289 121 381 164 392 186
261 160 240 126 345 232 327 368 345 306 311 232 275 393 296 314 2 2
;
2121 0 328 62 325 111 326 162 328 232 362 122 289 121 382 163 392 177
261 160 237 128 345 232 327 368 345 305 311 232 275 393 296 314 2 2
;
2122 0 328 62 324 111 326 162 328 232 362 121 289 121 382 163 391 159
261 156 231 134 345 232 327 368 345 305 310 232 275 393 296 314 2 2
;
2123 0 327 62 324 111 325 162 327 232 361 121 288 121 379 164 390 149
261 161 228 137 345 232 327 369 345 305 310 232 275 393 295 314 2 2
;
2124 0 326 61 323 110 324 162 326 232 360 120 287 120 379 162 388 133
261 161 221 144 344 232 327 369 344 305 309 232 275 393 295 314 2 2
;
2125 0 326 61 322 110 324 162 325 232 359 120 286 120 382 157 387 126
260 161 218 147 343 232 327 369 344 306 308 232 275 393 294 314 2 2
;
2126 0 324 59 320 109 321 161 323 232 357 120 284 119 383 156 384 113
258 160 212 152 340 232 327 369 343 306 305 232 274 394 292 314 2 2
;
2127 0 323 59 320 108 320 161 321 232 356 120 283 119 384 156 383 108
257 160 208 155 339 233 327 369 342 306 304 232 274 394 291 315 2 2
;
2128 0 320 57 317 107 318 160 319 232 355 119 280 117 385 152 380 100
254 161 200 159 336 233 325 369 340 305 301 231 274 395 288 315 2 2
;
2129 0 319 56 316 106 316 159 317 232 354 119 279 117 385 151 379 97
252 160 195 160 335 233 325 368 338 305 299 231 274 395 286 314 2 2
;
2130 0 316 54 313 105 313 158 313 232 352 117 275 116 385 149 376 90
249 159 187 162 331 232 325 369 335 304 295 231 274 394 283 314 2 2
;
2131 0 314 53 311 104 311 158 312 231 351 116 273 115 384 149 374 88
246 159 182 163 330 232 325 369 334 304 294 231 274 391 282 313 2 2
;
2132 0 310 51 308 103 308 157 308 231 348 115 270 114 382 148 371 83
240 158 173 165 327 232 325 369 332 305 290 230 273 390 279 312 2 2
;
2133 0 309 51 306 102 306 156 307 231 347 114 268 113 382 146 369 81
237 158 169 167 325 232 325 369 331 305 289 230 273 388 277 312 2 2
;
2134 0 305 49 303 101 303 156 304 231 344 114 263 111 380 145 366 76
233 157 163 171 323 232 325 369 329 304 286 230 273 387 273 313 2 2
;
2135 0 303 48 301 100 302 155 303 231 342 113 261 111 378 144 364 73
230 157 160 174 321 232 324 368 328 304 284 230 272 387 272 313 2 2
;
2136 0 299 47 297 99 298 155 300 232 339 113 258 110 368 153 360 70
225 157 155 180 319 233 324 367 327 304 281 231 272 387 270 313 2 2
;
2137 0 297 46 295 98 296 155 298 232 337 112 255 110 368 153 358 68
224 157 152 183 317 233 324 367 326 304 279 231 272 387 269 312 2 2
;
2138 0 293 45 292 98 294 154 295 232 335 112 251 110 365 153 355 67
220 158 148 187 314 233 325 366 325 305 277 232 271 388 267 312 2 2
;
2139 0 291 44 292 98 293 154 294 233 334 112 251 110 364 153 353 66
219 159 147 189 313 233 325 366 324 305 275 232 271 389 265 312 2 0
;
2140 0 288 43 286 97 288 154 291 233 328 111 246 109 361 153 350 66
216 159 145 191 310 234 327 368 324 307 272 233 270 390 263 312 2 0
;
2141 0 287 43 285 97 287 154 290 234 327 111 244 109 359 153 348 65
214 159 144 192 309 234 327 369 323 308 271 233 270 390 262 313 2 0
;
2142 0 284 42 282 96 285 154 288 234 326 111 242 108 357 153 346 65
213 158 145 194 307 234 329 370 323 309 269 234 270 391 261 314 2 2
;
2143 0 283 42 281 96 283 154 287 235 324 111 240 108 356 153 346 64
208 156 146 195 306 235 329 370 322 309 267 234 270 391 260 315 2 0
;
2144 0 282 42 279 96 282 154 285 235 322 110 239 108 355 153 344 64
209 157 149 198 304 235 329 371 321 310 265 235 270 391 260 316 2 0
;
2145 0 281 41 279 96 281 154 284 235 321 110 238 108 354 153 344 64
209 158 151 200 303 235 329 371 320 311 265 235 270 392 259 316 2 0
;
2146 0 280 41 277 96 279 155 283 236 320 110 236 108 353 153 344 64
210 159 156 204 302 236 330 371 319 312 263 235 270 392 258 317 2 0
;
2147 0 279 41 277 96 279 155 281 236 319 111 236 108 353 153 344 64
210 160 161 208 301 236 330 371 318 312 262 236 270 393 257 318 2 0
;
2148 0 279 41 276 96 278 155 281 236 319 111 235 108 353 153 344 64
209 159 165 209 301 236 330 371 318 312 262 236 270 393 257 318 2 0
;
2149 0 279 41 276 96 278 155 281 236 319 111 235 108 352 153 344 65
209 159 172 211 300 237 330 371 317 313 261 236 270 393 257 319 2 2
;
2150 0 278 41 276 96 278 155 281 236 319 111 235 108 352 153 344 64
209 158 176 212 300 237 330 371 317 313 261 236 269 393 257 319 2 2
;
2151 0 278 41 276 96 278 155 281 236 319 111 235 108 352 153 345 65
209 158 180 212 300 237 330 371 317 313 261 236 269 393 257 319 2 2
;
2152 0 279 41 276 96 278 155 281 236 319 111 235 108 352 154 346 66
211 158 187 212 300 237 330 371 317 313 261 236 269 393 257 319 2 2
;
2153 0 279 41 276 96 278 155 281 236 321 111 237 108 351 156 348 67
213 158 191 212 300 237 330 371 318 313 261 236 269 392 257 319 2 2
;
2154 0 280 42 277 96 279 155 282 236 322 111 238 108 357 148 351 71
215 157 198 211 301 236 331 372 319 313 262 236 269 392 257 319 2 2
;
2155 0 281 42 277 96 280 155 283 236 323 111 239 108 357 148 353 73
217 157 202 210 302 236 331 372 321 313 264 236 269 392 257 319 2 2
;
2156 0 283 43 280 97 282 155 285 236 324 111 240 109 357 150 356 78
220 157 209 209 304 236 330 371 323 312 266 235 269 392 258 318 2 0
;
2157 0 285 44 280 97 283 155 288 235 325 111 241 109 357 151 360 83
224 158 216 206 307 235 330 370 325 310 269 235 269 392 259 317 2 0
;
2158 0 287 44 284 98 286 155 289 235 326 112 244 110 357 152 362 85
225 159 221 204 308 235 329 370 325 310 271 235 270 392 260 317 2 0
;
2159 0 290 45 287 99 290 155 293 234 329 112 247 111 358 153 365 90
229 159 227 201 312 234 329 369 326 309 274 234 270 392 263 316 2 0
;
2160 0 292 46 289 99 291 155 295 234 329 112 249 111 358 154 366 91
231 159 230 198 314 234 328 369 327 308 276 234 271 393 265 316 2 0
;
2161 0 295 47 293 100 295 156 299 233 334 113 253 112 360 155 368 93
234 159 236 196 317 234 327 368 329 307 280 233 271 393 268 316 2 0
;
2162 0 297 48 294 100 297 156 300 233 335 113 255 112 361 155 369 93
237 160 238 193 319 233 327 367 330 307 282 233 271 393 270 316 2 0
;
2163 0 300 49 298 101 300 156 304 233 339 113 260 114 365 155 372 95
240 160 240 188 322 233 328 368 331 306 285 232 272 393 273 316 2 0
;
2164 0 302 50 300 102 302 156 305 233 340 114 261 114 366 155 373 96
243 160 242 184 324 233 328 369 332 306 287 232 272 393 275 316 2 0
;
2165 0 305 51 303 103 305 157 308 232 343 114 265 115 368 156 376 100
246 160 242 177 327 232 326 367 335 306 290 232 273 394 278 316 2 0
;
2166 0 307 52 305 103 307 157 310 232 345 114 267 115 369 156 377 103
249 161 241 173 329 232 326 368 336 306 292 232 273 394 280 316 2 0
;
2167 0 308 53 306 104 309 158 312 232 346 115 269 116 370 156 379 106
249 160 242 170 331 232 326 369 337 306 294 232 274 394 282 317 2 0
;
2168 0 311 55 310 105 312 159 316 232 348 115 273 117 372 157 382 114
252 160 242 163 334 232 325 370 339 306 297 232 274 394 285 317 2 2
;
2169 0 314 56 312 107 315 159 319 232 351 116 276 118 373 157 385 121
264 165 242 158 337 232 325 371 341 307 301 232 274 395 288 318 2 2
;
2170 0 315 57 314 107 317 160 321 232 352 116 278 118 374 158 385 124
265 165 243 157 339 232 325 371 341 307 303 232 275 395 290 318 2 2
;
2171 0 318 58 316 108 319 161 324 232 354 117 280 119 375 159 385 129
266 166 243 155 341 232 326 371 343 308 306 232 275 394 293 317 2 2
;
2172 0 319 59 317 109 320 161 325 232 355 118 281 120 372 161 385 131
267 167 243 155 343 232 326 371 344 308 307 233 275 394 294 317 2 2
;
2173 0 321 60 319 110 322 162 326 233 356 119 283 120 373 162 385 138
270 169 243 157 344 232 326 371 345 308 309 233 275 393 296 317 2 2
;
2174 0 321 61 320 110 323 162 327 233 357 119 284 121 373 162 386 140
269 169 243 157 345 232 326 370 345 308 310 233 275 393 296 316 2 2
;
2175 0 323 62 321 111 324 162 328 232 358 120 285 121 373 164 387 145
270 170 242 158 345 232 326 370 345 307 311 233 275 392 297 316 2 2
;
2176 0 323 62 321 111 324 163 328 232 358 120 286 121 373 164 387 148
270 170 242 159 346 232 326 370 345 307 311 232 275 392 297 315 2 2
;
2177 0 324 62 322 112 325 163 328 232 359 121 287 122 373 164 389 153
271 170 239 159 346 232 326 370 345 307 311 232 275 392 297 315 2 2
;
2178 0 324 63 322 112 325 163 329 232 359 121 287 122 374 164 390 157
271 170 237 159 346 232 326 370 345 307 312 233 275 392 297 315 2 2
;
2179 0 325 63 323 112 325 163 329 232 360 121 287 122 377 163 391 165
270 170 234 159 346 232 326 370 345 306 312 233 275 392 297 314 2 2
;
2180 0 325 63 323 112 325 163 329 232 360 121 288 122 378 162 391 169
270 171 232 159 346 232 326 369 346 306 312 233 275 392 297 314 2 2
;
2181 0 325 63 323 112 326 163 329 232 360 122 288 123 380 162 392 177
269 170 227 158 346 232 327 368 346 306 312 233 275 392 297 314 2 2
;
2182 0 325 63 323 112 326 163 329 232 360 122 288 123 380 162 391 179
268 170 225 159 347 232 326 369 346 305 312 233 275 392 297 314 2 2
;
2183 0 325 63 323 112 326 163 329 232 361 122 288 123 380 162 391 177
266 169 219 159 346 232 327 368 346 305 312 233 275 392 297 314 2 2
;
2184 0 325 63 323 112 326 163 329 232 361 122 288 122 380 162 390 175
266 168 215 160 346 232 327 368 346 305 312 233 275 392 297 314 2 2
;
2185 0 325 63 323 112 325 163 329 232 361 122 287 122 380 162 391 167
260 161 210 162 346 232 327 368 346 305 312 233 275 392 297 314 2 2
;
2186 0 325 62 323 112 325 163 328 232 361 121 287 122 373 175 392 161
261 165 208 164 345 232 327 368 345 305 311 232 275 392 297 314 2 2
;
2187 0 325 61 322 111 324 162 327 232 360 121 286 121 376 163 393 149
261 165 205 169 344 232 327 369 345 305 310 232 275 392 296 314 2 2
;
2188 0 325 61 322 110 323 162 326 232 360 120 285 120 376 163 393 143
261 165 204 172 344 232 326 369 344 305 309 232 274 392 296 314 2 2
;
2189 0 323 59 320 109 322 161 324 232 358 119 283 119 380 160 392 129
259 166 203 179 342 232 327 369 343 306 307 232 274 393 294 314 2 2
;
2190 0 322 58 320 108 321 160 323 232 358 118 282 119 382 158 391 123
259 166 202 183 341 232 326 369 342 306 305 231 274 393 293 315 2 2
;
2191 0 320 57 317 107 319 159 320 231 357 117 280 118 383 156 388 112
258 166 204 191 339 232 326 369 340 306 303 231 275 394 290 315 2 2
;
2192 0 318 56 316 106 317 159 319 231 355 117 278 117 384 155 386 107
258 166 206 195 337 232 325 370 339 307 301 231 275 395 289 316 2 2
;
2193 0 316 54 313 105 314 158 316 231 353 115 275 116 384 153 382 98
256 166 210 201 334 231 326 369 337 305 298 230 275 394 286 314 2 2
;
2194 0 314 53 312 104 313 157 314 231 352 115 274 115 383 151 379 95
255 166 214 204 333 231 326 369 336 305 296 230 275 394 285 315 2 2
;
2195 0 310 51 308 102 309 156 311 231 349 113 270 114 381 150 375 90
250 161 222 207 330 231 326 369 334 305 293 230 274 393 283 315 2 0
;
2196 0 308 50 306 102 308 156 310 231 348 113 268 113 380 149 373 88
249 161 226 208 328 231 325 369 334 305 292 230 274 393 282 315 2 0
;
2197 0 305 49 303 100 305 155 307 231 345 111 264 113 377 148 369 85
247 159 233 209 326 231 325 370 332 305 289 230 274 392 279 316 2 0
;
2198 0 303 48 303 100 304 155 306 231 344 111 263 112 376 148 367 84
245 159 236 209 325 231 325 370 331 305 287 230 274 392 278 316 2 0
;
2199 0 299 47 297 99 300 154 303 231 338 110 258 111 373 146 364 81
239 158 242 208 322 231 325 369 329 305 285 231 273 392 275 316 2 0
;
2200 0 297 46 295 98 298 154 302 231 337 110 255 111 372 145 362 79
236 168 243 211 320 231 325 368 328 304 283 231 273 392 273 316 2 0
;
2201 0 293 45 292 97 295 154 299 231 335 110 252 110 370 145 358 76
233 158 246 207 318 231 325 367 327 304 280 231 272 391 271 315 2 0
;
2202 0 290 44 288 97 291 154 296 232 331 109 249 110 363 154 353 71
231 158 248 207 315 232 326 366 326 305 277 232 271 390 268 315 2 0
;
2203 0 288 44 287 97 290 154 295 232 328 110 245 109 362 154 351 70
229 158 249 207 313 232 327 368 326 305 276 232 271 390 267 315 2 0
;
2204 0 286 43 285 96 289 154 293 232 327 110 244 109 361 153 349 69
227 158 249 207 312 232 328 369 326 306 275 233 271 390 266 315 2 0
;
2205 0 283 43 282 96 286 153 291 233 325 110 241 109 359 151 346 67
223 158 248 208 310 232 329 369 326 307 273 233 270 390 264 315 2 0
;
2206 0 280 42 279 96 283 153 289 233 325 110 238 108 357 151 344 67
221 158 245 209 308 233 329 370 325 308 271 233 271 391 263 314 2 0
;
2207 0 279 42 278 96 282 154 288 233 320 110 237 108 356 151 343 66
219 158 243 210 307 233 330 370 325 308 270 234 271 391 263 314 2 0
;
2208 0 277 42 276 96 280 154 287 234 318 110 234 108 354 152 342 67
217 158 240 212 306 233 330 371 323 309 268 234 271 391 262 316 2 0
;
2209 0 276 42 275 96 279 154 286 234 317 110 233 108 353 153 341 68
216 158 238 213 305 234 330 371 323 310 267 235 271 391 261 316 2 0
;
2210 0 275 42 274 96 278 154 285 235 316 110 232 108 352 153 341 69
215 159 237 213 304 234 330 371 322 310 266 235 271 392 261 317 2 0
;
2211 0 274 42 273 96 277 154 284 235 315 110 231 109 350 155 340 70
214 159 234 215 303 234 330 371 321 311 264 235 270 393 261 317 2 0
;
2212 0 272 42 272 96 276 154 282 235 314 110 230 109 349 155 339 70
212 159 232 216 302 235 330 372 320 312 263 236 270 393 260 318 2 2
;
2213 0 272 42 271 96 276 154 282 235 313 110 229 109 348 155 339 70
212 159 232 216 301 235 330 372 319 312 263 236 270 393 260 318 2 0
;
2214 0 272 41 270 96 275 154 281 236 313 110 229 109 348 156 339 70
212 159 228 217 300 235 331 372 319 312 262 236 270 393 259 318 2 0
;
2215 0 271 41 270 96 275 154 281 236 313 110 229 109 347 156 340 70
211 159 226 217 300 235 331 372 319 312 261 236 270 393 259 319 2 0
;
2216 0 271 41 270 96 274 154 280 236 313 110 229 109 347 156 341 70
210 159 221 217 300 235 331 372 318 312 261 236 270 393 258 319 2 0
;
2217 0 271 41 270 96 274 154 280 236 313 110 229 109 347 156 342 70
210 159 217 216 300 235 331 372 318 312 261 236 270 393 258 319 2 0
;
2218 0 271 41 270 96 274 154 280 236 313 110 229 109 347 156 342 70
209 159 213 216 300 235 331 372 318 312 261 236 270 393 258 319 2 0
;
2219 0 271 41 271 96 274 154 280 236 313 111 229 109 347 156 343 70
209 158 203 217 299 236 332 372 318 313 261 236 270 393 258 319 2 0
;
2220 0 271 41 272 96 275 154 280 236 313 111 229 109 347 156 344 69
208 158 198 216 299 236 332 372 318 313 260 236 270 393 258 319 2 2
;
2221 0 271 41 272 96 275 154 280 236 313 111 229 109 348 156 346 69
207 157 185 215 299 236 332 372 318 313 261 236 270 393 258 319 2 2
;
2222 0 272 41 272 96 275 154 280 236 313 111 230 109 349 155 348 69
205 158 172 212 300 236 332 372 319 313 261 236 270 393 258 319 2 2
;
2223 0 273 42 273 96 276 154 281 236 313 111 230 109 350 155 349 69
204 158 166 211 300 236 332 372 319 312 261 236 270 393 258 319 2 2
;
2224 0 275 42 274 96 277 154 282 236 314 111 231 109 352 155 350 69
203 158 154 207 301 236 332 372 320 312 262 236 270 393 259 318 2 0
;
2225 0 276 42 274 96 278 155 282 236 314 111 231 109 352 155 351 69
202 157 149 205 302 236 332 372 321 312 263 236 270 393 259 318 2 0
;
2226 0 278 42 276 96 279 155 284 236 317 112 235 109 354 155 353 70
201 157 142 200 303 236 332 371 322 312 265 236 270 393 260 318 2 0
;
2227 0 279 43 277 97 281 155 285 236 318 112 237 109 360 143 354 69
201 156 139 198 304 235 332 371 323 311 266 236 270 393 260 317 2 0
;
2228 0 282 43 280 97 283 155 287 235 321 113 239 109 363 143 356 69
200 154 133 193 307 235 331 370 325 311 268 236 270 392 261 317 2 4
;
2229 0 283 44 282 97 285 155 289 235 323 113 240 109 363 154 357 69
201 153 132 190 308 235 331 369 326 311 270 235 271 392 262 316 2 0
;
2230 0 285 44 283 97 286 155 290 235 324 113 243 110 363 154 358 69
201 152 131 187 309 235 331 369 327 310 271 235 271 393 263 316 2 0
;
2231 0 287 45 286 97 289 155 293 234 327 113 246 110 364 154 360 70
203 151 131 179 312 234 331 368 328 309 275 235 271 392 265 315 2 4
;
2232 0 290 45 289 98 292 155 297 234 331 113 249 111 368 154 362 71
208 150 131 173 316 234 330 368 329 308 278 234 271 392 267 314 2 4
;
2233 0 292 46 291 98 294 155 298 234 332 113 251 111 369 153 364 71
209 150 131 170 317 234 330 368 330 307 280 234 271 392 269 314 2 4
;
2234 0 295 47 294 99 297 155 301 233 335 113 255 112 373 153 367 71
214 149 134 164 320 233 330 369 332 307 283 233 272 392 272 315 2 4
;
2235 0 297 47 296 99 299 155 303 233 337 113 256 112 374 152 368 71
213 149 134 162 322 233 330 368 332 306 284 233 272 392 273 316 2 4
;
2236 0 300 48 300 100 302 155 306 233 341 113 260 113 377 152 371 71
214 148 135 158 325 233 330 369 334 306 287 233 272 392 276 317 2 0
;
2237 0 302 49 301 100 304 156 307 233 342 113 262 114 379 152 372 71
215 147 136 156 326 233 330 370 335 306 288 233 273 392 277 317 2 0
;
2238 0 305 50 305 101 307 156 310 233 345 114 265 114 382 152 375 72
218 145 139 152 328 233 329 371 336 307 291 232 274 392 280 317 2 2
;
2239 0 307 50 306 101 308 156 311 233 347 114 267 115 383 152 376 73
221 144 142 150 330 233 328 370 336 307 292 232 274 392 281 316 2 2
;
2240 0 310 52 309 102 311 157 313 233 350 116 270 116 385 153 378 75
227 144 150 146 332 233 327 370 338 308 295 232 274 393 283 316 2 2
;
2241 0 312 52 311 103 312 157 314 233 351 116 272 116 386 154 380 76
230 146 155 144 333 233 326 371 338 308 296 232 274 394 284 316 2 2
;
2242 0 315 54 314 104 315 158 317 233 354 117 276 117 387 155 381 78
237 150 167 140 335 233 326 371 340 308 298 233 275 394 286 316 2 2
;
2243 0 316 55 315 105 316 158 318 233 355 117 277 118 388 156 382 78
242 152 174 138 336 233 326 372 340 308 299 232 275 394 287 316 2 2
;
2244 0 319 56 318 106 319 159 320 233 358 118 280 119 390 156 383 80
250 157 186 137 339 233 326 372 341 308 302 232 275 394 289 317 2 2
;
2245 0 320 57 318 106 319 159 321 233 357 118 280 119 390 157 384 81
254 159 192 137 340 233 326 372 342 308 303 232 275 395 290 317 2 2
;
2246 0 322 58 321 108 322 160 324 233 361 119 284 120 392 159 385 82
263 163 204 138 342 233 326 372 343 308 305 232 275 395 292 317 2 2
;
2247 0 323 59 322 108 323 161 325 233 361 119 285 121 392 159 385 83
266 165 210 139 343 234 326 372 344 308 307 233 275 394 294 317 2 2
;
2248 0 324 60 324 109 325 161 326 233 363 119 287 122 398 152 385 85
267 164 222 142 344 234 326 372 345 309 308 233 275 394 296 317 2 2
;
2249 0 325 60 324 110 325 162 327 233 363 119 287 123 398 152 385 85
269 165 227 143 345 234 326 372 345 309 309 233 275 394 296 317 2 2
;
2250 0 325 61 325 111 326 162 328 233 364 119 288 123 398 152 385 87
278 172 237 144 346 234 327 372 346 309 310 233 275 394 297 316 2 2
;
2251 0 326 61 326 111 327 163 328 233 364 119 289 124 398 152 385 87
280 173 242 145 346 233 327 372 346 308 311 233 275 394 298 316 2 2
;
2252 0 326 62 326 111 327 163 329 233 364 120 290 124 399 152 385 88
280 169 250 144 347 233 327 372 347 308 311 233 275 394 298 316 2 2
;
2253 0 326 62 326 111 327 163 329 233 364 120 290 125 399 152 385 88
280 169 253 144 347 233 327 372 347 308 312 233 275 394 298 316 2 2
;
2254 0 326 62 326 111 327 163 329 233 364 120 290 125 399 152 384 88
280 169 257 143 347 233 327 372 347 307 312 233 275 393 298 316 2 2
;
2255 0 326 62 326 111 327 163 329 233 364 120 290 125 399 152 384 88
280 169 258 143 347 233 327 372 347 307 312 233 275 394 298 316 2 2
;
2256 0 326 63 326 111 327 163 329 233 364 120 290 124 398 152 383 87
280 169 255 144 347 233 327 372 347 307 312 233 275 394 298 315 2 2
;
2257 0 326 63 326 111 327 163 329 233 364 120 290 125 398 152 383 87
279 169 252 144 347 233 327 372 347 307 312 233 275 394 298 315 2 2
;
2258 0 326 63 325 111 327 163 329 233 364 120 290 124 398 152 383 87
276 168 244 143 346 233 327 372 347 307 311 233 275 393 298 315 2 2
;
2259 0 326 63 325 111 326 163 328 233 364 120 290 124 398 152 383 88
274 167 237 141 346 233 327 372 347 307 311 233 275 393 298 315 2 2
;
2260 0 325 62 324 110 326 162 327 233 363 119 289 124 398 152 383 87
268 165 226 139 345 233 327 372 346 307 310 232 275 393 297 315 2 2
;
2261 0 325 62 324 110 325 162 326 232 363 119 288 123 397 152 383 87
264 168 218 138 344 233 327 371 346 307 309 232 275 393 296 315 2 2
;
2262 0 324 61 323 109 324 162 324 232 362 119 286 122 396 152 382 85
259 167 205 135 342 233 326 371 345 307 307 232 275 394 294 315 2 2
;
2263 0 323 60 322 109 322 161 323 232 362 119 285 121 395 152 381 85
256 165 199 134 341 233 326 371 344 306 305 232 275 394 293 315 2 2
;
2264 0 321 58 320 108 320 160 320 232 360 118 282 120 393 152 380 84
247 162 186 131 338 233 326 371 341 306 302 231 274 394 289 315 2 2
;
2265 0 321 58 318 107 318 160 318 232 359 118 281 119 392 152 379 83
247 162 179 130 336 233 326 371 340 306 300 231 274 395 287 314 2 2
;
2266 0 318 56 316 106 315 159 314 232 356 118 277 118 390 151 377 81
239 158 168 128 332 233 326 371 336 307 296 231 273 395 283 313 2 2
;
2267 0 317 56 314 105 313 159 312 232 355 118 276 118 389 151 375 80
237 156 162 127 330 233 326 370 334 307 294 231 273 394 281 313 2 2
;
2268 0 314 54 310 104 309 158 307 232 351 117 271 116 386 150 372 78
229 151 151 127 326 233 326 370 331 306 289 231 272 392 277 312 2 2
;
2269 0 312 53 309 104 307 157 305 232 349 117 269 116 384 151 371 78
226 148 146 127 324 234 326 369 330 306 286 231 272 391 274 312 2 2
;
2270 0 309 52 305 103 303 157 301 233 345 117 264 115 380 151 367 77
218 143 135 129 320 234 326 367 328 306 283 232 272 389 270 311 2 2
;
2271 0 308 52 303 102 301 157 299 233 344 116 262 115 379 151 365 77
216 142 131 131 318 234 326 368 327 306 281 232 272 389 269 311 2 2
;
2272 0 305 50 300 101 298 157 296 234 340 117 258 113 375 152 362 76
209 138 123 136 315 235 327 367 326 307 277 233 271 389 266 312 2 2
;
2273 0 303 50 300 101 298 156 294 234 339 117 258 113 373 153 360 76
206 137 119 138 313 235 327 368 325 308 276 233 271 389 265 312 2 2
;
2274 0 301 49 295 101 294 156 292 235 336 117 253 113 370 153 358 76
202 137 115 142 311 236 328 368 325 309 273 234 270 391 263 313 2 2
;
2275 0 299 49 294 101 293 156 291 235 336 117 253 113 369 154 357 76
201 137 114 143 310 236 328 368 325 310 272 234 270 391 262 313 2 2
;
2276 0 297 48 292 100 291 156 290 235 333 116 250 112 367 154 355 76
201 138 113 145 309 236 329 369 324 310 271 234 270 391 261 314 2 2
;
2277 0 296 48 291 100 290 156 289 235 332 116 249 112 365 154 354 75
201 140 114 145 308 236 329 369 324 311 270 234 270 392 260 315 2 2
;
2278 0 296 47 290 100 289 156 288 235 332 116 248 112 365 153 354 76
201 142 117 145 308 236 329 370 323 311 269 234 270 392 260 315 2 2
;
2279 0 295 47 290 100 289 156 288 235 331 116 248 111 365 153 354 76
202 144 119 144 307 236 329 370 323 312 269 234 270 392 260 315 2 2
;
2280 0 295 47 290 100 289 156 288 235 331 115 248 111 365 153 353 75
204 146 126 140 307 236 330 370 323 312 269 234 270 392 259 315 2 2
;
2281 0 295 47 290 100 289 156 288 235 331 115 248 112 365 152 353 75
206 147 131 137 307 236 330 370 323 312 269 234 270 393 259 315 2 2
;
2282 0 295 47 290 100 289 156 288 235 331 115 250 112 366 151 354 75
215 150 142 133 307 236 330 370 323 312 269 234 270 393 259 315 2 2
;
2283 0 295 47 291 100 290 156 288 235 331 115 250 112 366 151 354 75
225 159 150 132 307 236 330 370 323 312 269 234 270 393 260 315 2 2
;
2284 0 295 47 292 100 291 156 290 235 332 115 252 112 368 150 355 75
231 162 163 130 309 235 330 369 325 311 271 234 270 393 261 315 2 2
;
2285 0 296 47 293 100 292 156 292 234 332 115 254 113 369 149 356 75
234 163 170 129 311 235 330 369 326 310 273 234 270 393 262 314 2 2
;
2286 0 298 48 297 101 296 156 295 234 336 113 258 114 371 149 357 76
241 164 182 130 314 234 330 369 328 308 276 233 270 391 265 314 2 2
;
2287 0 300 48 299 101 298 156 298 233 338 113 260 114 373 148 358 76
242 164 188 130 317 234 330 368 330 307 279 233 270 391 267 313 2 2
;
2288 0 302 49 302 101 302 156 302 232 340 112 262 115 376 147 360 77
248 162 199 130 322 233 330 368 333 306 284 232 271 392 272 313 2 2
;
2289 0 305 50 307 103 307 157 308 232 344 112 267 116 380 147 363 78
253 162 211 132 327 232 330 367 337 304 289 232 272 391 276 313 2 2
;
2290 0 307 51 308 103 309 157 310 232 346 112 270 117 382 147 364 78
258 163 217 134 329 232 330 368 339 304 291 232 273 392 279 314 2 2
;
2291 0 310 53 312 105 313 158 315 232 350 113 273 118 386 147 368 82
260 164 228 137 334 232 330 369 342 305 296 232 273 392 283 315 2 2
;
2292 0 312 54 314 105 315 159 317 232 351 114 276 119 388 148 370 82
268 166 233 140 336 232 330 370 344 306 298 233 274 393 285 316 2 2
;
2293 0 314 55 317 107 319 160 321 233 354 115 280 121 391 148 372 84
272 167 244 145 340 232 330 372 346 307 303 233 274 394 291 318 2 2
;
2294 0 316 56 319 108 320 160 322 233 355 115 282 122 392 148 373 85
272 167 249 147 341 233 330 373 347 307 304 234 274 394 293 318 2 2
;
2295 0 318 58 321 109 323 161 325 234 358 116 285 123 395 148 375 87
280 169 259 151 344 233 329 374 349 308 307 234 274 393 296 318 2 2
;
2296 0 319 59 321 109 323 162 327 234 358 116 286 123 396 148 376 87
283 170 264 152 345 234 329 374 350 308 309 234 274 393 297 319 2 2
;
2297 0 320 60 324 110 326 163 329 234 360 117 289 124 398 149 377 89
287 171 272 155 348 234 329 374 351 308 312 234 275 393 298 318 2 2
;
2298 0 321 61 325 111 327 163 330 234 361 118 289 124 399 149 378 90
287 173 276 155 348 234 329 374 352 308 313 234 275 393 299 319 2 2
;
2299 0 322 61 326 111 328 163 331 234 361 118 290 124 399 149 378 91
288 174 280 156 349 234 329 374 352 308 314 234 275 393 299 319 2 2
;
2300 0 323 62 327 112 329 164 333 234 362 119 291 124 400 149 379 91
288 177 285 159 351 234 329 374 353 308 315 234 275 393 301 319 2 2
;
2301 0 324 63 328 113 330 164 334 234 363 120 292 125 401 150 379 93
287 178 288 162 352 234 329 374 354 309 316 234 276 394 302 319 2 2
;
2302 0 324 63 328 113 330 164 334 234 363 120 292 125 401 150 379 93
287 179 287 163 352 234 329 374 354 309 317 235 276 393 302 319 2 2
;
2303 0 325 63 328 113 331 164 335 234 363 120 292 126 401 150 379 94
287 181 285 167 352 234 329 374 354 309 317 235 276 393 302 319 2 2
;
2304 0 325 63 329 113 331 164 335 235 363 120 292 126 402 150 379 94
286 182 283 169 353 234 329 374 354 309 317 235 276 393 303 319 2 2
;
2305 0 325 64 329 113 331 164 335 235 363 120 293 126 402 150 380 94
294 171 277 172 353 234 329 373 354 309 317 235 276 393 303 319 2 2
;
2306 0 326 64 329 113 331 164 335 235 363 120 293 126 402 150 380 94
282 170 273 174 353 234 329 373 354 309 317 235 276 393 303 318 2 2
;
2307 0 326 64 329 113 331 164 335 235 364 120 292 126 402 150 380 93
280 170 263 174 353 234 329 373 353 309 317 235 276 393 302 318 2 2
;
2308 0 326 63 329 113 331 164 334 235 364 120 291 126 402 150 380 93
277 169 256 173 352 234 328 374 353 309 317 235 276 393 302 318 2 2
;
2309 0 326 63 328 113 330 164 333 235 364 120 291 126 402 150 380 93
273 168 244 171 351 234 328 374 353 308 315 235 276 393 301 318 2 2
;
2310 0 326 63 328 113 330 164 333 235 364 120 291 126 402 150 379 91
271 167 237 169 351 234 328 374 352 308 315 235 276 393 301 317 2 2
;
2311 0 325 62 327 111 329 163 331 234 363 119 290 125 401 149 378 89
263 171 225 165 349 234 328 374 351 308 313 234 276 393 300 317 2 2
;
2312 0 325 61 326 111 328 163 330 234 363 119 289 124 401 149 377 89
259 170 218 162 348 234 328 374 350 308 312 234 276 393 299 317 2 2
;
2313 0 323 59 324 109 325 162 327 234 361 118 287 123 399 149 376 88
255 158 207 157 346 234 328 373 349 308 309 234 276 393 297 317 2 2
;
2314 0 322 59 323 108 324 161 326 233 360 117 285 123 398 148 375 88
253 157 201 154 344 233 328 373 348 307 307 233 276 394 295 317 2 2
;
2315 0 320 57 321 107 321 160 323 233 358 116 282 121 395 148 372 86
248 153 191 149 342 233 328 373 346 306 304 233 276 394 292 317 2 2
;
2316 0 319 56 319 106 320 159 321 232 356 116 280 120 394 147 371 85
245 152 186 146 340 232 328 373 345 306 303 232 276 395 290 317 2 2
;
2317 0 316 54 316 105 317 158 318 232 354 115 276 118 391 147 367 82
239 147 176 141 337 232 328 372 343 305 299 232 276 395 287 315 2 2
;
2318 0 314 53 314 104 314 157 316 231 352 114 274 117 389 147 366 81
237 148 171 138 335 231 328 371 341 305 297 231 276 395 286 314 2 2
;
2319 0 313 53 312 103 313 157 314 231 350 114 271 117 387 147 364 81
233 146 165 137 333 231 329 370 340 304 295 231 275 394 285 314 2 2
;
2320 0 309 51 308 102 308 156 310 231 347 113 267 115 383 147 361 79
227 142 155 133 329 231 329 368 337 303 291 231 275 393 281 315 2 2
;
2321 0 305 50 304 101 305 156 306 231 342 112 262 115 379 146 357 77
220 139 145 131 325 231 329 366 334 303 287 231 274 392 278 316 2 4
;
2322 0 303 50 302 101 303 156 304 231 341 112 259 115 377 147 356 78
210 145 139 129 323 231 329 366 333 304 285 231 273 392 276 316 2 4
;
2323 0 299 49 298 101 299 156 300 232 338 113 255 114 373 148 353 78
212 143 130 130 319 232 330 366 332 305 281 232 273 392 271 314 2 2
;
2324 0 298 48 299 101 299 156 298 232 337 113 253 114 371 149 352 78
206 136 127 132 317 232 330 366 331 306 279 232 273 392 269 313 2 2
;
2325 0 295 48 293 101 294 156 295 233 334 113 250 113 367 150 349 77
202 135 120 134 314 233 332 368 330 309 276 232 272 391 266 313 2 2
;
2326 0 294 48 292 101 293 156 294 233 332 113 249 113 365 150 348 78
200 135 117 136 313 233 333 369 329 309 275 232 272 391 265 312 2 2
;
2327 0 292 47 290 100 290 156 291 233 330 113 247 113 362 151 346 79
198 135 114 139 311 234 335 371 327 310 272 233 272 391 264 312 2 2
;
2328 0 292 47 289 100 289 156 290 233 329 113 246 112 361 151 346 80
197 135 113 141 309 234 336 372 326 311 271 233 272 391 263 313 2 2
;
2329 0 291 47 288 100 288 156 288 234 328 114 245 112 358 153 347 83
196 135 112 143 308 234 336 373 323 312 269 233 271 391 262 313 2 2
;
2330 0 290 47 287 100 287 156 288 234 327 114 244 112 357 155 349 87
196 136 112 144 307 234 335 373 322 312 268 233 271 389 262 313 2 2
;
2331 0 290 47 286 100 286 156 287 234 326 113 244 112 352 157 353 97
196 137 113 145 306 234 334 373 321 313 267 234 270 390 261 314 2 2
;
2332 0 290 47 286 100 286 156 286 234 326 113 244 112 348 159 355 103
196 138 114 145 305 234 333 373 320 313 267 234 270 390 261 314 2 2
;
2333 0 290 47 286 100 286 156 286 234 326 113 244 112 344 161 360 118
198 140 116 146 305 234 332 373 320 314 267 234 270 390 260 315 2 2
;
2334 0 290 47 286 100 286 156 286 234 326 113 244 112 344 161 362 126
198 141 118 146 305 234 332 373 320 314 267 234 270 390 260 315 2 2
;
2335 0 290 47 287 100 286 156 286 234 327 113 245 112 343 161 366 141
200 142 120 146 305 234 332 373 321 314 267 233 270 390 260 315 2 2
;
2336 0 291 47 287 100 287 156 286 234 328 113 246 112 343 162 368 149
201 142 122 146 306 234 332 373 321 314 267 233 270 390 260 315 2 2
;
2337 0 293 48 289 100 289 156 288 234 330 114 248 113 346 162 371 161
204 143 127 145 307 234 332 373 324 313 269 233 271 391 261 315 2 2
;
2338 0 294 48 290 101 290 156 289 233 331 114 249 113 348 161 372 167
206 143 129 144 308 234 332 371 326 313 271 233 271 391 261 314 2 2
;
2339 0 297 49 293 102 293 157 292 233 334 114 253 114 351 168 377 175
211 144 135 141 311 234 332 370 329 313 274 233 272 392 263 314 2 2
;
2340 0 298 50 295 102 294 157 294 233 336 115 255 114 354 168 379 178
214 145 139 140 312 234 333 370 330 312 275 233 272 391 264 313 2 2
;
2341 0 301 51 299 103 298 157 297 233 340 115 259 116 358 166 384 185
220 146 148 136 316 234 332 369 332 311 279 233 272 389 266 312 2 2
;
2342 0 303 51 301 103 300 157 299 233 342 114 262 116 361 166 387 188
224 147 153 135 318 233 332 369 332 310 281 232 272 389 268 313 2 2
;
2343 0 307 52 306 104 305 158 304 232 346 114 267 117 367 164 391 193
231 149 164 132 323 233 331 369 334 308 286 232 272 389 273 313 2 2
;
2344 0 309 53 308 105 307 158 307 232 348 115 269 118 369 160 393 194
234 150 170 130 325 233 331 369 336 308 289 232 273 391 275 313 2 2
;
2345 0 312 55 312 106 312 159 312 232 352 115 274 119 374 159 398 192
242 154 182 130 330 232 330 369 339 307 294 232 274 392 280 314 0 2
;
2346 0 314 56 314 107 314 159 314 232 354 116 276 120 376 159 400 190
246 156 189 132 333 232 330 370 340 307 296 232 275 393 282 314 0 2
;
2347 0 318 57 318 108 318 160 319 232 357 116 280 121 383 161 403 182
254 160 204 137 337 232 331 370 343 307 301 232 275 393 287 316 0 2
;
2348 0 319 58 320 108 320 160 320 232 359 117 282 122 384 161 404 177
257 160 211 140 339 232 331 370 344 307 303 232 275 393 289 317 2 2
;
2349 0 323 59 323 109 323 161 324 232 362 117 285 122 388 158 406 166
264 163 227 146 342 233 331 371 347 307 306 232 275 394 294 317 2 2
;
2350 0 324 60 324 110 325 162 325 233 363 118 287 122 388 158 407 160
268 164 234 149 344 233 331 371 348 307 308 233 275 394 295 317 2 2
;
2351 0 326 62 326 111 327 162 328 233 364 119 289 123 390 159 406 148
275 166 247 155 346 233 331 372 350 308 311 233 275 393 297 316 2 2
;
2352 0 327 62 327 111 328 163 329 233 365 119 290 123 391 159 406 143
279 167 253 157 347 233 331 372 351 308 312 233 275 393 298 316 2 2
;
2353 0 328 63 328 112 329 163 331 233 366 120 292 124 393 158 405 131
285 169 265 161 348 233 331 372 351 308 313 233 275 393 299 316 2 2
;
2354 0 328 64 329 113 330 163 331 233 366 120 293 124 395 157 404 127
293 169 271 163 349 233 331 372 351 308 314 233 276 393 299 316 2 2
;
2355 0 329 64 330 113 331 164 332 233 366 121 294 125 398 154 403 119
287 179 282 166 350 233 331 372 351 308 315 233 276 393 300 316 2 0
;
2356 0 329 65 330 113 331 164 333 233 366 121 294 125 399 152 402 114
289 179 288 167 350 233 331 371 351 308 316 233 276 393 300 316 2 0
;
2357 0 330 65 330 113 332 164 333 233 367 121 294 125 401 149 400 107
278 167 296 171 351 233 331 371 351 308 316 233 276 393 301 315 2 0
;
2358 0 330 65 330 113 332 164 334 233 367 121 294 125 403 148 399 102
277 166 299 173 351 233 331 371 352 308 317 233 276 393 301 315 2 0
;
2359 0 330 65 331 113 332 164 334 233 368 121 294 125 404 146 396 95
279 167 308 179 351 233 331 371 352 307 317 233 276 394 302 315 2 0
;
2360 0 330 65 331 113 332 164 334 233 368 121 294 126 405 145 395 93
280 168 310 180 351 233 331 371 352 307 317 232 276 393 302 314 2 0
;
2361 0 330 65 331 114 332 164 334 233 368 121 295 126 406 141 391 87
280 168 309 183 351 233 331 371 352 307 317 232 276 392 302 314 2 3
;
2362 0 330 65 331 114 332 164 334 233 368 121 295 126 407 140 390 85
289 172 297 189 351 233 331 371 352 307 317 232 276 392 302 314 2 3
;
2363 0 330 65 331 113 332 164 334 233 368 121 295 126 408 138 386 80
285 169 298 190 351 233 331 371 352 306 317 232 276 392 302 314 2 3
;
2364 0 330 65 330 113 332 164 334 233 367 120 295 126 408 137 384 79
285 169 297 191 351 233 331 371 352 306 317 232 276 392 302 314 2 3
;
2365 0 330 65 330 113 332 164 334 232 367 120 294 126 409 136 382 76
283 169 294 192 351 232 331 371 352 306 317 232 276 391 301 314 2 0
;
2366 0 330 65 330 113 331 163 334 232 367 120 294 126 409 135 381 75
283 169 293 192 351 232 331 371 352 306 317 232 276 392 301 314 2 3
;
2367 0 329 65 330 113 331 163 333 232 367 120 294 125 409 133 379 73
283 169 291 192 350 232 331 371 352 306 316 232 276 391 301 314 2 3
;
2368 0 329 65 329 112 331 163 332 232 367 119 294 125 409 133 378 72
282 168 290 193 350 232 331 371 352 306 315 232 276 391 300 314 2 3
;
2369 0 328 64 329 112 330 163 331 232 367 119 293 125 409 131 377 71
281 168 288 194 349 232 331 371 351 306 314 232 275 392 299 314 2 0
;
2370 0 327 64 328 112 329 163 330 232 366 119 293 125 409 131 376 70
281 168 286 194 348 232 331 371 351 306 313 232 275 392 298 314 2 3
;
2371 0 325 63 327 111 328 162 328 232 365 118 291 125 408 130 374 69
279 168 283 195 346 232 330 371 349 306 311 232 275 393 297 315 2 2
;
2372 0 324 62 326 110 326 162 327 232 364 117 289 124 407 130 373 68
278 168 281 195 345 232 330 371 349 306 310 232 275 393 296 315 2 2
;
2373 0 322 60 324 109 324 161 325 232 362 116 286 123 403 139 370 66
276 167 276 195 343 232 330 371 347 306 307 232 275 393 294 316 0 0
;
2374 0 319 59 320 107 321 160 322 231 360 115 284 122 401 138 368 64
272 166 270 194 340 231 330 371 345 305 304 231 275 393 292 316 0 2
;
2375 0 317 58 319 107 320 159 321 231 360 115 284 121 400 137 366 63
270 165 268 192 339 231 330 370 344 305 303 231 275 393 291 316 0 2
;
2376 0 314 56 316 106 316 158 318 231 355 113 277 119 394 135 363 62
267 164 261 191 336 231 330 370 342 304 300 231 274 394 288 315 2 2
;
2377 0 312 55 314 105 315 158 316 230 353 112 275 118 395 125 361 61
265 164 258 191 335 230 330 370 341 303 298 231 274 394 286 315 0 2
;
2378 0 310 54 312 104 313 157 314 230 352 112 275 118 392 133 360 60
263 163 253 191 333 230 330 368 340 303 296 230 274 394 285 316 0 2
;
2379 0 306 53 308 103 309 156 310 230 347 110 268 116 391 125 356 58
259 162 245 189 329 230 330 367 338 302 292 230 274 394 281 315 0 2
;
2380 0 305 52 306 102 307 156 308 230 345 110 267 116 387 132 355 57
256 162 243 187 327 230 330 366 336 302 290 230 274 394 279 316 0 2
;
2381 0 301 51 301 101 303 155 304 230 342 109 264 116 385 123 352 55
251 161 235 187 323 230 330 365 334 302 286 230 273 393 275 315 0 2
;
2382 0 299 51 300 101 301 155 302 230 341 109 263 115 384 123 351 55
248 161 231 187 321 230 330 366 332 302 284 230 273 392 273 314 0 2
;
2383 0 295 50 295 100 296 154 297 230 335 108 256 114 378 123 348 54
243 161 221 186 316 230 330 366 330 303 279 230 272 390 270 313 0 2
;
2384 0 292 49 291 100 292 154 294 231 331 109 252 113 376 123 346 54
239 160 209 184 312 231 330 366 327 304 276 231 271 389 267 311 2 2
;
2385 0 290 49 289 100 290 154 292 231 330 109 250 113 371 136 345 55
236 159 204 182 310 231 330 367 326 305 274 231 271 389 265 312 0 2
;
2386 0 287 48 286 99 287 155 289 232 326 109 246 112 369 130 343 56
236 160 189 179 307 232 330 368 324 306 270 232 270 389 262 311 0 2
;
2387 0 285 48 284 99 286 155 287 232 324 110 245 112 368 131 343 57
235 160 183 177 306 232 330 368 323 306 269 232 270 389 261 311 0 2
;
2388 0 283 47 281 99 283 155 284 233 321 111 241 112 364 135 343 60
228 159 170 172 303 233 330 369 322 307 266 233 270 389 259 312 2 2
;
2389 0 282 47 280 99 281 155 283 233 320 111 239 112 361 137 343 62
225 159 164 169 302 233 330 370 321 308 264 233 270 390 259 312 2 2
;
2390 0 280 46 278 98 279 155 281 234 317 113 237 111 357 141 343 66
208 153 152 163 300 234 330 372 319 310 262 234 269 390 257 313 2 2
;
2391 0 279 46 276 98 278 155 280 234 316 113 236 111 355 143 344 68
208 153 147 161 299 234 330 372 318 310 261 234 269 390 257 314 2 2
;
2392 0 278 46 275 98 276 155 278 234 315 113 234 110 351 147 346 72
201 151 137 155 297 234 329 373 316 311 259 234 269 390 256 314 2 2
;
2393 0 277 45 274 98 275 155 277 234 314 114 233 110 350 148 348 74
199 150 132 153 296 234 329 373 315 312 258 234 268 390 255 315 2 2
;
2394 0 277 45 273 98 274 155 276 234 313 114 231 110 349 149 350 79
193 148 123 149 295 234 328 373 313 313 257 234 268 390 254 316 2 2
;
2395 0 277 45 272 98 273 155 275 234 312 114 231 109 347 150 351 80
191 147 119 147 294 234 328 373 312 313 256 234 268 390 254 316 2 2
;
2396 0 276 45 271 98 272 155 274 234 312 114 230 109 346 151 353 83
188 145 114 143 293 234 327 373 311 313 255 234 268 391 253 317 2 2
;
2397 0 276 45 272 98 272 155 273 234 313 113 229 109 345 153 354 83
186 144 111 140 292 234 327 373 310 313 254 234 268 391 253 317 2 2
;
2398 0 276 45 271 97 271 155 272 234 311 114 229 109 344 153 355 84
183 141 107 132 291 234 326 373 310 313 253 234 268 391 252 317 2 2
;
2399 0 276 45 271 97 271 155 272 234 311 114 228 109 343 153 355 84
180 140 104 127 291 234 327 373 310 313 253 234 268 391 251 317 2 2
;
2400 0 276 44 270 97 271 154 271 234 310 114 228 109 343 153 355 84
178 137 101 118 291 234 327 374 310 313 252 234 268 391 251 317 2 2
;
2401 0 276 44 270 97 270 154 271 234 310 114 227 109 343 153 356 84
178 136 102 114 290 234 327 374 310 313 252 234 268 391 251 317 2 2
;
2402 0 275 44 270 97 270 154 271 234 310 114 227 108 343 153 356 83
177 134 103 105 290 234 328 375 310 313 252 234 267 391 250 317 2 2
;
2403 0 275 44 270 97 270 154 271 234 310 114 227 108 343 153 356 83
176 132 105 100 290 234 328 375 310 313 252 234 267 391 250 317 2 2
;
2404 0 275 44 269 97 270 154 271 234 310 113 226 108 343 153 356 83
175 129 110 90 290 234 328 375 310 313 252 234 267 391 250 317 2 0
;
2405 0 275 44 269 97 270 154 271 234 310 113 226 108 343 153 356 83
174 128 113 85 290 234 328 375 310 313 252 234 267 391 250 317 2 0
;
2406 0 275 44 269 97 270 154 271 234 310 113 226 108 343 153 357 83
174 125 122 77 290 234 328 375 310 313 252 234 267 391 250 317 2 0
;
2407 0 275 44 269 97 270 154 271 234 310 113 225 108 343 153 357 84
174 124 126 73 290 234 328 375 310 313 252 234 267 391 250 317 2 0
;
2408 0 276 44 270 97 270 154 271 234 310 113 226 108 343 153 357 85
174 123 131 64 290 234 328 375 310 313 252 234 267 391 250 317 2 2
;
2409 0 276 44 270 97 271 154 271 234 313 113 228 108 344 154 357 85
175 122 134 60 290 234 328 375 310 313 252 234 267 391 250 317 2 2
;
2410 0 277 44 271 97 272 154 272 234 313 113 230 109 344 154 358 86
176 121 140 56 291 234 328 375 311 312 253 233 267 391 251 317 2 2
;
2411 0 278 44 272 97 272 154 273 233 313 113 230 109 345 154 359 87
177 121 143 56 292 234 328 375 312 312 254 233 268 390 251 316 2 2
;
2412 0 279 44 274 97 274 154 274 233 314 113 231 109 346 154 360 88
182 124 147 59 293 233 328 374 313 312 255 233 268 390 252 316 2 2
;
2413 0 281 45 275 98 275 154 275 233 315 114 232 109 347 154 361 88
185 126 149 62 294 233 328 374 314 312 256 233 268 390 252 315 2 2
;
2414 0 283 46 278 98 278 155 277 233 317 114 235 110 349 154 363 89
190 131 152 72 296 233 328 374 316 312 259 233 268 390 253 314 2 2
;
2415 0 285 46 279 99 279 155 279 233 319 114 237 110 350 154 364 90
193 134 153 77 297 233 328 373 317 312 260 232 268 390 254 314 2 2
;
2416 0 287 47 282 99 282 155 281 232 321 114 240 111 352 154 366 91
199 139 155 89 300 233 327 373 319 311 263 232 268 390 256 313 2 2
;
2417 0 289 47 284 100 284 155 283 232 323 114 242 112 353 154 367 92
204 143 156 95 301 232 326 371 320 310 265 232 268 390 257 313 2 2
;
2418 0 292 49 288 100 287 156 286 232 327 114 247 113 356 154 369 93
211 147 160 112 305 232 325 370 321 309 268 232 269 390 259 312 2 2
;
2419 0 294 49 289 101 289 156 288 232 329 114 249 113 358 155 370 94
218 151 162 120 307 232 324 370 322 308 270 232 269 390 260 312 2 2
;
2420 0 297 50 293 102 293 156 292 232 331 114 253 114 360 154 373 100
226 154 169 133 311 232 324 370 324 307 274 232 270 388 263 311 2 2
;
2421 0 299 51 296 102 295 157 295 232 336 114 257 114 362 156 375 103
228 155 172 138 313 232 324 369 325 306 277 231 270 388 265 311 2 2
;
2422 0 303 52 300 103 300 157 300 231 339 114 261 116 364 156 380 115
234 157 179 143 318 232 324 370 328 305 282 231 270 389 269 312 2 2
;
2423 0 304 53 302 104 302 157 302 231 341 114 264 116 365 157 382 122
238 159 183 144 321 232 324 371 330 304 285 231 271 390 271 312 2 2
;
2424 0 308 55 306 105 307 158 307 231 345 115 268 118 366 159 388 137
243 159 190 145 325 231 324 371 333 305 289 231 272 391 276 313 2 2
;
2425 0 312 56 310 106 311 159 312 231 349 116 272 119 368 160 391 153
247 160 196 143 330 231 324 371 335 305 294 231 273 392 280 314 2 2
;
2426 0 314 57 312 107 313 160 314 232 351 116 274 120 370 160 393 160
249 159 198 143 332 232 324 371 337 305 296 231 273 393 283 315 2 2
;
2427 0 317 58 315 108 316 160 318 232 354 117 278 121 374 164 395 172
252 159 203 141 336 232 324 371 340 305 300 232 273 394 287 315 2 2
;
2428 0 318 59 317 108 317 161 319 232 355 118 279 121 376 164 397 178
253 159 206 139 337 232 324 371 341 305 301 232 273 394 289 315 2 2
;
2429 0 321 60 319 109 320 161 321 232 357 118 282 122 378 164 399 185
255 159 209 137 339 232 324 371 342 305 304 232 273 395 291 315 2 2
;
2430 0 322 61 320 110 321 161 322 232 358 119 283 122 379 164 399 188
256 159 211 135 340 232 324 372 343 306 305 232 274 394 292 314 0 2
;
2431 0 323 62 322 110 322 162 324 232 359 120 285 123 381 164 400 190
257 159 214 133 341 232 325 372 343 306 306 232 274 394 293 314 2 2
;
2432 0 324 62 322 111 323 162 324 232 360 120 285 123 383 163 400 189
257 159 216 132 342 232 325 372 343 306 307 232 274 394 294 314 2 2
;
2433 0 325 63 323 111 324 163 326 232 361 120 287 124 387 160 401 183
259 159 217 133 343 232 325 372 344 306 308 232 274 394 295 314 0 2
;
2434 0 325 63 324 112 325 163 326 232 361 120 287 124 389 158 403 177
259 159 218 134 344 232 326 371 344 306 309 232 274 394 295 314 0 2
;
2435 0 326 64 324 112 325 163 327 232 362 121 288 125 395 154 402 163
259 169 217 138 345 232 325 372 345 306 310 232 274 394 296 314 0 2
;
2436 0 327 64 325 112 326 163 327 232 363 121 288 125 394 155 401 154
259 169 217 141 345 232 326 371 345 306 310 232 274 394 296 314 0 2
;
2437 0 327 64 326 112 327 163 328 232 363 121 289 125 396 154 401 135
259 169 216 147 346 232 326 370 346 306 311 232 274 392 297 313 0 2
;
2438 0 328 64 326 112 327 163 329 232 364 121 290 125 409 147 399 126
261 169 216 151 346 232 326 370 346 306 311 232 275 393 297 313 0 2
;
2439 0 328 65 326 112 327 163 329 232 364 121 290 125 410 146 400 110
264 168 217 160 347 231 326 370 346 306 312 232 275 393 298 313 0 2
;
2440 0 329 65 327 112 328 163 330 231 365 121 291 124 410 145 400 104
264 167 217 166 347 231 326 370 346 306 313 231 275 393 298 313 0 2
;
2441 0 329 64 327 112 328 163 330 231 365 121 291 124 411 144 398 90
267 167 221 177 347 231 326 371 347 306 313 231 276 393 298 313 2 2
;
2442 0 329 64 327 112 328 163 330 231 366 121 291 124 410 143 396 85
268 167 224 181 347 232 326 371 347 307 313 231 276 393 299 313 2 2
;
2443 0 329 64 327 112 328 163 330 232 366 121 292 124 403 148 393 83
272 168 230 185 347 232 326 371 347 307 313 231 276 392 299 313 2 2
;
2444 0 329 64 327 112 328 163 330 232 366 121 292 124 401 150 392 85
274 169 234 183 347 232 326 371 347 307 313 232 276 393 299 313 2 2
;
2445 0 329 64 327 112 328 163 330 232 364 121 292 124 400 149 392 96
277 170 240 175 347 232 326 371 347 307 313 232 276 393 299 313 2 2
;
2446 0 329 64 327 112 328 163 330 232 363 121 291 124 397 152 392 104
278 170 242 168 347 232 325 371 347 307 313 232 275 393 299 314 2 2
;
2447 0 328 63 326 111 327 162 329 232 363 121 291 124 391 155 393 123
276 173 241 153 347 233 325 372 347 308 312 232 275 392 298 315 2 2
;
2448 0 327 63 326 111 327 162 329 232 362 120 290 124 387 158 393 133
271 165 239 145 346 232 325 372 346 308 311 232 275 392 298 315 2 2
;
2449 0 326 62 325 110 326 162 328 232 362 119 288 123 385 170 392 153
267 171 235 131 345 232 325 372 346 308 310 232 275 392 296 316 2 2
;
2450 0 325 62 324 110 325 162 327 232 361 119 287 123 386 159 392 159
265 170 232 126 345 232 325 372 346 308 309 232 275 392 296 316 2 2
;
2451 0 323 61 322 109 323 161 325 232 360 118 285 122 387 157 389 163
261 169 227 123 343 232 325 373 345 308 307 232 275 393 294 317 0 2
;
2452 0 322 60 321 109 322 161 324 232 359 118 284 122 387 156 386 159
260 169 223 126 342 232 325 373 344 308 306 232 275 393 293 317 0 2
;
2453 0 320 59 319 107 319 160 321 232 357 117 281 120 384 155 384 145
258 165 216 139 339 232 325 372 343 308 303 232 275 394 290 317 0 2
;
2454 0 319 58 317 107 318 159 319 231 356 117 279 120 384 155 384 135
258 165 214 147 337 231 325 372 342 307 301 231 275 395 288 317 0 2
;
2455 0 316 56 314 105 315 158 315 231 353 116 276 118 390 152 382 115
256 163 211 162 333 231 325 372 339 307 297 231 274 393 285 316 2 2
;
2456 0 315 55 313 105 313 158 313 231 351 116 274 117 390 152 381 107
255 163 209 166 331 231 325 371 337 306 295 230 274 393 283 316 2 2
;
2457 0 312 54 309 104 309 157 308 231 349 115 271 116 384 147 378 92
252 162 204 167 326 231 325 371 334 305 290 230 274 391 279 316 2 2
;
2458 0 310 53 307 103 306 157 306 231 347 115 269 116 382 147 375 89
251 162 200 164 324 231 325 370 332 305 288 230 273 391 277 315 2 2
;
2459 0 305 52 303 103 302 156 301 231 342 115 264 115 376 149 371 95
246 163 190 155 319 231 325 368 329 305 283 230 273 389 272 313 2 2
;
2460 0 303 52 301 102 300 156 299 231 339 114 262 115 370 152 369 103
242 164 185 150 317 231 325 367 328 306 281 230 272 388 270 313 2 2
;
2461 0 299 51 297 102 296 156 295 231 335 114 257 115 360 155 368 124
236 164 177 141 314 232 325 367 327 307 277 231 271 387 267 312 2 2
;
2462 0 297 51 295 102 294 156 294 231 335 114 255 115 354 159 366 137
232 164 173 139 312 232 326 368 326 308 276 231 271 387 265 312 2 2
;
2463 0 293 50 291 101 291 156 290 232 330 113 251 115 354 157 363 158
228 164 167 138 309 232 327 369 325 309 272 232 271 387 263 312 0 2
;
2464 0 292 50 290 101 289 156 289 232 329 113 249 114 357 154 361 165
225 164 165 140 307 232 328 370 324 310 271 232 270 388 262 312 0 2
;
2465 0 288 49 286 101 286 156 286 232 326 113 247 114 354 154 355 165
221 163 161 148 305 232 329 371 323 311 268 232 270 388 260 312 0 2
;
2466 0 287 49 285 101 285 156 285 232 325 113 247 114 352 155 355 161
221 163 160 153 303 232 329 371 322 311 267 232 270 388 259 312 0 2
;
2467 0 285 48 283 100 283 155 283 232 323 112 242 113 348 156 355 142
220 162 159 161 301 232 330 371 319 311 264 232 270 388 258 313 2 2
;
2468 0 284 48 282 100 282 155 282 232 322 112 241 113 351 153 354 128
219 162 159 164 300 232 330 372 318 311 263 232 270 388 257 313 2 2
;
2469 0 283 48 280 100 280 155 281 232 321 112 239 112 362 148 352 105
219 162 160 165 299 232 330 373 317 310 262 232 270 388 257 313 0 2
;
2470 0 282 47 280 100 280 155 280 231 320 112 239 112 362 147 352 96
219 162 160 165 299 231 330 373 316 310 261 231 270 388 257 313 0 2
;
2471 0 281 47 279 99 279 155 279 231 320 112 238 112 358 142 350 81
218 161 159 162 298 231 329 374 315 310 261 231 269 388 256 313 2 2
;
2472 0 281 47 278 99 279 155 279 231 319 112 238 112 353 148 349 80
218 161 159 161 298 231 329 374 315 310 260 231 269 388 256 313 2 2
;
2473 0 281 47 278 99 278 155 279 231 319 112 238 112 352 148 350 91
218 161 159 156 297 232 329 374 315 310 260 231 269 389 256 314 2 2
;
2474 0 281 47 278 99 278 155 278 232 319 112 238 112 349 150 351 104
218 161 159 155 297 232 329 374 315 310 260 232 269 389 256 314 2 2
;
2475 0 281 47 278 99 278 155 278 232 318 111 238 112 337 159 356 134
218 162 160 152 297 232 329 373 315 310 260 232 269 388 256 314 2 2
;
2476 0 281 47 278 99 278 155 279 232 318 111 238 112 340 157 359 152
218 162 161 150 297 232 330 373 316 310 260 232 269 389 256 314 2 2
;
2477 0 281 47 279 100 279 155 280 232 319 112 238 112 346 154 360 179
218 162 162 149 298 232 330 373 318 310 261 232 269 388 256 314 2 2
;
2478 0 281 47 279 100 280 155 280 232 319 112 239 113 348 153 357 185
219 162 163 148 299 232 330 373 318 310 262 232 269 388 256 313 0 2
;
2479 0 283 48 281 100 282 155 282 232 322 112 241 113 353 151 357 183
223 164 166 147 301 232 329 373 320 311 264 232 269 388 257 313 2 2
;
2480 0 285 49 284 101 284 156 285 232 324 112 244 113 356 151 363 169
223 163 169 146 303 232 327 372 322 310 267 232 269 388 259 312 0 2
;
2481 0 287 49 286 101 286 156 286 231 325 112 245 114 357 152 366 157
224 164 171 146 305 231 326 371 323 310 269 231 269 388 259 312 0 2
;
2482 0 291 50 289 101 289 156 290 231 329 112 249 114 360 151 369 130
228 163 176 146 308 231 326 370 324 308 272 231 270 388 262 312 2 2
;
2483 0 293 50 291 102 291 156 292 231 330 113 251 114 362 151 370 118
229 163 178 146 310 231 326 370 325 307 274 231 270 388 263 312 0 2
;
2484 0 295 50 293 102 293 156 294 231 332 113 254 115 367 148 373 110
232 163 181 146 312 231 326 370 326 306 276 231 270 388 264 312 0 2
;
2485 0 299 51 297 102 297 157 297 231 336 113 258 115 370 149 376 99
236 163 186 146 315 231 326 370 327 305 280 231 270 388 267 312 2 2
;
2486 0 301 52 299 103 299 157 299 231 338 114 260 115 370 149 376 102
238 163 189 147 317 231 326 370 328 305 281 231 271 388 269 313 2 2
;
2487 0 305 53 303 104 303 158 303 231 342 114 264 117 370 152 379 121
243 164 194 148 321 231 326 370 331 304 286 231 272 389 273 313 2 2
;
2488 0 308 55 307 105 307 159 308 231 345 115 269 118 371 162 382 146
246 164 200 149 326 231 326 370 334 304 290 231 273 390 277 314 2 2
;
2489 0 310 56 309 106 309 159 310 231 347 115 269 118 379 152 380 156
247 164 201 149 328 231 326 370 336 305 292 231 273 391 279 314 2 2
;
2490 0 314 57 313 107 313 160 313 231 351 115 274 120 390 144 377 161
249 163 202 149 331 231 326 370 338 305 296 231 273 393 282 314 0 2
;
2491 0 315 58 314 107 315 160 315 231 352 116 276 120 387 149 379 161
249 163 201 148 333 231 326 370 339 305 298 231 273 395 285 314 0 2
;
2492 0 318 59 317 108 318 161 318 231 355 117 279 121 392 147 382 153
248 161 196 147 336 231 326 371 341 305 301 231 273 395 288 314 0 2
;
2493 0 320 59 319 109 319 161 320 232 356 118 280 121 395 146 384 147
248 160 194 146 338 232 326 370 342 305 302 232 272 395 290 315 0 2
;
2494 0 323 60 321 110 322 162 323 232 358 118 283 121 405 155 386 131
248 159 193 143 340 232 327 371 344 306 305 232 272 395 292 314 0 2
;
2495 0 324 61 322 110 323 162 324 232 360 119 284 122 405 154 387 123
249 158 196 142 341 232 327 371 344 305 306 232 272 396 293 314 0 2
;
2496 0 326 61 324 111 324 162 325 232 362 120 286 122 406 153 391 111
255 158 208 142 343 232 327 371 345 306 308 232 273 394 294 314 2 2
;
2497 0 328 62 325 111 325 162 326 232 362 120 288 122 406 153 392 106
258 159 217 142 343 232 327 371 345 306 309 232 273 394 294 313 2 2
;
2498 0 329 62 327 111 327 162 327 232 364 121 290 122 401 155 391 101
264 162 234 145 344 232 327 370 346 306 310 231 274 394 295 313 2 2
;
2499 0 330 63 327 111 327 163 327 232 365 121 291 122 400 151 391 103
265 164 241 147 344 232 327 370 346 306 310 231 274 394 295 313 2 2
;
2500 0 331 63 328 112 328 163 328 232 365 122 292 123 400 151 393 113
274 167 253 151 345 232 327 371 346 306 311 231 274 394 296 313 2 2
;
